#   iter=  100   gam= 0.36749324E-02   kpref= 0.64687191E-04
     #   Energy           Spect        Spect(0)            SPKK         SPKK(0)
-0.40817000E+02  0.77639777E-07  0.77639777E-07 -0.36718348E-04 -0.36718348E-04
-0.40726296E+02  0.77942556E-07  0.77942556E-07 -0.36788907E-04 -0.36788907E-04
-0.40635592E+02  0.78247133E-07  0.78247133E-07 -0.36859742E-04 -0.36859742E-04
-0.40544887E+02  0.78553524E-07  0.78553524E-07 -0.36930854E-04 -0.36930854E-04
-0.40454183E+02  0.78861742E-07  0.78861742E-07 -0.37002244E-04 -0.37002244E-04
-0.40363479E+02  0.79171804E-07  0.79171804E-07 -0.37073915E-04 -0.37073915E-04
-0.40272775E+02  0.79483722E-07  0.79483722E-07 -0.37145868E-04 -0.37145868E-04
-0.40182071E+02  0.79797502E-07  0.79797502E-07 -0.37218103E-04 -0.37218103E-04
-0.40091367E+02  0.80113181E-07  0.80113181E-07 -0.37290625E-04 -0.37290625E-04
-0.40000662E+02  0.80430763E-07  0.80430763E-07 -0.37363434E-04 -0.37363434E-04
-0.39909958E+02  0.80750264E-07  0.80750264E-07 -0.37436533E-04 -0.37436533E-04
-0.39819254E+02  0.81071699E-07  0.81071699E-07 -0.37509922E-04 -0.37509922E-04
-0.39728550E+02  0.81395085E-07  0.81395085E-07 -0.37583603E-04 -0.37583603E-04
-0.39637846E+02  0.81720437E-07  0.81720437E-07 -0.37657579E-04 -0.37657579E-04
-0.39547142E+02  0.82047771E-07  0.82047771E-07 -0.37731851E-04 -0.37731851E-04
-0.39456437E+02  0.82377093E-07  0.82377093E-07 -0.37806418E-04 -0.37806418E-04
-0.39365733E+02  0.82708441E-07  0.82708441E-07 -0.37881287E-04 -0.37881287E-04
-0.39275029E+02  0.83041822E-07  0.83041822E-07 -0.37956457E-04 -0.37956457E-04
-0.39184325E+02  0.83377251E-07  0.83377251E-07 -0.38031931E-04 -0.38031931E-04
-0.39093621E+02  0.83714747E-07  0.83714747E-07 -0.38107710E-04 -0.38107710E-04
-0.39002917E+02  0.84054326E-07  0.84054326E-07 -0.38183796E-04 -0.38183796E-04
-0.38912212E+02  0.84396006E-07  0.84396006E-07 -0.38260191E-04 -0.38260191E-04
-0.38821508E+02  0.84739804E-07  0.84739804E-07 -0.38336897E-04 -0.38336897E-04
-0.38730804E+02  0.85085738E-07  0.85085738E-07 -0.38413916E-04 -0.38413916E-04
-0.38640100E+02  0.85433814E-07  0.85433814E-07 -0.38491247E-04 -0.38491247E-04
-0.38549396E+02  0.85784075E-07  0.85784075E-07 -0.38568897E-04 -0.38568897E-04
-0.38458692E+02  0.86136526E-07  0.86136526E-07 -0.38646866E-04 -0.38646866E-04
-0.38367987E+02  0.86491186E-07  0.86491186E-07 -0.38725156E-04 -0.38725156E-04
-0.38277283E+02  0.86848074E-07  0.86848074E-07 -0.38803768E-04 -0.38803768E-04
-0.38186579E+02  0.87207209E-07  0.87207209E-07 -0.38882705E-04 -0.38882705E-04
-0.38095875E+02  0.87568611E-07  0.87568611E-07 -0.38961969E-04 -0.38961969E-04
-0.38005171E+02  0.87932298E-07  0.87932298E-07 -0.39041561E-04 -0.39041561E-04
-0.37914467E+02  0.88298290E-07  0.88298290E-07 -0.39121485E-04 -0.39121485E-04
-0.37823762E+02  0.88666595E-07  0.88666595E-07 -0.39201739E-04 -0.39201739E-04
-0.37733058E+02  0.89037257E-07  0.89037257E-07 -0.39282330E-04 -0.39282330E-04
-0.37642354E+02  0.89410284E-07  0.89410284E-07 -0.39363259E-04 -0.39363259E-04
-0.37551650E+02  0.89785696E-07  0.89785696E-07 -0.39444528E-04 -0.39444528E-04
-0.37460946E+02  0.90163516E-07  0.90163516E-07 -0.39526138E-04 -0.39526138E-04
-0.37370242E+02  0.90543762E-07  0.90543762E-07 -0.39608091E-04 -0.39608091E-04
-0.37279537E+02  0.90926457E-07  0.90926457E-07 -0.39690391E-04 -0.39690391E-04
-0.37188833E+02  0.91311622E-07  0.91311622E-07 -0.39773039E-04 -0.39773039E-04
-0.37098129E+02  0.91699279E-07  0.91699279E-07 -0.39856038E-04 -0.39856038E-04
-0.37007425E+02  0.92089435E-07  0.92089435E-07 -0.39939386E-04 -0.39939386E-04
-0.36916721E+02  0.92482140E-07  0.92482140E-07 -0.40023092E-04 -0.40023092E-04
-0.36826017E+02  0.92877403E-07  0.92877403E-07 -0.40107156E-04 -0.40107156E-04
-0.36735312E+02  0.93275246E-07  0.93275246E-07 -0.40191579E-04 -0.40191579E-04
-0.36644608E+02  0.93675693E-07  0.93675693E-07 -0.40276364E-04 -0.40276364E-04
-0.36553904E+02  0.94078766E-07  0.94078766E-07 -0.40361514E-04 -0.40361514E-04
-0.36463200E+02  0.94484488E-07  0.94484488E-07 -0.40447031E-04 -0.40447031E-04
-0.36372496E+02  0.94892884E-07  0.94892884E-07 -0.40532916E-04 -0.40532916E-04
-0.36281792E+02  0.95303978E-07  0.95303978E-07 -0.40619174E-04 -0.40619174E-04
-0.36191087E+02  0.95717779E-07  0.95717779E-07 -0.40705802E-04 -0.40705802E-04
-0.36100383E+02  0.96134339E-07  0.96134339E-07 -0.40792810E-04 -0.40792810E-04
-0.36009679E+02  0.96553671E-07  0.96553671E-07 -0.40880197E-04 -0.40880197E-04
-0.35918975E+02  0.96975798E-07  0.96975798E-07 -0.40967966E-04 -0.40967966E-04
-0.35828271E+02  0.97400746E-07  0.97400746E-07 -0.41056119E-04 -0.41056119E-04
-0.35737567E+02  0.97828541E-07  0.97828541E-07 -0.41144659E-04 -0.41144659E-04
-0.35646862E+02  0.98259208E-07  0.98259208E-07 -0.41233588E-04 -0.41233588E-04
-0.35556158E+02  0.98692775E-07  0.98692775E-07 -0.41322909E-04 -0.41322909E-04
-0.35465454E+02  0.99129266E-07  0.99129266E-07 -0.41412624E-04 -0.41412624E-04
-0.35374750E+02  0.99568694E-07  0.99568694E-07 -0.41502734E-04 -0.41502734E-04
-0.35284046E+02  0.10001112E-06  0.10001112E-06 -0.41593246E-04 -0.41593246E-04
-0.35193342E+02  0.10045655E-06  0.10045655E-06 -0.41684162E-04 -0.41684162E-04
-0.35102638E+02  0.10090501E-06  0.10090501E-06 -0.41775482E-04 -0.41775482E-04
-0.35011933E+02  0.10135653E-06  0.10135653E-06 -0.41867211E-04 -0.41867211E-04
-0.34921229E+02  0.10181115E-06  0.10181115E-06 -0.41959351E-04 -0.41959351E-04
-0.34830525E+02  0.10226889E-06  0.10226889E-06 -0.42051904E-04 -0.42051904E-04
-0.34739821E+02  0.10272977E-06  0.10272977E-06 -0.42144874E-04 -0.42144874E-04
-0.34649117E+02  0.10319384E-06  0.10319384E-06 -0.42238264E-04 -0.42238264E-04
-0.34558413E+02  0.10366109E-06  0.10366109E-06 -0.42332073E-04 -0.42332073E-04
-0.34467708E+02  0.10413160E-06  0.10413160E-06 -0.42426310E-04 -0.42426310E-04
-0.34377004E+02  0.10460538E-06  0.10460538E-06 -0.42520975E-04 -0.42520975E-04
-0.34286300E+02  0.10508245E-06  0.10508245E-06 -0.42616072E-04 -0.42616072E-04
-0.34195596E+02  0.10556286E-06  0.10556286E-06 -0.42711603E-04 -0.42711603E-04
-0.34104892E+02  0.10604663E-06  0.10604663E-06 -0.42807571E-04 -0.42807571E-04
-0.34014187E+02  0.10653380E-06  0.10653380E-06 -0.42903980E-04 -0.42903980E-04
-0.33923483E+02  0.10702439E-06  0.10702439E-06 -0.43000832E-04 -0.43000832E-04
-0.33832779E+02  0.10751844E-06  0.10751844E-06 -0.43098130E-04 -0.43098130E-04
-0.33742075E+02  0.10801596E-06  0.10801596E-06 -0.43195875E-04 -0.43195875E-04
-0.33651371E+02  0.10851703E-06  0.10851703E-06 -0.43294076E-04 -0.43294076E-04
-0.33560667E+02  0.10902166E-06  0.10902166E-06 -0.43392733E-04 -0.43392733E-04
-0.33469962E+02  0.10952989E-06  0.10952989E-06 -0.43491850E-04 -0.43491850E-04
-0.33379258E+02  0.11004174E-06  0.11004174E-06 -0.43591429E-04 -0.43591429E-04
-0.33288554E+02  0.11055726E-06  0.11055726E-06 -0.43691474E-04 -0.43691474E-04
-0.33197850E+02  0.11107648E-06  0.11107648E-06 -0.43791988E-04 -0.43791988E-04
-0.33107146E+02  0.11159943E-06  0.11159943E-06 -0.43892975E-04 -0.43892975E-04
-0.33016442E+02  0.11212616E-06  0.11212616E-06 -0.43994438E-04 -0.43994438E-04
-0.32925737E+02  0.11265668E-06  0.11265668E-06 -0.44096377E-04 -0.44096377E-04
-0.32835033E+02  0.11319107E-06  0.11319107E-06 -0.44198802E-04 -0.44198802E-04
-0.32744329E+02  0.11372934E-06  0.11372934E-06 -0.44301714E-04 -0.44301714E-04
-0.32653625E+02  0.11427154E-06  0.11427154E-06 -0.44405116E-04 -0.44405116E-04
-0.32562921E+02  0.11481770E-06  0.11481770E-06 -0.44509011E-04 -0.44509011E-04
-0.32472217E+02  0.11536786E-06  0.11536786E-06 -0.44613404E-04 -0.44613404E-04
-0.32381512E+02  0.11592206E-06  0.11592206E-06 -0.44718297E-04 -0.44718297E-04
-0.32290808E+02  0.11648035E-06  0.11648035E-06 -0.44823695E-04 -0.44823695E-04
-0.32200104E+02  0.11704276E-06  0.11704276E-06 -0.44929601E-04 -0.44929601E-04
-0.32109400E+02  0.11760932E-06  0.11760932E-06 -0.45036016E-04 -0.45036016E-04
-0.32018696E+02  0.11818011E-06  0.11818011E-06 -0.45142950E-04 -0.45142950E-04
-0.31927992E+02  0.11875514E-06  0.11875514E-06 -0.45250403E-04 -0.45250403E-04
-0.31837287E+02  0.11933447E-06  0.11933447E-06 -0.45358380E-04 -0.45358380E-04
-0.31746583E+02  0.11991814E-06  0.11991814E-06 -0.45466885E-04 -0.45466885E-04
-0.31655879E+02  0.12050618E-06  0.12050618E-06 -0.45575921E-04 -0.45575921E-04
-0.31565175E+02  0.12109866E-06  0.12109866E-06 -0.45685492E-04 -0.45685492E-04
-0.31474471E+02  0.12169560E-06  0.12169560E-06 -0.45795603E-04 -0.45795603E-04
-0.31383767E+02  0.12229706E-06  0.12229706E-06 -0.45906257E-04 -0.45906257E-04
-0.31293062E+02  0.12290306E-06  0.12290306E-06 -0.46017455E-04 -0.46017455E-04
-0.31202358E+02  0.12351370E-06  0.12351370E-06 -0.46129208E-04 -0.46129208E-04
-0.31111654E+02  0.12412900E-06  0.12412900E-06 -0.46241518E-04 -0.46241518E-04
-0.31020950E+02  0.12474900E-06  0.12474900E-06 -0.46354387E-04 -0.46354387E-04
-0.30930246E+02  0.12537376E-06  0.12537376E-06 -0.46467822E-04 -0.46467822E-04
-0.30839542E+02  0.12600332E-06  0.12600332E-06 -0.46581825E-04 -0.46581825E-04
-0.30748837E+02  0.12663775E-06  0.12663775E-06 -0.46696401E-04 -0.46696401E-04
-0.30658133E+02  0.12727708E-06  0.12727708E-06 -0.46811555E-04 -0.46811555E-04
-0.30567429E+02  0.12792137E-06  0.12792137E-06 -0.46927291E-04 -0.46927291E-04
-0.30476725E+02  0.12857065E-06  0.12857065E-06 -0.47043610E-04 -0.47043610E-04
-0.30386021E+02  0.12922502E-06  0.12922502E-06 -0.47160524E-04 -0.47160524E-04
-0.30295317E+02  0.12988450E-06  0.12988450E-06 -0.47278033E-04 -0.47278033E-04
-0.30204612E+02  0.13054917E-06  0.13054917E-06 -0.47396143E-04 -0.47396143E-04
-0.30113908E+02  0.13121906E-06  0.13121906E-06 -0.47514859E-04 -0.47514859E-04
-0.30023204E+02  0.13189423E-06  0.13189423E-06 -0.47634184E-04 -0.47634184E-04
-0.29932500E+02  0.13257475E-06  0.13257475E-06 -0.47754125E-04 -0.47754125E-04
-0.29841796E+02  0.13326067E-06  0.13326067E-06 -0.47874685E-04 -0.47874685E-04
-0.29751092E+02  0.13395205E-06  0.13395205E-06 -0.47995869E-04 -0.47995869E-04
-0.29660387E+02  0.13464892E-06  0.13464892E-06 -0.48117679E-04 -0.48117679E-04
-0.29569683E+02  0.13535140E-06  0.13535140E-06 -0.48240128E-04 -0.48240128E-04
-0.29478979E+02  0.13605951E-06  0.13605951E-06 -0.48363216E-04 -0.48363216E-04
-0.29388275E+02  0.13677333E-06  0.13677333E-06 -0.48486950E-04 -0.48486950E-04
-0.29297571E+02  0.13749290E-06  0.13749290E-06 -0.48611333E-04 -0.48611333E-04
-0.29206867E+02  0.13821831E-06  0.13821831E-06 -0.48736372E-04 -0.48736372E-04
-0.29116162E+02  0.13894961E-06  0.13894961E-06 -0.48862071E-04 -0.48862071E-04
-0.29025458E+02  0.13968687E-06  0.13968687E-06 -0.48988436E-04 -0.48988436E-04
-0.28934754E+02  0.14043012E-06  0.14043012E-06 -0.49115469E-04 -0.49115469E-04
-0.28844050E+02  0.14117949E-06  0.14117949E-06 -0.49243182E-04 -0.49243182E-04
-0.28753346E+02  0.14193502E-06  0.14193502E-06 -0.49371578E-04 -0.49371578E-04
-0.28662642E+02  0.14269677E-06  0.14269677E-06 -0.49500663E-04 -0.49500663E-04
-0.28571937E+02  0.14346483E-06  0.14346483E-06 -0.49630440E-04 -0.49630440E-04
-0.28481233E+02  0.14423926E-06  0.14423926E-06 -0.49760918E-04 -0.49760918E-04
-0.28390529E+02  0.14502012E-06  0.14502012E-06 -0.49892101E-04 -0.49892101E-04
-0.28299825E+02  0.14580751E-06  0.14580751E-06 -0.50023995E-04 -0.50023995E-04
-0.28209121E+02  0.14660148E-06  0.14660148E-06 -0.50156606E-04 -0.50156606E-04
-0.28118417E+02  0.14740209E-06  0.14740209E-06 -0.50289936E-04 -0.50289936E-04
-0.28027712E+02  0.14820947E-06  0.14820947E-06 -0.50423999E-04 -0.50423999E-04
-0.27937008E+02  0.14902367E-06  0.14902367E-06 -0.50558798E-04 -0.50558798E-04
-0.27846304E+02  0.14984477E-06  0.14984477E-06 -0.50694339E-04 -0.50694339E-04
-0.27755600E+02  0.15067284E-06  0.15067284E-06 -0.50830627E-04 -0.50830627E-04
-0.27664896E+02  0.15150798E-06  0.15150798E-06 -0.50967670E-04 -0.50967670E-04
-0.27574192E+02  0.15235026E-06  0.15235026E-06 -0.51105473E-04 -0.51105473E-04
-0.27483487E+02  0.15319976E-06  0.15319976E-06 -0.51244044E-04 -0.51244044E-04
-0.27392783E+02  0.15405657E-06  0.15405657E-06 -0.51383388E-04 -0.51383388E-04
-0.27302079E+02  0.15492075E-06  0.15492075E-06 -0.51523508E-04 -0.51523508E-04
-0.27211375E+02  0.15579244E-06  0.15579244E-06 -0.51664420E-04 -0.51664420E-04
-0.27120671E+02  0.15667171E-06  0.15667171E-06 -0.51806127E-04 -0.51806127E-04
-0.27029967E+02  0.15755864E-06  0.15755864E-06 -0.51948634E-04 -0.51948634E-04
-0.26939262E+02  0.15845332E-06  0.15845332E-06 -0.52091949E-04 -0.52091949E-04
-0.26848558E+02  0.15935585E-06  0.15935585E-06 -0.52236079E-04 -0.52236079E-04
-0.26757854E+02  0.16026632E-06  0.16026632E-06 -0.52381031E-04 -0.52381031E-04
-0.26667150E+02  0.16118483E-06  0.16118483E-06 -0.52526813E-04 -0.52526813E-04
-0.26576446E+02  0.16211148E-06  0.16211148E-06 -0.52673432E-04 -0.52673432E-04
-0.26485742E+02  0.16304632E-06  0.16304632E-06 -0.52820889E-04 -0.52820889E-04
-0.26395037E+02  0.16398953E-06  0.16398953E-06 -0.52969204E-04 -0.52969204E-04
-0.26304333E+02  0.16494118E-06  0.16494118E-06 -0.53118377E-04 -0.53118377E-04
-0.26213629E+02  0.16590137E-06  0.16590137E-06 -0.53268418E-04 -0.53268418E-04
-0.26122925E+02  0.16687020E-06  0.16687020E-06 -0.53419334E-04 -0.53419334E-04
-0.26032221E+02  0.16784778E-06  0.16784778E-06 -0.53571132E-04 -0.53571132E-04
-0.25941517E+02  0.16883422E-06  0.16883422E-06 -0.53723821E-04 -0.53723821E-04
-0.25850812E+02  0.16982963E-06  0.16982963E-06 -0.53877409E-04 -0.53877409E-04
-0.25760108E+02  0.17083412E-06  0.17083412E-06 -0.54031903E-04 -0.54031903E-04
-0.25669404E+02  0.17184777E-06  0.17184777E-06 -0.54187308E-04 -0.54187308E-04
-0.25578700E+02  0.17287077E-06  0.17287077E-06 -0.54343641E-04 -0.54343641E-04
-0.25487996E+02  0.17390320E-06  0.17390320E-06 -0.54500907E-04 -0.54500907E-04
-0.25397292E+02  0.17494517E-06  0.17494517E-06 -0.54659113E-04 -0.54659113E-04
-0.25306587E+02  0.17599682E-06  0.17599682E-06 -0.54818269E-04 -0.54818269E-04
-0.25215883E+02  0.17705825E-06  0.17705825E-06 -0.54978383E-04 -0.54978383E-04
-0.25125179E+02  0.17812961E-06  0.17812961E-06 -0.55139465E-04 -0.55139465E-04
-0.25034475E+02  0.17921100E-06  0.17921100E-06 -0.55301522E-04 -0.55301522E-04
-0.24943771E+02  0.18030258E-06  0.18030258E-06 -0.55464565E-04 -0.55464565E-04
-0.24853067E+02  0.18140442E-06  0.18140442E-06 -0.55628597E-04 -0.55628597E-04
-0.24762362E+02  0.18251674E-06  0.18251674E-06 -0.55793639E-04 -0.55793639E-04
-0.24671658E+02  0.18363963E-06  0.18363963E-06 -0.55959694E-04 -0.55959694E-04
-0.24580954E+02  0.18477323E-06  0.18477323E-06 -0.56126773E-04 -0.56126773E-04
-0.24490250E+02  0.18591769E-06  0.18591769E-06 -0.56294885E-04 -0.56294885E-04
-0.24399546E+02  0.18707315E-06  0.18707315E-06 -0.56464040E-04 -0.56464040E-04
-0.24308842E+02  0.18823975E-06  0.18823975E-06 -0.56634248E-04 -0.56634248E-04
-0.24218137E+02  0.18941765E-06  0.18941765E-06 -0.56805519E-04 -0.56805519E-04
-0.24127433E+02  0.19060698E-06  0.19060698E-06 -0.56977864E-04 -0.56977864E-04
-0.24036729E+02  0.19180787E-06  0.19180787E-06 -0.57151286E-04 -0.57151286E-04
-0.23946025E+02  0.19302054E-06  0.19302054E-06 -0.57325809E-04 -0.57325809E-04
-0.23855321E+02  0.19424513E-06  0.19424513E-06 -0.57501438E-04 -0.57501438E-04
-0.23764617E+02  0.19548178E-06  0.19548178E-06 -0.57678182E-04 -0.57678182E-04
-0.23673912E+02  0.19673066E-06  0.19673066E-06 -0.57856054E-04 -0.57856054E-04
-0.23583208E+02  0.19799194E-06  0.19799194E-06 -0.58035064E-04 -0.58035064E-04
-0.23492504E+02  0.19926580E-06  0.19926580E-06 -0.58215224E-04 -0.58215224E-04
-0.23401800E+02  0.20055239E-06  0.20055239E-06 -0.58396545E-04 -0.58396545E-04
-0.23311096E+02  0.20185190E-06  0.20185190E-06 -0.58579039E-04 -0.58579039E-04
-0.23220392E+02  0.20316446E-06  0.20316446E-06 -0.58762711E-04 -0.58762711E-04
-0.23129687E+02  0.20449035E-06  0.20449035E-06 -0.58947585E-04 -0.58947585E-04
-0.23038983E+02  0.20582969E-06  0.20582969E-06 -0.59133669E-04 -0.59133669E-04
-0.22948279E+02  0.20718269E-06  0.20718269E-06 -0.59320973E-04 -0.59320973E-04
-0.22857575E+02  0.20854953E-06  0.20854953E-06 -0.59509511E-04 -0.59509511E-04
-0.22766871E+02  0.20993041E-06  0.20993041E-06 -0.59699295E-04 -0.59699295E-04
-0.22676167E+02  0.21132552E-06  0.21132552E-06 -0.59890337E-04 -0.59890337E-04
-0.22585462E+02  0.21273508E-06  0.21273508E-06 -0.60082652E-04 -0.60082652E-04
-0.22494758E+02  0.21415928E-06  0.21415928E-06 -0.60276252E-04 -0.60276252E-04
-0.22404054E+02  0.21559829E-06  0.21559829E-06 -0.60471143E-04 -0.60471143E-04
-0.22313350E+02  0.21705242E-06  0.21705242E-06 -0.60667353E-04 -0.60667353E-04
-0.22222646E+02  0.21852183E-06  0.21852183E-06 -0.60864889E-04 -0.60864889E-04
-0.22131942E+02  0.22000676E-06  0.22000676E-06 -0.61063765E-04 -0.61063765E-04
-0.22041237E+02  0.22150742E-06  0.22150742E-06 -0.61263994E-04 -0.61263994E-04
-0.21950533E+02  0.22302404E-06  0.22302404E-06 -0.61465592E-04 -0.61465592E-04
-0.21859829E+02  0.22455687E-06  0.22455687E-06 -0.61668573E-04 -0.61668573E-04
-0.21769125E+02  0.22610614E-06  0.22610614E-06 -0.61872952E-04 -0.61872952E-04
-0.21678421E+02  0.22767209E-06  0.22767209E-06 -0.62078743E-04 -0.62078743E-04
-0.21587717E+02  0.22925493E-06  0.22925493E-06 -0.62285955E-04 -0.62285955E-04
-0.21497012E+02  0.23085500E-06  0.23085500E-06 -0.62494618E-04 -0.62494618E-04
-0.21406308E+02  0.23247251E-06  0.23247251E-06 -0.62704739E-04 -0.62704739E-04
-0.21315604E+02  0.23410772E-06  0.23410772E-06 -0.62916336E-04 -0.62916336E-04
-0.21224900E+02  0.23576092E-06  0.23576092E-06 -0.63129424E-04 -0.63129424E-04
-0.21134196E+02  0.23743236E-06  0.23743236E-06 -0.63344020E-04 -0.63344020E-04
-0.21043492E+02  0.23912233E-06  0.23912233E-06 -0.63560140E-04 -0.63560140E-04
-0.20952787E+02  0.24083111E-06  0.24083111E-06 -0.63777801E-04 -0.63777801E-04
-0.20862083E+02  0.24255899E-06  0.24255899E-06 -0.63997021E-04 -0.63997021E-04
-0.20771379E+02  0.24430621E-06  0.24430621E-06 -0.64217809E-04 -0.64217809E-04
-0.20680675E+02  0.24607318E-06  0.24607318E-06 -0.64440199E-04 -0.64440199E-04
-0.20589971E+02  0.24786015E-06  0.24786015E-06 -0.64664199E-04 -0.64664199E-04
-0.20499267E+02  0.24966745E-06  0.24966745E-06 -0.64889830E-04 -0.64889830E-04
-0.20408562E+02  0.25149539E-06  0.25149539E-06 -0.65117110E-04 -0.65117110E-04
-0.20317858E+02  0.25334430E-06  0.25334430E-06 -0.65346057E-04 -0.65346057E-04
-0.20227154E+02  0.25521450E-06  0.25521450E-06 -0.65576690E-04 -0.65576690E-04
-0.20136450E+02  0.25710634E-06  0.25710634E-06 -0.65809029E-04 -0.65809029E-04
-0.20045746E+02  0.25902017E-06  0.25902017E-06 -0.66043095E-04 -0.66043095E-04
-0.19955042E+02  0.26095628E-06  0.26095628E-06 -0.66278898E-04 -0.66278898E-04
-0.19864337E+02  0.26291516E-06  0.26291516E-06 -0.66516475E-04 -0.66516475E-04
-0.19773633E+02  0.26489710E-06  0.26489710E-06 -0.66755839E-04 -0.66755839E-04
-0.19682929E+02  0.26690250E-06  0.26690250E-06 -0.66997012E-04 -0.66997012E-04
-0.19592225E+02  0.26893173E-06  0.26893173E-06 -0.67240015E-04 -0.67240015E-04
-0.19501521E+02  0.27098519E-06  0.27098519E-06 -0.67484868E-04 -0.67484868E-04
-0.19410817E+02  0.27306325E-06  0.27306325E-06 -0.67731591E-04 -0.67731591E-04
-0.19320112E+02  0.27516638E-06  0.27516638E-06 -0.67980215E-04 -0.67980215E-04
-0.19229408E+02  0.27729497E-06  0.27729497E-06 -0.68230757E-04 -0.68230757E-04
-0.19138704E+02  0.27944944E-06  0.27944944E-06 -0.68483241E-04 -0.68483241E-04
-0.19048000E+02  0.28163025E-06  0.28163025E-06 -0.68737692E-04 -0.68737692E-04
-0.18957296E+02  0.28383779E-06  0.28383779E-06 -0.68994128E-04 -0.68994128E-04
-0.18866592E+02  0.28607259E-06  0.28607259E-06 -0.69252583E-04 -0.69252583E-04
-0.18775887E+02  0.28833510E-06  0.28833510E-06 -0.69513078E-04 -0.69513078E-04
-0.18685183E+02  0.29062577E-06  0.29062577E-06 -0.69775637E-04 -0.69775637E-04
-0.18594479E+02  0.29294507E-06  0.29294507E-06 -0.70040282E-04 -0.70040282E-04
-0.18503775E+02  0.29529357E-06  0.29529357E-06 -0.70307049E-04 -0.70307049E-04
-0.18413071E+02  0.29767175E-06  0.29767175E-06 -0.70575959E-04 -0.70575959E-04
-0.18322367E+02  0.30008011E-06  0.30008011E-06 -0.70847039E-04 -0.70847039E-04
-0.18231662E+02  0.30251920E-06  0.30251920E-06 -0.71120318E-04 -0.71120318E-04
-0.18140958E+02  0.30498953E-06  0.30498953E-06 -0.71395818E-04 -0.71395818E-04
-0.18050254E+02  0.30749173E-06  0.30749173E-06 -0.71673578E-04 -0.71673578E-04
-0.17959550E+02  0.31002634E-06  0.31002634E-06 -0.71953622E-04 -0.71953622E-04
-0.17868846E+02  0.31259393E-06  0.31259393E-06 -0.72235979E-04 -0.72235979E-04
-0.17778142E+02  0.31519507E-06  0.31519507E-06 -0.72520676E-04 -0.72520676E-04
-0.17687437E+02  0.31783046E-06  0.31783046E-06 -0.72807752E-04 -0.72807752E-04
-0.17596733E+02  0.32050067E-06  0.32050067E-06 -0.73097234E-04 -0.73097234E-04
-0.17506029E+02  0.32320634E-06  0.32320634E-06 -0.73389154E-04 -0.73389154E-04
-0.17415325E+02  0.32594815E-06  0.32594815E-06 -0.73683544E-04 -0.73683544E-04
-0.17324621E+02  0.32872672E-06  0.32872672E-06 -0.73980432E-04 -0.73980432E-04
-0.17233917E+02  0.33154282E-06  0.33154282E-06 -0.74279863E-04 -0.74279863E-04
-0.17143212E+02  0.33439711E-06  0.33439711E-06 -0.74581864E-04 -0.74581864E-04
-0.17052508E+02  0.33729032E-06  0.33729032E-06 -0.74886472E-04 -0.74886472E-04
-0.16961804E+02  0.34022315E-06  0.34022315E-06 -0.75193717E-04 -0.75193717E-04
-0.16871100E+02  0.34319645E-06  0.34319645E-06 -0.75503645E-04 -0.75503645E-04
-0.16780396E+02  0.34621095E-06  0.34621095E-06 -0.75816289E-04 -0.75816289E-04
-0.16689692E+02  0.34926745E-06  0.34926745E-06 -0.76131685E-04 -0.76131685E-04
-0.16598987E+02  0.35236671E-06  0.35236671E-06 -0.76449867E-04 -0.76449867E-04
-0.16508283E+02  0.35550968E-06  0.35550968E-06 -0.76770886E-04 -0.76770886E-04
-0.16417579E+02  0.35869717E-06  0.35869717E-06 -0.77094775E-04 -0.77094775E-04
-0.16326875E+02  0.36193005E-06  0.36193005E-06 -0.77421575E-04 -0.77421575E-04
-0.16236171E+02  0.36520924E-06  0.36520924E-06 -0.77751328E-04 -0.77751328E-04
-0.16145467E+02  0.36853561E-06  0.36853561E-06 -0.78084071E-04 -0.78084071E-04
-0.16054762E+02  0.37191022E-06  0.37191022E-06 -0.78419859E-04 -0.78419859E-04
-0.15964058E+02  0.37533399E-06  0.37533399E-06 -0.78758729E-04 -0.78758729E-04
-0.15873354E+02  0.37880792E-06  0.37880792E-06 -0.79100727E-04 -0.79100727E-04
-0.15782650E+02  0.38233300E-06  0.38233300E-06 -0.79445893E-04 -0.79445893E-04
-0.15691946E+02  0.38591038E-06  0.38591038E-06 -0.79794285E-04 -0.79794285E-04
-0.15601242E+02  0.38954111E-06  0.38954111E-06 -0.80145946E-04 -0.80145946E-04
-0.15510537E+02  0.39322629E-06  0.39322629E-06 -0.80500924E-04 -0.80500924E-04
-0.15419833E+02  0.39696708E-06  0.39696708E-06 -0.80859270E-04 -0.80859270E-04
-0.15329129E+02  0.40076459E-06  0.40076459E-06 -0.81221027E-04 -0.81221027E-04
-0.15238425E+02  0.40462014E-06  0.40462014E-06 -0.81586262E-04 -0.81586262E-04
-0.15147721E+02  0.40853493E-06  0.40853493E-06 -0.81955019E-04 -0.81955019E-04
-0.15057017E+02  0.41251022E-06  0.41251022E-06 -0.82327354E-04 -0.82327354E-04
-0.14966312E+02  0.41654729E-06  0.41654729E-06 -0.82703317E-04 -0.82703317E-04
-0.14875608E+02  0.42064759E-06  0.42064759E-06 -0.83082975E-04 -0.83082975E-04
-0.14784904E+02  0.42481245E-06  0.42481245E-06 -0.83466382E-04 -0.83466382E-04
-0.14694200E+02  0.42904331E-06  0.42904331E-06 -0.83853595E-04 -0.83853595E-04
-0.14603496E+02  0.43334163E-06  0.43334163E-06 -0.84244676E-04 -0.84244676E-04
-0.14512792E+02  0.43770887E-06  0.43770887E-06 -0.84639679E-04 -0.84639679E-04
-0.14422087E+02  0.44214671E-06  0.44214671E-06 -0.85038682E-04 -0.85038682E-04
-0.14331383E+02  0.44665670E-06  0.44665670E-06 -0.85441742E-04 -0.85441742E-04
-0.14240679E+02  0.45124046E-06  0.45124046E-06 -0.85848925E-04 -0.85848925E-04
-0.14149975E+02  0.45589965E-06  0.45589965E-06 -0.86260293E-04 -0.86260293E-04
-0.14059271E+02  0.46063616E-06  0.46063616E-06 -0.86675928E-04 -0.86675928E-04
-0.13968567E+02  0.46545171E-06  0.46545171E-06 -0.87095895E-04 -0.87095895E-04
-0.13877862E+02  0.47034815E-06  0.47034815E-06 -0.87520265E-04 -0.87520265E-04
-0.13787158E+02  0.47532743E-06  0.47532743E-06 -0.87949113E-04 -0.87949113E-04
-0.13696454E+02  0.48039143E-06  0.48039143E-06 -0.88382508E-04 -0.88382508E-04
-0.13605750E+02  0.48554234E-06  0.48554234E-06 -0.88820542E-04 -0.88820542E-04
-0.13515046E+02  0.49078218E-06  0.49078218E-06 -0.89263287E-04 -0.89263287E-04
-0.13424342E+02  0.49611311E-06  0.49611311E-06 -0.89710825E-04 -0.89710825E-04
-0.13333637E+02  0.50153731E-06  0.50153731E-06 -0.90163233E-04 -0.90163233E-04
-0.13242933E+02  0.50705723E-06  0.50705723E-06 -0.90620610E-04 -0.90620610E-04
-0.13152229E+02  0.51267519E-06  0.51267519E-06 -0.91083038E-04 -0.91083038E-04
-0.13061525E+02  0.51839361E-06  0.51839361E-06 -0.91550605E-04 -0.91550605E-04
-0.12970821E+02  0.52421507E-06  0.52421507E-06 -0.92023406E-04 -0.92023406E-04
-0.12880117E+02  0.53014209E-06  0.53014209E-06 -0.92501525E-04 -0.92501525E-04
-0.12789412E+02  0.53617756E-06  0.53617756E-06 -0.92985077E-04 -0.92985077E-04
-0.12698708E+02  0.54232418E-06  0.54232418E-06 -0.93474151E-04 -0.93474151E-04
-0.12608004E+02  0.54858486E-06  0.54858486E-06 -0.93968852E-04 -0.93968852E-04
-0.12517300E+02  0.55496251E-06  0.55496251E-06 -0.94469275E-04 -0.94469275E-04
-0.12426596E+02  0.56146040E-06  0.56146040E-06 -0.94975544E-04 -0.94975544E-04
-0.12335892E+02  0.56808164E-06  0.56808164E-06 -0.95487762E-04 -0.95487762E-04
-0.12245187E+02  0.57482954E-06  0.57482954E-06 -0.96006040E-04 -0.96006040E-04
-0.12154483E+02  0.58170746E-06  0.58170746E-06 -0.96530489E-04 -0.96530489E-04
-0.12063779E+02  0.58871914E-06  0.58871914E-06 -0.97061244E-04 -0.97061244E-04
-0.11973075E+02  0.59586815E-06  0.59586815E-06 -0.97598419E-04 -0.97598419E-04
-0.11882371E+02  0.60315830E-06  0.60315830E-06 -0.98142141E-04 -0.98142141E-04
-0.11791667E+02  0.61059357E-06  0.61059357E-06 -0.98692540E-04 -0.98692540E-04
-0.11700962E+02  0.61817794E-06  0.61817794E-06 -0.99249739E-04 -0.99249739E-04
-0.11610258E+02  0.62591586E-06  0.62591586E-06 -0.99813895E-04 -0.99813895E-04
-0.11519554E+02  0.63381164E-06  0.63381164E-06 -0.10038514E-03 -0.10038514E-03
-0.11428850E+02  0.64186982E-06  0.64186982E-06 -0.10096362E-03 -0.10096362E-03
-0.11338146E+02  0.65009507E-06  0.65009507E-06 -0.10154947E-03 -0.10154947E-03
-0.11247442E+02  0.65849254E-06  0.65849254E-06 -0.10214286E-03 -0.10214286E-03
-0.11156737E+02  0.66706722E-06  0.66706722E-06 -0.10274395E-03 -0.10274395E-03
-0.11066033E+02  0.67582440E-06  0.67582440E-06 -0.10335290E-03 -0.10335290E-03
-0.10975329E+02  0.68476966E-06  0.68476966E-06 -0.10396988E-03 -0.10396988E-03
-0.10884625E+02  0.69390857E-06  0.69390857E-06 -0.10459504E-03 -0.10459504E-03
-0.10793921E+02  0.70324737E-06  0.70324737E-06 -0.10522860E-03 -0.10522860E-03
-0.10703217E+02  0.71279214E-06  0.71279214E-06 -0.10587071E-03 -0.10587071E-03
-0.10612512E+02  0.72254931E-06  0.72254931E-06 -0.10652157E-03 -0.10652157E-03
-0.10521808E+02  0.73252553E-06  0.73252553E-06 -0.10718137E-03 -0.10718137E-03
-0.10431104E+02  0.74272806E-06  0.74272806E-06 -0.10785033E-03 -0.10785033E-03
-0.10340400E+02  0.75316406E-06  0.75316406E-06 -0.10852865E-03 -0.10852865E-03
-0.10249696E+02  0.76384110E-06  0.76384110E-06 -0.10921653E-03 -0.10921653E-03
-0.10158992E+02  0.77476719E-06  0.77476719E-06 -0.10991421E-03 -0.10991421E-03
-0.10068287E+02  0.78595040E-06  0.78595040E-06 -0.11062191E-03 -0.11062191E-03
-0.99775833E+01  0.79739969E-06  0.79739969E-06 -0.11133987E-03 -0.11133987E-03
-0.98868792E+01  0.80912391E-06  0.80912391E-06 -0.11206834E-03 -0.11206834E-03
-0.97961750E+01  0.82113243E-06  0.82113243E-06 -0.11280757E-03 -0.11280757E-03
-0.97054708E+01  0.83343500E-06  0.83343500E-06 -0.11355781E-03 -0.11355781E-03
-0.96147667E+01  0.84604219E-06  0.84604219E-06 -0.11431936E-03 -0.11431936E-03
-0.95240625E+01  0.85896460E-06  0.85896460E-06 -0.11509247E-03 -0.11509247E-03
-0.94333583E+01  0.87221341E-06  0.87221341E-06 -0.11587745E-03 -0.11587745E-03
-0.93426542E+01  0.88580049E-06  0.88580049E-06 -0.11667460E-03 -0.11667460E-03
-0.92519500E+01  0.89973793E-06  0.89973793E-06 -0.11748421E-03 -0.11748421E-03
-0.91612458E+01  0.91403902E-06  0.91403902E-06 -0.11830664E-03 -0.11830664E-03
-0.90705417E+01  0.92871712E-06  0.92871712E-06 -0.11914220E-03 -0.11914220E-03
-0.89798375E+01  0.94378636E-06  0.94378636E-06 -0.11999124E-03 -0.11999124E-03
-0.88891333E+01  0.95926153E-06  0.95926153E-06 -0.12085412E-03 -0.12085412E-03
-0.87984292E+01  0.97515863E-06  0.97515863E-06 -0.12173123E-03 -0.12173123E-03
-0.87077250E+01  0.99149389E-06  0.99149389E-06 -0.12262296E-03 -0.12262296E-03
-0.86170208E+01  0.10082845E-05  0.10082845E-05 -0.12352969E-03 -0.12352969E-03
-0.85263167E+01  0.10255488E-05  0.10255488E-05 -0.12445187E-03 -0.12445187E-03
-0.84356125E+01  0.10433054E-05  0.10433054E-05 -0.12538990E-03 -0.12538990E-03
-0.83449083E+01  0.10615751E-05  0.10615751E-05 -0.12634428E-03 -0.12634428E-03
-0.82542042E+01  0.10803787E-05  0.10803787E-05 -0.12731547E-03 -0.12731547E-03
-0.81635000E+01  0.10997386E-05  0.10997386E-05 -0.12830394E-03 -0.12830394E-03
-0.80727958E+01  0.11196780E-05  0.11196780E-05 -0.12931022E-03 -0.12931022E-03
-0.79820917E+01  0.11402224E-05  0.11402224E-05 -0.13033487E-03 -0.13033487E-03
-0.78913875E+01  0.11613977E-05  0.11613977E-05 -0.13137842E-03 -0.13137842E-03
-0.78006833E+01  0.11832316E-05  0.11832316E-05 -0.13244146E-03 -0.13244146E-03
-0.77099792E+01  0.12057535E-05  0.12057535E-05 -0.13352461E-03 -0.13352461E-03
-0.76192750E+01  0.12289941E-05  0.12289941E-05 -0.13462848E-03 -0.13462848E-03
-0.75285708E+01  0.12529869E-05  0.12529869E-05 -0.13575377E-03 -0.13575377E-03
-0.74378667E+01  0.12777662E-05  0.12777662E-05 -0.13690116E-03 -0.13690116E-03
-0.73471625E+01  0.13033693E-05  0.13033693E-05 -0.13807139E-03 -0.13807139E-03
-0.72564583E+01  0.13298349E-05  0.13298349E-05 -0.13926520E-03 -0.13926520E-03
-0.71657542E+01  0.13572054E-05  0.13572054E-05 -0.14048343E-03 -0.14048343E-03
-0.70750500E+01  0.13855246E-05  0.13855246E-05 -0.14172688E-03 -0.14172688E-03
-0.69843458E+01  0.14148395E-05  0.14148395E-05 -0.14299646E-03 -0.14299646E-03
-0.68936417E+01  0.14452003E-05  0.14452003E-05 -0.14429306E-03 -0.14429306E-03
-0.68029375E+01  0.14766609E-05  0.14766609E-05 -0.14561769E-03 -0.14561769E-03
-0.67122333E+01  0.15092782E-05  0.15092782E-05 -0.14697135E-03 -0.14697135E-03
-0.66215292E+01  0.15431128E-05  0.15431128E-05 -0.14835512E-03 -0.14835512E-03
-0.65308250E+01  0.15782302E-05  0.15782302E-05 -0.14977014E-03 -0.14977014E-03
-0.64401208E+01  0.16146995E-05  0.16146995E-05 -0.15121757E-03 -0.15121757E-03
-0.63494167E+01  0.16525961E-05  0.16525961E-05 -0.15269871E-03 -0.15269871E-03
-0.62587125E+01  0.16919997E-05  0.16919997E-05 -0.15421487E-03 -0.15421487E-03
-0.61680083E+01  0.17329959E-05  0.17329959E-05 -0.15576746E-03 -0.15576746E-03
-0.60773042E+01  0.17756768E-05  0.17756768E-05 -0.15735793E-03 -0.15735793E-03
-0.59866000E+01  0.18201426E-05  0.18201426E-05 -0.15898790E-03 -0.15898790E-03
-0.58958958E+01  0.18664995E-05  0.18664995E-05 -0.16065901E-03 -0.16065901E-03
-0.58051917E+01  0.19148632E-05  0.19148632E-05 -0.16237303E-03 -0.16237303E-03
-0.57144875E+01  0.19653574E-05  0.19653574E-05 -0.16413181E-03 -0.16413181E-03
-0.56237833E+01  0.20181177E-05  0.20181177E-05 -0.16593737E-03 -0.16593737E-03
-0.55330792E+01  0.20732889E-05  0.20732889E-05 -0.16779179E-03 -0.16779179E-03
-0.54423750E+01  0.21310295E-05  0.21310295E-05 -0.16969737E-03 -0.16969737E-03
-0.53516708E+01  0.21915108E-05  0.21915108E-05 -0.17165647E-03 -0.17165647E-03
-0.52609667E+01  0.22549194E-05  0.22549194E-05 -0.17367168E-03 -0.17367168E-03
-0.51702625E+01  0.23214580E-05  0.23214580E-05 -0.17574572E-03 -0.17574572E-03
-0.50795583E+01  0.23913486E-05  0.23913486E-05 -0.17788155E-03 -0.17788155E-03
-0.49888542E+01  0.24648332E-05  0.24648332E-05 -0.18008228E-03 -0.18008228E-03
-0.48981500E+01  0.25421759E-05  0.25421759E-05 -0.18235128E-03 -0.18235128E-03
-0.48074458E+01  0.26236685E-05  0.26236685E-05 -0.18469220E-03 -0.18469220E-03
-0.47167417E+01  0.27096288E-05  0.27096288E-05 -0.18710890E-03 -0.18710890E-03
-0.46260375E+01  0.28004089E-05  0.28004089E-05 -0.18960560E-03 -0.18960560E-03
-0.45353333E+01  0.28963960E-05  0.28963960E-05 -0.19218682E-03 -0.19218682E-03
-0.44446292E+01  0.29980186E-05  0.29980186E-05 -0.19485746E-03 -0.19485746E-03
-0.43539250E+01  0.31057509E-05  0.31057509E-05 -0.19762282E-03 -0.19762282E-03
-0.42632208E+01  0.32201206E-05  0.32201206E-05 -0.20048867E-03 -0.20048867E-03
-0.41725167E+01  0.33417144E-05  0.33417144E-05 -0.20346127E-03 -0.20346127E-03
-0.40818125E+01  0.34711858E-05  0.34711858E-05 -0.20654740E-03 -0.20654740E-03
-0.39911083E+01  0.36092697E-05  0.36092697E-05 -0.20975455E-03 -0.20975455E-03
-0.39004042E+01  0.37567864E-05  0.37567864E-05 -0.21309081E-03 -0.21309081E-03
-0.38097000E+01  0.39146648E-05  0.39146648E-05 -0.21656517E-03 -0.21656517E-03
-0.37189958E+01  0.40839484E-05  0.40839484E-05 -0.22018739E-03 -0.22018739E-03
-0.36282917E+01  0.42658234E-05  0.42658234E-05 -0.22396833E-03 -0.22396833E-03
-0.35375875E+01  0.44616365E-05  0.44616365E-05 -0.22791989E-03 -0.22791989E-03
-0.34468833E+01  0.46729273E-05  0.46729273E-05 -0.23205538E-03 -0.23205538E-03
-0.33561792E+01  0.49014577E-05  0.49014577E-05 -0.23638948E-03 -0.23638948E-03
-0.32654750E+01  0.51492572E-05  0.51492572E-05 -0.24093865E-03 -0.24093865E-03
-0.31747708E+01  0.54186720E-05  0.54186720E-05 -0.24572128E-03 -0.24572128E-03
-0.30840667E+01  0.57124240E-05  0.57124240E-05 -0.25075797E-03 -0.25075797E-03
-0.29933625E+01  0.60337012E-05  0.60337012E-05 -0.25607211E-03 -0.25607211E-03
-0.29026583E+01  0.63862369E-05  0.63862369E-05 -0.26169001E-03 -0.26169001E-03
-0.28119542E+01  0.67744487E-05  0.67744487E-05 -0.26764173E-03 -0.26764173E-03
-0.27212500E+01  0.72035865E-05  0.72035865E-05 -0.27396157E-03 -0.27396157E-03
-0.26305458E+01  0.76799425E-05  0.76799425E-05 -0.28068903E-03 -0.28068903E-03
-0.25398417E+01  0.82111062E-05  0.82111062E-05 -0.28786970E-03 -0.28786970E-03
-0.24491375E+01  0.88063177E-05  0.88063177E-05 -0.29555668E-03 -0.29555668E-03
-0.23584333E+01  0.94769291E-05  0.94769291E-05 -0.30381215E-03 -0.30381215E-03
-0.22677292E+01  0.10237018E-04  0.10237018E-04 -0.31270941E-03 -0.31270941E-03
-0.21770250E+01  0.11104279E-04  0.11104279E-04 -0.32233596E-03 -0.32233596E-03
-0.20863208E+01  0.12101173E-04  0.12101173E-04 -0.33279659E-03 -0.33279659E-03
-0.19956167E+01  0.13256675E-04  0.13256675E-04 -0.34421870E-03 -0.34421870E-03
-0.19049125E+01  0.14608728E-04  0.14608728E-04 -0.35675858E-03 -0.35675858E-03
-0.18142083E+01  0.16207950E-04  0.16207950E-04 -0.37061080E-03 -0.37061080E-03
-0.17235042E+01  0.18123264E-04  0.18123264E-04 -0.38602084E-03 -0.38602084E-03
-0.16328000E+01  0.20450809E-04  0.20450809E-04 -0.40330409E-03 -0.40330409E-03
-0.15420958E+01  0.23328514E-04  0.23328514E-04 -0.42287361E-03 -0.42287361E-03
-0.14513917E+01  0.26960909E-04  0.26960909E-04 -0.44528284E-03 -0.44528284E-03
-0.13606875E+01  0.31663692E-04  0.31663692E-04 -0.47129425E-03 -0.47129425E-03
-0.12699833E+01  0.37948087E-04  0.37948087E-04 -0.50199079E-03 -0.50199079E-03
-0.11792792E+01  0.46693531E-04  0.46693531E-04 -0.53897155E-03 -0.53897155E-03
-0.10885750E+01  0.59531439E-04  0.59531439E-04 -0.58470002E-03 -0.58470002E-03
-0.99787083E+00  0.79800531E-04  0.79800531E-04 -0.64315430E-03 -0.64315430E-03
-0.90716667E+00  0.11527279E-03  0.11527279E-03 -0.72096002E-03 -0.72096002E-03
-0.81646250E+00  0.18730297E-03  0.18730297E-03 -0.82812180E-03 -0.82812180E-03
-0.72575833E+00  0.36383423E-03  0.36383423E-03 -0.96096847E-03 -0.96096847E-03
-0.63505417E+00  0.76090630E-03  0.76090630E-03 -0.91374573E-03 -0.91374573E-03
-0.54435000E+00  0.79462534E-03  0.79462534E-03 -0.47969889E-03 -0.47969889E-03
-0.45364583E+00  0.63387663E-03  0.63387663E-03 -0.47546694E-03 -0.47546694E-03
-0.36294167E+00  0.76525437E-03  0.76525437E-03 -0.46508497E-03 -0.46508497E-03
-0.27223750E+00  0.68517653E-03  0.68517653E-03 -0.24768745E-03 -0.24768745E-03
-0.18153333E+00  0.53346975E-03  0.53346975E-03 -0.26359335E-03 -0.26359335E-03
-0.90829167E-01  0.50537997E-03  0.50537997E-03 -0.40285583E-03 -0.40285583E-03
-0.12500000E-03  0.60797593E-03  0.60797593E-03 -0.48603062E-03 -0.48603062E-03
 0.90579167E-01  0.75313390E-03  0.75313390E-03 -0.48643939E-03 -0.48643939E-03
 0.18128333E+00  0.84094200E-03  0.84094200E-03 -0.42243517E-03 -0.42243517E-03
 0.27198750E+00  0.96948607E-03  0.96948607E-03 -0.42791934E-03 -0.42791934E-03
 0.36269167E+00  0.12716023E-02  0.12716023E-02 -0.29126511E-03 -0.29126511E-03
 0.45339583E+00  0.14321756E-02  0.14321756E-02  0.17363686E-03  0.17363686E-03
 0.54410000E+00  0.11663118E-02  0.11663118E-02  0.61909738E-03  0.61909738E-03
 0.63480417E+00  0.73110110E-03  0.73110110E-03  0.78473749E-03  0.78473749E-03
 0.72550833E+00  0.40925731E-03  0.40925731E-03  0.64681156E-03  0.64681156E-03
 0.81621250E+00  0.28622629E-03  0.28622629E-03  0.45711804E-03  0.45711804E-03
 0.90691667E+00  0.30903951E-03  0.30903951E-03  0.31664794E-03  0.31664794E-03
 0.99762083E+00  0.36347002E-03  0.36347002E-03  0.33285919E-03  0.33285919E-03
 0.10883250E+01  0.32164494E-03  0.32164494E-03  0.36877218E-03  0.36877218E-03
 0.11790292E+01  0.26539820E-03  0.26539820E-03  0.36757968E-03  0.36757968E-03
 0.12697333E+01  0.20793387E-03  0.20793387E-03  0.36454343E-03  0.36454343E-03
 0.13604375E+01  0.14911005E-03  0.14911005E-03  0.34596139E-03  0.34596139E-03
 0.14511417E+01  0.96820553E-04  0.96820553E-04  0.30763416E-03  0.30763416E-03
 0.15418458E+01  0.63294131E-04  0.63294131E-04  0.26125436E-03  0.26125436E-03
 0.16325500E+01  0.45917211E-04  0.45917211E-04  0.21911580E-03  0.21911580E-03
 0.17232542E+01  0.36319999E-04  0.36319999E-04  0.18431031E-03  0.18431031E-03
 0.18139583E+01  0.30253951E-04  0.30253951E-04  0.15525715E-03  0.15525715E-03
 0.19046625E+01  0.26041977E-04  0.26041977E-04  0.13036105E-03  0.13036105E-03
 0.19953667E+01  0.22943065E-04  0.22943065E-04  0.10854446E-03  0.10854446E-03
 0.20860708E+01  0.20576661E-04  0.20576661E-04  0.89078799E-04  0.89078799E-04
 0.21767750E+01  0.18725026E-04  0.18725026E-04  0.71450321E-04  0.71450321E-04
 0.22674792E+01  0.17253887E-04  0.17253887E-04  0.55280849E-04  0.55280849E-04
 0.23581833E+01  0.16076149E-04  0.16076149E-04  0.40281064E-04  0.40281064E-04
 0.24488875E+01  0.15133704E-04  0.15133704E-04  0.26221725E-04  0.26221725E-04
 0.25395917E+01  0.14387853E-04  0.14387853E-04  0.12914245E-04  0.12914245E-04
 0.26302958E+01  0.13814528E-04  0.13814528E-04  0.19738381E-06  0.19738381E-06
 0.27210000E+01  0.13403157E-04  0.13403157E-04 -0.12074077E-04 -0.12074077E-04
 0.28117042E+01  0.13160555E-04  0.13160555E-04 -0.24039307E-04 -0.24039307E-04
 0.29024083E+01  0.13127855E-04  0.13127855E-04 -0.35841460E-04 -0.35841460E-04
 0.29931125E+01  0.13440502E-04  0.13440502E-04 -0.47608833E-04 -0.47608833E-04
 0.30838167E+01  0.14298741E-04  0.14298741E-04 -0.59165134E-04 -0.59165134E-04
 0.31745208E+01  0.15122762E-04  0.15122762E-04 -0.70752049E-04 -0.70752049E-04
 0.32652250E+01  0.17444821E-04  0.17444821E-04 -0.82892737E-04 -0.82892737E-04
 0.33559292E+01  0.20291706E-04  0.20291706E-04 -0.92872507E-04 -0.92872507E-04
 0.34466333E+01  0.22540193E-04  0.22540193E-04 -0.10438640E-03 -0.10438640E-03
 0.35373375E+01  0.26451106E-04  0.26451106E-04 -0.11441332E-03 -0.11441332E-03
 0.36280417E+01  0.30728073E-04  0.30728073E-04 -0.12530353E-03 -0.12530353E-03
 0.37187458E+01  0.36062612E-04  0.36062612E-04 -0.13116812E-03 -0.13116812E-03
 0.38094500E+01  0.34022988E-04  0.34022988E-04 -0.13957582E-03 -0.13957582E-03
 0.39001542E+01  0.34980089E-04  0.34980089E-04 -0.15403988E-03 -0.15403988E-03
 0.39908583E+01  0.40068112E-04  0.40068112E-04 -0.17036976E-03 -0.17036976E-03
 0.40815625E+01  0.53002360E-04  0.53002360E-04 -0.18663833E-03 -0.18663833E-03
 0.41722667E+01  0.70734155E-04  0.70734155E-04 -0.18954696E-03 -0.18954696E-03
 0.42629708E+01  0.71547752E-04  0.71547752E-04 -0.18936333E-03 -0.18936333E-03
 0.43536750E+01  0.74550944E-04  0.74550944E-04 -0.20283181E-03 -0.20283181E-03
 0.44443792E+01  0.85440211E-04  0.85440211E-04 -0.21401980E-03 -0.21401980E-03
 0.45350833E+01  0.97987949E-04  0.97987949E-04 -0.22406528E-03 -0.22406528E-03
 0.46257875E+01  0.11790778E-03  0.11790778E-03 -0.22527454E-03 -0.22527454E-03
 0.47164917E+01  0.11826461E-03  0.11826461E-03 -0.21298548E-03 -0.21298548E-03
 0.48071958E+01  0.10540438E-03  0.10540438E-03 -0.22695138E-03 -0.22695138E-03
 0.48979000E+01  0.11341649E-03  0.11341649E-03 -0.25538072E-03 -0.25538072E-03
 0.49886042E+01  0.13717282E-03  0.13717282E-03 -0.27410531E-03 -0.27410531E-03
 0.50793083E+01  0.16078368E-03  0.16078368E-03 -0.28777554E-03 -0.28777554E-03
 0.51700125E+01  0.20239620E-03  0.20239620E-03 -0.30083978E-03 -0.30083978E-03
 0.52607167E+01  0.25403371E-03  0.25403371E-03 -0.26997865E-03 -0.26997865E-03
 0.53514208E+01  0.24604678E-03  0.24604678E-03 -0.22219890E-03 -0.22219890E-03
 0.54421250E+01  0.22413549E-03  0.22413549E-03 -0.22358199E-03 -0.22358199E-03
 0.55328292E+01  0.22686361E-03  0.22686361E-03 -0.23670955E-03 -0.23670955E-03
 0.56235333E+01  0.23596420E-03  0.23596420E-03 -0.24702814E-03 -0.24702814E-03
 0.57142375E+01  0.25815077E-03  0.25815077E-03 -0.26305112E-03 -0.26305112E-03
 0.58049417E+01  0.30236831E-03  0.30236831E-03 -0.25927277E-03 -0.25927277E-03
 0.58956458E+01  0.32845494E-03  0.32845494E-03 -0.22247202E-03 -0.22247202E-03
 0.59863500E+01  0.32753695E-03  0.32753695E-03 -0.19873682E-03 -0.19873682E-03
 0.60770542E+01  0.33734908E-03  0.33734908E-03 -0.18400350E-03 -0.18400350E-03
 0.61677583E+01  0.34097496E-03  0.34097496E-03 -0.15455450E-03 -0.15455450E-03
 0.62584625E+01  0.32806010E-03  0.32806010E-03 -0.13723087E-03 -0.13723087E-03
 0.63491667E+01  0.32904219E-03  0.32904219E-03 -0.12925683E-03 -0.12925683E-03
 0.64398708E+01  0.32908323E-03  0.32908323E-03 -0.99546906E-04 -0.99546906E-04
 0.65305750E+01  0.29606068E-03  0.29606068E-03 -0.74971816E-04 -0.74971816E-04
 0.66212792E+01  0.26241189E-03  0.26241189E-03 -0.84966135E-04 -0.84966135E-04
 0.67119833E+01  0.25311094E-03  0.25311094E-03 -0.10376846E-03 -0.10376846E-03
 0.68026875E+01  0.25254528E-03  0.25254528E-03 -0.10949707E-03 -0.10949707E-03
 0.68933917E+01  0.24203802E-03  0.24203802E-03 -0.11272769E-03 -0.11272769E-03
 0.69840958E+01  0.23082684E-03  0.23082684E-03 -0.12902215E-03 -0.12902215E-03
 0.70748000E+01  0.23312128E-03  0.23312128E-03 -0.15204068E-03 -0.15204068E-03
 0.71655042E+01  0.24857391E-03  0.24857391E-03 -0.16778825E-03 -0.16778825E-03
 0.72562083E+01  0.26403720E-03  0.26403720E-03 -0.16978161E-03 -0.16978161E-03
 0.73469125E+01  0.26774240E-03  0.26774240E-03 -0.17002612E-03 -0.17002612E-03
 0.74376167E+01  0.27078729E-03  0.27078729E-03 -0.18415954E-03 -0.18415954E-03
 0.75283208E+01  0.29365560E-03  0.29365560E-03 -0.20411431E-03 -0.20411431E-03
 0.76190250E+01  0.33662801E-03  0.33662801E-03 -0.20244727E-03 -0.20244727E-03
 0.77097292E+01  0.36563686E-03  0.36563686E-03 -0.16637664E-03 -0.16637664E-03
 0.78004333E+01  0.35877551E-03  0.35877551E-03 -0.13114080E-03 -0.13114080E-03
 0.78911375E+01  0.34297780E-03  0.34297780E-03 -0.11859785E-03 -0.11859785E-03
 0.79818417E+01  0.33326579E-03  0.33326579E-03 -0.11515589E-03 -0.11515589E-03
 0.80725458E+01  0.32592714E-03  0.32592714E-03 -0.11472498E-03 -0.11472498E-03
 0.81632500E+01  0.32208260E-03  0.32208260E-03 -0.11628663E-03 -0.11628663E-03
 0.82539542E+01  0.31688411E-03  0.31688411E-03 -0.11472566E-03 -0.11472566E-03
 0.83446583E+01  0.30200917E-03  0.30200917E-03 -0.12144133E-03 -0.12144133E-03
 0.84353625E+01  0.29584140E-03  0.29584140E-03 -0.15122007E-03 -0.15122007E-03
 0.85260667E+01  0.32632144E-03  0.32632144E-03 -0.18600627E-03 -0.18600627E-03
 0.86167708E+01  0.38882320E-03  0.38882320E-03 -0.17651160E-03 -0.17651160E-03
 0.87074750E+01  0.40643818E-03  0.40643818E-03 -0.10692045E-03 -0.10692045E-03
 0.87981792E+01  0.35519585E-03  0.35519585E-03 -0.71962541E-04 -0.71962541E-04
 0.88888833E+01  0.31490930E-03  0.31490930E-03 -0.90682950E-04 -0.90682950E-04
 0.89795875E+01  0.30085631E-03  0.30085631E-03 -0.11634901E-03 -0.11634901E-03
 0.90702917E+01  0.28845807E-03  0.28845807E-03 -0.14055361E-03 -0.14055361E-03
 0.91609958E+01  0.27941417E-03  0.27941417E-03 -0.18274586E-03 -0.18274586E-03
 0.92517000E+01  0.29707219E-03  0.29707219E-03 -0.23932772E-03 -0.23932772E-03
 0.93424042E+01  0.34809534E-03  0.34809534E-03 -0.28379848E-03 -0.28379848E-03
 0.94331083E+01  0.40682633E-03  0.40682633E-03 -0.29692260E-03 -0.29692260E-03
 0.95238125E+01  0.45145176E-03  0.45145176E-03 -0.30560929E-03 -0.30560929E-03
 0.96145167E+01  0.51841961E-03  0.51841961E-03 -0.32551901E-03 -0.32551901E-03
 0.97052208E+01  0.62538365E-03  0.62538365E-03 -0.30100305E-03 -0.30100305E-03
 0.97959250E+01  0.68990548E-03  0.68990548E-03 -0.19740633E-03 -0.19740633E-03
 0.98866292E+01  0.66339062E-03  0.66339062E-03 -0.11627261E-03 -0.11627261E-03
 0.99773333E+01  0.63442542E-03  0.63442542E-03 -0.10590904E-03 -0.10590904E-03
 0.10068038E+02  0.64540761E-03  0.64540761E-03 -0.11883154E-03 -0.11883154E-03
 0.10158742E+02  0.69329747E-03  0.69329747E-03 -0.12840805E-03 -0.12840805E-03
 0.10249446E+02  0.78915847E-03  0.78915847E-03 -0.10515890E-03 -0.10515890E-03
 0.10340150E+02  0.89022893E-03  0.89022893E-03  0.25286932E-04  0.25286932E-04
 0.10430854E+02  0.84807892E-03  0.84807892E-03  0.21930049E-03  0.21930049E-03
 0.10521558E+02  0.70507044E-03  0.70507044E-03  0.29167506E-03  0.29167506E-03
 0.10612263E+02  0.61705337E-03  0.61705337E-03  0.26404606E-03  0.26404606E-03
 0.10702967E+02  0.59863245E-03  0.59863245E-03  0.23342166E-03  0.23342166E-03
 0.10793671E+02  0.60521974E-03  0.60521974E-03  0.23082810E-03  0.23082810E-03
 0.10884375E+02  0.62137441E-03  0.62137441E-03  0.24571493E-03  0.24571493E-03
 0.10975079E+02  0.64707628E-03  0.64707628E-03  0.29846046E-03  0.29846046E-03
 0.11065783E+02  0.62259346E-03  0.62259346E-03  0.39930951E-03  0.39930951E-03
 0.11156488E+02  0.52250362E-03  0.52250362E-03  0.46405150E-03  0.46405150E-03
 0.11247192E+02  0.42291965E-03  0.42291965E-03  0.46127324E-03  0.46127324E-03
 0.11337896E+02  0.35141118E-03  0.35141118E-03  0.43496572E-03  0.43496572E-03
 0.11428600E+02  0.29149910E-03  0.29149910E-03  0.39934063E-03  0.39934063E-03
 0.11519304E+02  0.24470483E-03  0.24470483E-03  0.34664431E-03  0.34664431E-03
 0.11610008E+02  0.22242267E-03  0.22242267E-03  0.28326127E-03  0.28326127E-03
 0.11700713E+02  0.22579361E-03  0.22579361E-03  0.22232809E-03  0.22232809E-03
 0.11791417E+02  0.24830343E-03  0.24830343E-03  0.17263195E-03  0.17263195E-03
 0.11882121E+02  0.28341973E-03  0.28341973E-03  0.13475053E-03  0.13475053E-03
 0.11972825E+02  0.33476529E-03  0.33476529E-03  0.11034300E-03  0.11034300E-03
 0.12063529E+02  0.39830283E-03  0.39830283E-03  0.12024312E-03  0.12024312E-03
 0.12154233E+02  0.43153526E-03  0.43153526E-03  0.16629567E-03  0.16629567E-03
 0.12244938E+02  0.42953309E-03  0.42953309E-03  0.19137495E-03  0.19137495E-03
 0.12335642E+02  0.45309408E-03  0.45309408E-03  0.19360514E-03  0.19360514E-03
 0.12426346E+02  0.50405473E-03  0.50405473E-03  0.23994920E-03  0.23994920E-03
 0.12517050E+02  0.49766053E-03  0.49766053E-03  0.33391738E-03  0.33391738E-03
 0.12607754E+02  0.43587003E-03  0.43587003E-03  0.38150712E-03  0.38150712E-03
 0.12698458E+02  0.39452546E-03  0.39452546E-03  0.38983131E-03  0.38983131E-03
 0.12789163E+02  0.36548070E-03  0.36548070E-03  0.40747399E-03  0.40747399E-03
 0.12879867E+02  0.31782576E-03  0.31782576E-03  0.41978061E-03  0.41978061E-03
 0.12970571E+02  0.27336985E-03  0.27336985E-03  0.40426620E-03  0.40426620E-03
 0.13061275E+02  0.25157691E-03  0.25157691E-03  0.38045991E-03  0.38045991E-03
 0.13151979E+02  0.24126385E-03  0.24126385E-03  0.36543605E-03  0.36543605E-03
 0.13242683E+02  0.23124529E-03  0.23124529E-03  0.35339024E-03  0.35339024E-03
 0.13333388E+02  0.22848660E-03  0.22848660E-03  0.34052854E-03  0.34052854E-03
 0.13424092E+02  0.23266592E-03  0.23266592E-03  0.33945926E-03  0.33945926E-03
 0.13514796E+02  0.22485270E-03  0.22485270E-03  0.34927316E-03  0.34927316E-03
 0.13605500E+02  0.20662244E-03  0.20662244E-03  0.34802590E-03  0.34802590E-03
 0.13696204E+02  0.19863725E-03  0.19863725E-03  0.33863413E-03  0.33863413E-03
 0.13786908E+02  0.19699006E-03  0.19699006E-03  0.34040359E-03  0.34040359E-03
 0.13877613E+02  0.18137975E-03  0.18137975E-03  0.34744768E-03  0.34744768E-03
 0.13968317E+02  0.16004344E-03  0.16004344E-03  0.33927192E-03  0.33927192E-03
 0.14059021E+02  0.15119442E-03  0.15119442E-03  0.32306216E-03  0.32306216E-03
 0.14149725E+02  0.15184084E-03  0.15184084E-03  0.31441249E-03  0.31441249E-03
 0.14240429E+02  0.14898689E-03  0.14898689E-03  0.31361371E-03  0.31361371E-03
 0.14331133E+02  0.14205020E-03  0.14205020E-03  0.31157046E-03  0.31157046E-03
 0.14421838E+02  0.13495961E-03  0.13495961E-03  0.30969967E-03  0.30969967E-03
 0.14512542E+02  0.12299223E-03  0.12299223E-03  0.30698287E-03  0.30698287E-03
 0.14603246E+02  0.11037330E-03  0.11037330E-03  0.29504534E-03  0.29504534E-03
 0.14693950E+02  0.10843737E-03  0.10843737E-03  0.27768559E-03  0.27768559E-03
 0.14784654E+02  0.11805538E-03  0.11805538E-03  0.26846293E-03  0.26846293E-03
 0.14875358E+02  0.12393874E-03  0.12393874E-03  0.27453455E-03  0.27453455E-03
 0.14966063E+02  0.11592324E-03  0.11592324E-03  0.28022814E-03  0.28022814E-03
 0.15056767E+02  0.10653218E-03  0.10653218E-03  0.27774135E-03  0.27774135E-03
 0.15147471E+02  0.98691393E-04  0.98691393E-04  0.27425612E-03  0.27425612E-03
 0.15238175E+02  0.88815988E-04  0.88815988E-04  0.26745822E-03  0.26745822E-03
 0.15328879E+02  0.83264015E-04  0.83264015E-04  0.25429245E-03  0.25429245E-03
 0.15419583E+02  0.87552198E-04  0.87552198E-04  0.24223405E-03  0.24223405E-03
 0.15510288E+02  0.95644795E-04  0.95644795E-04  0.24133537E-03  0.24133537E-03
 0.15600992E+02  0.93510882E-04  0.93510882E-04  0.24738602E-03  0.24738602E-03
 0.15691696E+02  0.84190039E-04  0.84190039E-04  0.24656969E-03  0.24656969E-03
 0.15782400E+02  0.76786299E-04  0.76786299E-04  0.24025527E-03  0.24025527E-03
 0.15873104E+02  0.71265108E-04  0.71265108E-04  0.23177965E-03  0.23177965E-03
 0.15963808E+02  0.68495519E-04  0.68495519E-04  0.22031895E-03  0.22031895E-03
 0.16054513E+02  0.71708986E-04  0.71708986E-04  0.20791681E-03  0.20791681E-03
 0.16145217E+02  0.80882370E-04  0.80882370E-04  0.19982446E-03  0.19982446E-03
 0.16235921E+02  0.90920906E-04  0.90920906E-04  0.19926539E-03  0.19926539E-03
 0.16326625E+02  0.97055269E-04  0.97055269E-04  0.20372255E-03  0.20372255E-03
 0.16417329E+02  0.98352185E-04  0.98352185E-04  0.20987544E-03  0.20987544E-03
 0.16508033E+02  0.95252327E-04  0.95252327E-04  0.21476504E-03  0.21476504E-03
 0.16598738E+02  0.90202898E-04  0.90202898E-04  0.21733138E-03  0.21733138E-03
 0.16689442E+02  0.82809387E-04  0.82809387E-04  0.21809060E-03  0.21809060E-03
 0.16780146E+02  0.73744617E-04  0.73744617E-04  0.21315527E-03  0.21315527E-03
 0.16870850E+02  0.69714203E-04  0.69714203E-04  0.20221506E-03  0.20221506E-03
 0.16961554E+02  0.74050005E-04  0.74050005E-04  0.19221271E-03  0.19221271E-03
 0.17052258E+02  0.81569775E-04  0.81569775E-04  0.18970999E-03  0.18970999E-03
 0.17142963E+02  0.84688427E-04  0.84688427E-04  0.19131084E-03  0.19131084E-03
 0.17233667E+02  0.85912551E-04  0.85912551E-04  0.19173176E-03  0.19173176E-03
 0.17324371E+02  0.86386211E-04  0.86386211E-04  0.19302803E-03  0.19302803E-03
 0.17415075E+02  0.84402988E-04  0.84402988E-04  0.19253026E-03  0.19253026E-03
 0.17505779E+02  0.84926019E-04  0.84926019E-04  0.18891970E-03  0.18891970E-03
 0.17596483E+02  0.89052354E-04  0.89052354E-04  0.18764302E-03  0.18764302E-03
 0.17687188E+02  0.92410393E-04  0.92410393E-04  0.18948125E-03  0.18948125E-03
 0.17777892E+02  0.95144691E-04  0.95144691E-04  0.19270963E-03  0.19270963E-03
 0.17868596E+02  0.95291196E-04  0.95291196E-04  0.19857334E-03  0.19857334E-03
 0.17959300E+02  0.91441991E-04  0.91441991E-04  0.20179904E-03  0.20179904E-03
 0.18050004E+02  0.90492073E-04  0.90492073E-04  0.20218904E-03  0.20218904E-03
 0.18140708E+02  0.91020807E-04  0.91020807E-04  0.20678421E-03  0.20678421E-03
 0.18231412E+02  0.86748769E-04  0.86748769E-04  0.21314624E-03  0.21314624E-03
 0.18322117E+02  0.79445669E-04  0.79445669E-04  0.21708764E-03  0.21708764E-03
 0.18412821E+02  0.70521163E-04  0.70521163E-04  0.21795941E-03  0.21795941E-03
 0.18503525E+02  0.62720886E-04  0.62720886E-04  0.21528406E-03  0.21528406E-03
 0.18594229E+02  0.56588338E-04  0.56588338E-04  0.21190878E-03  0.21190878E-03
 0.18684933E+02  0.50751522E-04  0.50751522E-04  0.20678631E-03  0.20678631E-03
 0.18775638E+02  0.48146788E-04  0.48146788E-04  0.20026616E-03  0.20026616E-03
 0.18866342E+02  0.47058030E-04  0.47058030E-04  0.19592027E-03  0.19592027E-03
 0.18957046E+02  0.45327515E-04  0.45327515E-04  0.19039171E-03  0.19039171E-03
 0.19047750E+02  0.48199118E-04  0.48199118E-04  0.18458171E-03  0.18458171E-03
 0.19138454E+02  0.51093853E-04  0.51093853E-04  0.18519029E-03  0.18519029E-03
 0.19229158E+02  0.48653584E-04  0.48653584E-04  0.18341819E-03  0.18341819E-03
 0.19319863E+02  0.51498849E-04  0.51498849E-04  0.17897473E-03  0.17897473E-03
 0.19410567E+02  0.55378918E-04  0.55378918E-04  0.18103297E-03  0.18103297E-03
 0.19501271E+02  0.55228505E-04  0.55228505E-04  0.18342931E-03  0.18342931E-03
 0.19591975E+02  0.53889816E-04  0.53889816E-04  0.18717306E-03  0.18717306E-03
 0.19682679E+02  0.47688207E-04  0.47688207E-04  0.18811244E-03  0.18811244E-03
 0.19773383E+02  0.44283231E-04  0.44283231E-04  0.18487743E-03  0.18487743E-03
 0.19864088E+02  0.42252650E-04  0.42252650E-04  0.18287906E-03  0.18287906E-03
 0.19954792E+02  0.40230971E-04  0.40230971E-04  0.17987365E-03  0.17987365E-03
 0.20045496E+02  0.39917805E-04  0.39917805E-04  0.17683796E-03  0.17683796E-03
 0.20136200E+02  0.40412495E-04  0.40412495E-04  0.17544921E-03  0.17544921E-03
 0.20226904E+02  0.38563539E-04  0.38563539E-04  0.17494951E-03  0.17494951E-03
 0.20317608E+02  0.36542487E-04  0.36542487E-04  0.17107698E-03  0.17107698E-03
 0.20408312E+02  0.37911445E-04  0.37911445E-04  0.16676756E-03  0.16676756E-03
 0.20499017E+02  0.40947492E-04  0.40947492E-04  0.16492351E-03  0.16492351E-03
 0.20589721E+02  0.42576511E-04  0.42576511E-04  0.16424163E-03  0.16424163E-03
 0.20680425E+02  0.46080120E-04  0.46080120E-04  0.16365967E-03  0.16365967E-03
 0.20771129E+02  0.47568741E-04  0.47568741E-04  0.16608596E-03  0.16608596E-03
 0.20861833E+02  0.49076116E-04  0.49076116E-04  0.16632355E-03  0.16632355E-03
 0.20952538E+02  0.52762635E-04  0.52762635E-04  0.16908893E-03  0.16908893E-03
 0.21043242E+02  0.54217696E-04  0.54217696E-04  0.17600050E-03  0.17600050E-03
 0.21133946E+02  0.50158471E-04  0.50158471E-04  0.18381605E-03  0.18381605E-03
 0.21224650E+02  0.43630350E-04  0.43630350E-04  0.18670872E-03  0.18670872E-03
 0.21315354E+02  0.37454574E-04  0.37454574E-04  0.18911931E-03  0.18911931E-03
 0.21406058E+02  0.29700115E-04  0.29700115E-04  0.18851867E-03  0.18851867E-03
 0.21496763E+02  0.24745473E-04  0.24745473E-04  0.18547747E-03  0.18547747E-03
 0.21587467E+02  0.20906772E-04  0.20906772E-04  0.18357628E-03  0.18357628E-03
 0.21678171E+02  0.17173888E-04  0.17173888E-04  0.18085821E-03  0.18085821E-03
 0.21768875E+02  0.14046770E-04  0.14046770E-04  0.17890466E-03  0.17890466E-03
 0.21859579E+02  0.10092644E-04  0.10092644E-04  0.17604106E-03  0.17604106E-03
 0.21950283E+02  0.70068855E-05  0.70068855E-05  0.17230495E-03  0.17230495E-03
 0.22040988E+02  0.50154658E-05  0.50154658E-05  0.16810216E-03  0.16810216E-03
 0.22131692E+02  0.40139935E-05  0.40139935E-05  0.16433876E-03  0.16433876E-03
 0.22222396E+02  0.34250278E-05  0.34250278E-05  0.16109192E-03  0.16109192E-03
 0.22313100E+02  0.30282461E-05  0.30282461E-05  0.15822849E-03  0.15822849E-03
 0.22403804E+02  0.27374783E-05  0.27374783E-05  0.15565051E-03  0.15565051E-03
 0.22494508E+02  0.25124006E-05  0.25124006E-05  0.15329337E-03  0.15329337E-03
 0.22585213E+02  0.23313784E-05  0.23313784E-05  0.15111302E-03  0.15111302E-03
 0.22675917E+02  0.21816187E-05  0.21816187E-05  0.14907820E-03  0.14907820E-03
 0.22766621E+02  0.20549954E-05  0.20549954E-05  0.14716575E-03  0.14716575E-03
 0.22857325E+02  0.19460641E-05  0.19460641E-05  0.14535812E-03  0.14535812E-03
 0.22948029E+02  0.18510179E-05  0.18510179E-05  0.14364157E-03  0.14364157E-03
 0.23038733E+02  0.17671049E-05  0.17671049E-05  0.14200514E-03  0.14200514E-03
 0.23129438E+02  0.16922780E-05  0.16922780E-05  0.14043990E-03  0.14043990E-03
 0.23220142E+02  0.16249817E-05  0.16249817E-05  0.13893850E-03  0.13893850E-03
 0.23310846E+02  0.15640088E-05  0.15640088E-05  0.13749481E-03  0.13749481E-03
 0.23401550E+02  0.15084057E-05  0.15084057E-05  0.13610360E-03  0.13610360E-03
 0.23492254E+02  0.14574099E-05  0.14574099E-05  0.13476046E-03  0.13476046E-03
 0.23582958E+02  0.14104014E-05  0.14104014E-05  0.13346149E-03  0.13346149E-03
 0.23673663E+02  0.13668725E-05  0.13668725E-05  0.13220338E-03  0.13220338E-03
 0.23764367E+02  0.13264015E-05  0.13264015E-05  0.13098319E-03  0.13098319E-03
 0.23855071E+02  0.12886357E-05  0.12886357E-05  0.12979836E-03  0.12979836E-03
 0.23945775E+02  0.12532766E-05  0.12532766E-05  0.12864656E-03  0.12864656E-03
 0.24036479E+02  0.12200710E-05  0.12200710E-05  0.12752574E-03  0.12752574E-03
 0.24127183E+02  0.11888020E-05  0.11888020E-05  0.12643408E-03  0.12643408E-03
 0.24217888E+02  0.11592819E-05  0.11592819E-05  0.12536991E-03  0.12536991E-03
 0.24308592E+02  0.11313487E-05  0.11313487E-05  0.12433174E-03  0.12433174E-03
 0.24399296E+02  0.11048600E-05  0.11048600E-05  0.12331818E-03  0.12331818E-03
 0.24490000E+02  0.10796918E-05  0.10796918E-05  0.12232800E-03  0.12232800E-03
 0.24580704E+02  0.10557346E-05  0.10557346E-05  0.12136005E-03  0.12136005E-03
 0.24671408E+02  0.10328916E-05  0.10328916E-05  0.12041330E-03  0.12041330E-03
 0.24762113E+02  0.10110761E-05  0.10110761E-05  0.11948676E-03  0.11948676E-03
 0.24852817E+02  0.99021163E-06  0.99021163E-06  0.11857953E-03  0.11857953E-03
 0.24943521E+02  0.97022923E-06  0.97022923E-06  0.11769081E-03  0.11769081E-03
 0.25034225E+02  0.95106692E-06  0.95106692E-06  0.11681981E-03  0.11681981E-03
 0.25124929E+02  0.93266918E-06  0.93266918E-06  0.11596583E-03  0.11596583E-03
 0.25215633E+02  0.91498508E-06  0.91498508E-06  0.11512818E-03  0.11512818E-03
 0.25306338E+02  0.89796907E-06  0.89796907E-06  0.11430625E-03  0.11430625E-03
 0.25397042E+02  0.88157953E-06  0.88157953E-06  0.11349946E-03  0.11349946E-03
 0.25487746E+02  0.86577853E-06  0.86577853E-06  0.11270726E-03  0.11270726E-03
 0.25578450E+02  0.85053102E-06  0.85053102E-06  0.11192911E-03  0.11192911E-03
 0.25669154E+02  0.83580533E-06  0.83580533E-06  0.11116454E-03  0.11116454E-03
 0.25759858E+02  0.82157225E-06  0.82157225E-06  0.11041310E-03  0.11041310E-03
 0.25850563E+02  0.80780475E-06  0.80780475E-06  0.10967434E-03  0.10967434E-03
 0.25941267E+02  0.79447822E-06  0.79447822E-06  0.10894787E-03  0.10894787E-03
 0.26031971E+02  0.78156931E-06  0.78156931E-06  0.10823328E-03  0.10823328E-03
 0.26122675E+02  0.76905697E-06  0.76905697E-06  0.10753020E-03  0.10753020E-03
 0.26213379E+02  0.75692146E-06  0.75692146E-06  0.10683830E-03  0.10683830E-03
 0.26304083E+02  0.74514451E-06  0.74514451E-06  0.10615725E-03  0.10615725E-03
 0.26394788E+02  0.73370883E-06  0.73370883E-06  0.10548670E-03  0.10548670E-03
 0.26485492E+02  0.72259860E-06  0.72259860E-06  0.10482637E-03  0.10482637E-03
 0.26576196E+02  0.71179901E-06  0.71179901E-06  0.10417598E-03  0.10417598E-03
 0.26666900E+02  0.70129608E-06  0.70129608E-06  0.10353524E-03  0.10353524E-03
 0.26757604E+02  0.69107696E-06  0.69107696E-06  0.10290390E-03  0.10290390E-03
 0.26848308E+02  0.68112919E-06  0.68112919E-06  0.10228169E-03  0.10228169E-03
 0.26939013E+02  0.67144145E-06  0.67144145E-06  0.10166838E-03  0.10166838E-03
 0.27029717E+02  0.66200291E-06  0.66200291E-06  0.10106374E-03  0.10106374E-03
 0.27120421E+02  0.65280358E-06  0.65280358E-06  0.10046756E-03  0.10046756E-03
 0.27211125E+02  0.64383366E-06  0.64383366E-06  0.99879605E-04  0.99879605E-04
 0.27301829E+02  0.63508425E-06  0.63508425E-06  0.99299682E-04  0.99299682E-04
 0.27392533E+02  0.62654686E-06  0.62654686E-06  0.98727597E-04  0.98727597E-04
 0.27483238E+02  0.61821339E-06  0.61821339E-06  0.98163159E-04  0.98163159E-04
 0.27573942E+02  0.61007635E-06  0.61007635E-06  0.97606196E-04  0.97606196E-04
 0.27664646E+02  0.60212832E-06  0.60212832E-06  0.97056516E-04  0.97056516E-04
 0.27755350E+02  0.59436258E-06  0.59436258E-06  0.96513960E-04  0.96513960E-04
 0.27846054E+02  0.58677259E-06  0.58677259E-06  0.95978365E-04  0.95978365E-04
 0.27936758E+02  0.57935231E-06  0.57935231E-06  0.95449584E-04  0.95449584E-04
 0.28027463E+02  0.57209568E-06  0.57209568E-06  0.94927447E-04  0.94927447E-04
 0.28118167E+02  0.56499722E-06  0.56499722E-06  0.94411819E-04  0.94411819E-04
 0.28208871E+02  0.55805165E-06  0.55805165E-06  0.93902558E-04  0.93902558E-04
 0.28299575E+02  0.55125395E-06  0.55125395E-06  0.93399535E-04  0.93399535E-04
 0.28390279E+02  0.54459914E-06  0.54459914E-06  0.92902604E-04  0.92902604E-04
 0.28480983E+02  0.53808271E-06  0.53808271E-06  0.92411643E-04  0.92411643E-04
 0.28571688E+02  0.53170027E-06  0.53170027E-06  0.91926531E-04  0.91926531E-04
 0.28662392E+02  0.52544760E-06  0.52544760E-06  0.91447148E-04  0.91447148E-04
 0.28753096E+02  0.51932079E-06  0.51932079E-06  0.90973384E-04  0.90973384E-04
 0.28843800E+02  0.51331581E-06  0.51331581E-06  0.90505113E-04  0.90505113E-04
 0.28934504E+02  0.50742908E-06  0.50742908E-06  0.90042234E-04  0.90042234E-04
 0.29025208E+02  0.50165709E-06  0.50165709E-06  0.89584641E-04  0.89584641E-04
 0.29115913E+02  0.49599651E-06  0.49599651E-06  0.89132239E-04  0.89132239E-04
 0.29206617E+02  0.49044395E-06  0.49044395E-06  0.88684913E-04  0.88684913E-04
 0.29297321E+02  0.48499640E-06  0.48499640E-06  0.88242574E-04  0.88242574E-04
 0.29388025E+02  0.47965087E-06  0.47965087E-06  0.87805130E-04  0.87805130E-04
 0.29478729E+02  0.47440449E-06  0.47440449E-06  0.87372488E-04  0.87372488E-04
 0.29569433E+02  0.46925457E-06  0.46925457E-06  0.86944566E-04  0.86944566E-04
 0.29660137E+02  0.46419833E-06  0.46419833E-06  0.86521265E-04  0.86521265E-04
 0.29750842E+02  0.45923328E-06  0.45923328E-06  0.86102508E-04  0.86102508E-04
 0.29841546E+02  0.45435700E-06  0.45435700E-06  0.85688213E-04  0.85688213E-04
 0.29932250E+02  0.44956717E-06  0.44956717E-06  0.85278308E-04  0.85278308E-04
 0.30022954E+02  0.44486138E-06  0.44486138E-06  0.84872701E-04  0.84872701E-04
 0.30113658E+02  0.44023750E-06  0.44023750E-06  0.84471324E-04  0.84471324E-04
 0.30204363E+02  0.43569345E-06  0.43569345E-06  0.84074105E-04  0.84074105E-04
 0.30295067E+02  0.43122716E-06  0.43122716E-06  0.83680971E-04  0.83680971E-04
 0.30385771E+02  0.42683674E-06  0.42683674E-06  0.83291859E-04  0.83291859E-04
 0.30476475E+02  0.42252017E-06  0.42252017E-06  0.82906689E-04  0.82906689E-04
 0.30567179E+02  0.41827566E-06  0.41827566E-06  0.82525400E-04  0.82525400E-04
 0.30657883E+02  0.41410147E-06  0.41410147E-06  0.82147930E-04  0.82147930E-04
 0.30748588E+02  0.40999592E-06  0.40999592E-06  0.81774219E-04  0.81774219E-04
 0.30839292E+02  0.40595725E-06  0.40595725E-06  0.81404195E-04  0.81404195E-04
 0.30929996E+02  0.40198391E-06  0.40198391E-06  0.81037804E-04  0.81037804E-04
 0.31020700E+02  0.39807438E-06  0.39807438E-06  0.80674988E-04  0.80674988E-04
 0.31111404E+02  0.39422713E-06  0.39422713E-06  0.80315689E-04  0.80315689E-04
 0.31202108E+02  0.39044078E-06  0.39044078E-06  0.79959857E-04  0.79959857E-04
 0.31292813E+02  0.38671381E-06  0.38671381E-06  0.79607425E-04  0.79607425E-04
 0.31383517E+02  0.38304492E-06  0.38304492E-06  0.79258348E-04  0.79258348E-04
 0.31474221E+02  0.37943280E-06  0.37943280E-06  0.78912572E-04  0.78912572E-04
 0.31564925E+02  0.37587622E-06  0.37587622E-06  0.78570052E-04  0.78570052E-04
 0.31655629E+02  0.37237383E-06  0.37237383E-06  0.78230728E-04  0.78230728E-04
 0.31746333E+02  0.36892449E-06  0.36892449E-06  0.77894555E-04  0.77894555E-04
 0.31837037E+02  0.36552704E-06  0.36552704E-06  0.77561488E-04  0.77561488E-04
 0.31927742E+02  0.36218034E-06  0.36218034E-06  0.77231479E-04  0.77231479E-04
 0.32018446E+02  0.35888334E-06  0.35888334E-06  0.76904487E-04  0.76904487E-04
 0.32109150E+02  0.35563489E-06  0.35563489E-06  0.76580458E-04  0.76580458E-04
 0.32199854E+02  0.35243401E-06  0.35243401E-06  0.76259354E-04  0.76259354E-04
 0.32290558E+02  0.34927967E-06  0.34927967E-06  0.75941131E-04  0.75941131E-04
 0.32381263E+02  0.34617096E-06  0.34617096E-06  0.75625754E-04  0.75625754E-04
 0.32471967E+02  0.34310684E-06  0.34310684E-06  0.75313171E-04  0.75313171E-04
 0.32562671E+02  0.34008643E-06  0.34008643E-06  0.75003346E-04  0.75003346E-04
 0.32653375E+02  0.33710883E-06  0.33710883E-06  0.74696242E-04  0.74696242E-04
 0.32744079E+02  0.33417318E-06  0.33417318E-06  0.74391819E-04  0.74391819E-04
 0.32834783E+02  0.33127867E-06  0.33127867E-06  0.74090044E-04  0.74090044E-04
 0.32925488E+02  0.32842438E-06  0.32842438E-06  0.73790872E-04  0.73790872E-04
 0.33016192E+02  0.32560958E-06  0.32560958E-06  0.73494270E-04  0.73494270E-04
 0.33106896E+02  0.32283345E-06  0.32283345E-06  0.73200203E-04  0.73200203E-04
 0.33197600E+02  0.32009530E-06  0.32009530E-06  0.72908642E-04  0.72908642E-04
 0.33288304E+02  0.31739429E-06  0.31739429E-06  0.72619543E-04  0.72619543E-04
 0.33379008E+02  0.31472975E-06  0.31472975E-06  0.72332876E-04  0.72332876E-04
 0.33469713E+02  0.31210098E-06  0.31210098E-06  0.72048610E-04  0.72048610E-04
 0.33560417E+02  0.30950733E-06  0.30950733E-06  0.71766717E-04  0.71766717E-04
 0.33651121E+02  0.30694806E-06  0.30694806E-06  0.71487155E-04  0.71487155E-04
 0.33741825E+02  0.30442255E-06  0.30442255E-06  0.71209900E-04  0.71209900E-04
 0.33832529E+02  0.30193018E-06  0.30193018E-06  0.70934920E-04  0.70934920E-04
 0.33923233E+02  0.29947032E-06  0.29947032E-06  0.70662185E-04  0.70662185E-04
 0.34013937E+02  0.29704240E-06  0.29704240E-06  0.70391672E-04  0.70391672E-04
 0.34104642E+02  0.29464578E-06  0.29464578E-06  0.70123342E-04  0.70123342E-04
 0.34195346E+02  0.29227991E-06  0.29227991E-06  0.69857171E-04  0.69857171E-04
 0.34286050E+02  0.28994423E-06  0.28994423E-06  0.69593133E-04  0.69593133E-04
 0.34376754E+02  0.28763824E-06  0.28763824E-06  0.69331203E-04  0.69331203E-04
 0.34467458E+02  0.28536132E-06  0.28536132E-06  0.69071348E-04  0.69071348E-04
 0.34558163E+02  0.28311300E-06  0.28311300E-06  0.68813544E-04  0.68813544E-04
 0.34648867E+02  0.28089277E-06  0.28089277E-06  0.68557768E-04  0.68557768E-04
 0.34739571E+02  0.27870012E-06  0.27870012E-06  0.68303992E-04  0.68303992E-04
 0.34830275E+02  0.27653462E-06  0.27653462E-06  0.68052196E-04  0.68052196E-04
 0.34920979E+02  0.27439572E-06  0.27439572E-06  0.67802349E-04  0.67802349E-04
 0.35011683E+02  0.27228303E-06  0.27228303E-06  0.67554433E-04  0.67554433E-04
 0.35102388E+02  0.27019602E-06  0.27019602E-06  0.67308418E-04  0.67308418E-04
 0.35193092E+02  0.26813430E-06  0.26813430E-06  0.67064284E-04  0.67064284E-04
 0.35283796E+02  0.26609743E-06  0.26609743E-06  0.66822009E-04  0.66822009E-04
 0.35374500E+02  0.26408498E-06  0.26408498E-06  0.66581570E-04  0.66581570E-04
 0.35465204E+02  0.26209655E-06  0.26209655E-06  0.66342945E-04  0.66342945E-04
 0.35555908E+02  0.26013173E-06  0.26013173E-06  0.66106113E-04  0.66106113E-04
 0.35646613E+02  0.25819013E-06  0.25819013E-06  0.65871053E-04  0.65871053E-04
 0.35737317E+02  0.25627137E-06  0.25627137E-06  0.65637743E-04  0.65637743E-04
 0.35828021E+02  0.25437512E-06  0.25437512E-06  0.65406171E-04  0.65406171E-04
 0.35918725E+02  0.25250091E-06  0.25250091E-06  0.65176301E-04  0.65176301E-04
 0.36009429E+02  0.25064842E-06  0.25064842E-06  0.64948121E-04  0.64948121E-04
 0.36100133E+02  0.24881731E-06  0.24881731E-06  0.64721612E-04  0.64721612E-04
 0.36190838E+02  0.24700723E-06  0.24700723E-06  0.64496753E-04  0.64496753E-04
 0.36281542E+02  0.24521783E-06  0.24521783E-06  0.64273527E-04  0.64273527E-04
 0.36372246E+02  0.24344880E-06  0.24344880E-06  0.64051915E-04  0.64051915E-04
 0.36462950E+02  0.24169981E-06  0.24169981E-06  0.63831898E-04  0.63831898E-04
 0.36553654E+02  0.23997053E-06  0.23997053E-06  0.63613458E-04  0.63613458E-04
 0.36644358E+02  0.23826072E-06  0.23826072E-06  0.63396585E-04  0.63396585E-04
 0.36735063E+02  0.23656996E-06  0.23656996E-06  0.63181247E-04  0.63181247E-04
 0.36825767E+02  0.23489801E-06  0.23489801E-06  0.62967434E-04  0.62967434E-04
 0.36916471E+02  0.23324458E-06  0.23324458E-06  0.62755129E-04  0.62755129E-04
 0.37007175E+02  0.23160936E-06  0.23160936E-06  0.62544315E-04  0.62544315E-04
 0.37097879E+02  0.22999210E-06  0.22999210E-06  0.62334976E-04  0.62334976E-04
 0.37188583E+02  0.22839252E-06  0.22839252E-06  0.62127096E-04  0.62127096E-04
 0.37279288E+02  0.22681033E-06  0.22681033E-06  0.61920659E-04  0.61920659E-04
 0.37369992E+02  0.22524529E-06  0.22524529E-06  0.61715649E-04  0.61715649E-04
 0.37460696E+02  0.22369718E-06  0.22369718E-06  0.61512058E-04  0.61512058E-04
 0.37551400E+02  0.22216565E-06  0.22216565E-06  0.61309857E-04  0.61309857E-04
 0.37642104E+02  0.22065051E-06  0.22065051E-06  0.61109037E-04  0.61109037E-04
 0.37732808E+02  0.21915150E-06  0.21915150E-06  0.60909584E-04  0.60909584E-04
 0.37823512E+02  0.21766838E-06  0.21766838E-06  0.60711483E-04  0.60711483E-04
 0.37914217E+02  0.21620094E-06  0.21620094E-06  0.60514720E-04  0.60514720E-04
 0.38004921E+02  0.21474892E-06  0.21474892E-06  0.60319282E-04  0.60319282E-04
 0.38095625E+02  0.21331212E-06  0.21331212E-06  0.60125153E-04  0.60125153E-04
 0.38186329E+02  0.21189030E-06  0.21189030E-06  0.59932321E-04  0.59932321E-04
 0.38277033E+02  0.21048330E-06  0.21048330E-06  0.59740778E-04  0.59740778E-04
 0.38367737E+02  0.20909081E-06  0.20909081E-06  0.59550498E-04  0.59550498E-04
 0.38458442E+02  0.20771267E-06  0.20771267E-06  0.59361474E-04  0.59361474E-04
 0.38549146E+02  0.20634867E-06  0.20634867E-06  0.59173695E-04  0.59173695E-04
 0.38639850E+02  0.20499862E-06  0.20499862E-06  0.58987145E-04  0.58987145E-04
 0.38730554E+02  0.20366231E-06  0.20366231E-06  0.58801814E-04  0.58801814E-04
 0.38821258E+02  0.20233956E-06  0.20233956E-06  0.58617689E-04  0.58617689E-04
 0.38911963E+02  0.20103016E-06  0.20103016E-06  0.58434758E-04  0.58434758E-04
 0.39002667E+02  0.19973394E-06  0.19973394E-06  0.58253008E-04  0.58253008E-04
 0.39093371E+02  0.19845076E-06  0.19845076E-06  0.58072434E-04  0.58072434E-04
 0.39184075E+02  0.19718034E-06  0.19718034E-06  0.57893012E-04  0.57893012E-04
 0.39274779E+02  0.19592256E-06  0.19592256E-06  0.57714737E-04  0.57714737E-04
 0.39365483E+02  0.19467724E-06  0.19467724E-06  0.57537597E-04  0.57537597E-04
 0.39456188E+02  0.19344421E-06  0.19344421E-06  0.57361580E-04  0.57361580E-04
 0.39546892E+02  0.19222330E-06  0.19222330E-06  0.57186676E-04  0.57186676E-04
 0.39637596E+02  0.19101435E-06  0.19101435E-06  0.57012875E-04  0.57012875E-04
 0.39728300E+02  0.18981719E-06  0.18981719E-06  0.56840164E-04  0.56840164E-04
 0.39819004E+02  0.18863167E-06  0.18863167E-06  0.56668534E-04  0.56668534E-04
 0.39909708E+02  0.18745768E-06  0.18745768E-06  0.56497980E-04  0.56497980E-04
 0.40000413E+02  0.18629497E-06  0.18629497E-06  0.56328480E-04  0.56328480E-04
 0.40091117E+02  0.18514344E-06  0.18514344E-06  0.56160029E-04  0.56160029E-04
 0.40181821E+02  0.18400294E-06  0.18400294E-06  0.55992618E-04  0.55992618E-04
 0.40272525E+02  0.18287332E-06  0.18287332E-06  0.55826236E-04  0.55826236E-04
 0.40363229E+02  0.18175444E-06  0.18175444E-06  0.55660874E-04  0.55660874E-04
 0.40453933E+02  0.18064616E-06  0.18064616E-06  0.55496521E-04  0.55496521E-04
 0.40544638E+02  0.17954834E-06  0.17954834E-06  0.55333170E-04  0.55333170E-04
 0.40635342E+02  0.17846089E-06  0.17846089E-06  0.55170815E-04  0.55170815E-04
 0.40726046E+02  0.17738359E-06  0.17738359E-06  0.55009435E-04  0.55009435E-04
 0.40816750E+02  0.17631635E-06  0.17631635E-06  0.54849029E-04  0.54849029E-04
 0.40907454E+02  0.17525904E-06  0.17525904E-06  0.54689586E-04  0.54689586E-04
 0.40998158E+02  0.17421153E-06  0.17421153E-06  0.54531098E-04  0.54531098E-04
 0.41088862E+02  0.17317371E-06  0.17317371E-06  0.54373555E-04  0.54373555E-04
 0.41179567E+02  0.17214543E-06  0.17214543E-06  0.54216949E-04  0.54216949E-04
 0.41270271E+02  0.17112660E-06  0.17112660E-06  0.54061271E-04  0.54061271E-04
 0.41360975E+02  0.17011708E-06  0.17011708E-06  0.53906514E-04  0.53906514E-04
 0.41451679E+02  0.16911679E-06  0.16911679E-06  0.53752673E-04  0.53752673E-04
 0.41542383E+02  0.16812555E-06  0.16812555E-06  0.53599730E-04  0.53599730E-04
 0.41633088E+02  0.16714328E-06  0.16714328E-06  0.53447682E-04  0.53447682E-04
 0.41723792E+02  0.16616987E-06  0.16616987E-06  0.53296521E-04  0.53296521E-04
 0.41814496E+02  0.16520521E-06  0.16520521E-06  0.53146239E-04  0.53146239E-04
 0.41905200E+02  0.16424919E-06  0.16424919E-06  0.52996827E-04  0.52996827E-04
 0.41995904E+02  0.16330171E-06  0.16330171E-06  0.52848279E-04  0.52848279E-04
 0.42086608E+02  0.16236265E-06  0.16236265E-06  0.52700587E-04  0.52700587E-04
 0.42177313E+02  0.16143193E-06  0.16143193E-06  0.52553742E-04  0.52553742E-04
 0.42268017E+02  0.16050946E-06  0.16050946E-06  0.52407743E-04  0.52407743E-04
 0.42358721E+02  0.15959508E-06  0.15959508E-06  0.52262572E-04  0.52262572E-04
 0.42449425E+02  0.15868874E-06  0.15868874E-06  0.52118227E-04  0.52118227E-04
 0.42540129E+02  0.15779033E-06  0.15779033E-06  0.51974700E-04  0.51974700E-04
 0.42630833E+02  0.15689975E-06  0.15689975E-06  0.51831984E-04  0.51831984E-04
 0.42721538E+02  0.15601691E-06  0.15601691E-06  0.51690073E-04  0.51690073E-04
 0.42812242E+02  0.15514173E-06  0.15514173E-06  0.51548959E-04  0.51548959E-04
 0.42902946E+02  0.15427411E-06  0.15427411E-06  0.51408635E-04  0.51408635E-04
 0.42993650E+02  0.15341395E-06  0.15341395E-06  0.51269095E-04  0.51269095E-04
 0.43084354E+02  0.15256121E-06  0.15256121E-06  0.51130336E-04  0.51130336E-04
 0.43175058E+02  0.15171574E-06  0.15171574E-06  0.50992343E-04  0.50992343E-04
 0.43265763E+02  0.15087747E-06  0.15087747E-06  0.50855113E-04  0.50855113E-04
 0.43356467E+02  0.15004633E-06  0.15004633E-06  0.50718641E-04  0.50718641E-04
 0.43447171E+02  0.14922224E-06  0.14922224E-06  0.50582919E-04  0.50582919E-04
 0.43537875E+02  0.14840510E-06  0.14840510E-06  0.50447941E-04  0.50447941E-04
 0.43628579E+02  0.14759485E-06  0.14759485E-06  0.50313702E-04  0.50313702E-04
 0.43719283E+02  0.14679140E-06  0.14679140E-06  0.50180194E-04  0.50180194E-04
 0.43809988E+02  0.14599467E-06  0.14599467E-06  0.50047412E-04  0.50047412E-04
 0.43900692E+02  0.14520462E-06  0.14520462E-06  0.49915354E-04  0.49915354E-04
 0.43991396E+02  0.14442111E-06  0.14442111E-06  0.49784005E-04  0.49784005E-04
 0.44082100E+02  0.14364409E-06  0.14364409E-06  0.49653363E-04  0.49653363E-04
 0.44172804E+02  0.14287351E-06  0.14287351E-06  0.49523424E-04  0.49523424E-04
 0.44263508E+02  0.14210927E-06  0.14210927E-06  0.49394181E-04  0.49394181E-04
 0.44354213E+02  0.14135130E-06  0.14135130E-06  0.49265628E-04  0.49265628E-04
 0.44444917E+02  0.14059955E-06  0.14059955E-06  0.49137759E-04  0.49137759E-04
 0.44535621E+02  0.13985394E-06  0.13985394E-06  0.49010570E-04  0.49010570E-04
 0.44626325E+02  0.13911439E-06  0.13911439E-06  0.48884054E-04  0.48884054E-04
 0.44717029E+02  0.13838088E-06  0.13838088E-06  0.48758211E-04  0.48758211E-04
 0.44807733E+02  0.13765327E-06  0.13765327E-06  0.48633026E-04  0.48633026E-04
 0.44898438E+02  0.13693154E-06  0.13693154E-06  0.48508498E-04  0.48508498E-04
 0.44989142E+02  0.22184053E-06  0.13621561E-06  0.48383973E-04  0.48384622E-04
 0.45079846E+02  0.30468812E-06  0.13550543E-06  0.48259812E-04  0.48261393E-04
 0.45170550E+02  0.38873161E-06  0.13480092E-06  0.48135976E-04  0.48138806E-04
 0.45261254E+02  0.46860937E-06  0.13410204E-06  0.48012552E-04  0.48016854E-04
 0.45351958E+02  0.54654165E-06  0.13340870E-06  0.47889526E-04  0.47895535E-04
 0.45442662E+02  0.62257577E-06  0.13272087E-06  0.47766908E-04  0.47774841E-04
 0.45533367E+02  0.61910570E-06  0.13203850E-06  0.47646910E-04  0.47654774E-04
 0.45624071E+02  0.69287556E-06  0.13136148E-06  0.47525346E-04  0.47535318E-04
 0.45714775E+02  0.76485057E-06  0.13068978E-06  0.47404208E-04  0.47416474E-04
 0.45805479E+02  0.76060348E-06  0.13002335E-06  0.47286078E-04  0.47298237E-04
 0.45896183E+02  0.91332650E-06  0.12936212E-06  0.47162861E-04  0.47180602E-04
 0.45986888E+02  0.98098651E-06  0.12870604E-06  0.47042988E-04  0.47063565E-04
 0.46077592E+02  0.10469925E-05  0.12805507E-06  0.46923570E-04  0.46947120E-04
 0.46168296E+02  0.10412125E-05  0.12740913E-06  0.46807919E-04  0.46831264E-04
 0.46259000E+02  0.11052600E-05  0.12676819E-06  0.46689573E-04  0.46715991E-04
 0.46349704E+02  0.11677424E-05  0.12613220E-06  0.46571697E-04  0.46601301E-04
 0.46440408E+02  0.11613367E-05  0.12550108E-06  0.46457833E-04  0.46487182E-04
 0.46531113E+02  0.12219700E-05  0.12487479E-06  0.46341021E-04  0.46373633E-04
 0.46621817E+02  0.12811213E-05  0.12425329E-06  0.46224681E-04  0.46260650E-04
 0.46712521E+02  0.13538760E-05  0.12363653E-06  0.46107918E-04  0.46148228E-04
 0.46803225E+02  0.14108239E-05  0.12302445E-06  0.45992454E-04  0.46036364E-04
 0.46893929E+02  0.14663713E-05  0.12241700E-06  0.45877473E-04  0.45925053E-04
 0.46984633E+02  0.14584324E-05  0.12181415E-06  0.45767117E-04  0.45814290E-04
 0.47075338E+02  0.15123375E-05  0.12121583E-06  0.45653198E-04  0.45704073E-04
 0.47166042E+02  0.15649159E-05  0.12062204E-06  0.45539770E-04  0.45594399E-04
 0.47256746E+02  0.15565024E-05  0.12003267E-06  0.45431093E-04  0.45485259E-04
 0.47347450E+02  0.16075289E-05  0.11944770E-06  0.45318714E-04  0.45376651E-04
 0.47438154E+02  0.16572979E-05  0.11886710E-06  0.45206822E-04  0.45268572E-04
 0.47528858E+02  0.17252221E-05  0.11829081E-06  0.45093912E-04  0.45161017E-04
 0.47619563E+02  0.17730905E-05  0.11771880E-06  0.44982915E-04  0.45053984E-04
 0.47710267E+02  0.18197700E-05  0.11715101E-06  0.44872411E-04  0.44947467E-04
 0.47800971E+02  0.18101219E-05  0.11658741E-06  0.44767034E-04  0.44841463E-04
 0.47891675E+02  0.18554215E-05  0.11602795E-06  0.44657566E-04  0.44735968E-04
 0.47982379E+02  0.18995936E-05  0.11547261E-06  0.44548593E-04  0.44630983E-04
 0.48073083E+02  0.18895934E-05  0.11492132E-06  0.44444789E-04  0.44526496E-04
 0.48163788E+02  0.19324605E-05  0.11437405E-06  0.44336835E-04  0.44422507E-04
 0.48254492E+02  0.19742577E-05  0.11383076E-06  0.44229370E-04  0.44319013E-04
 0.48345196E+02  0.20379260E-05  0.11329141E-06  0.44120243E-04  0.44216010E-04
 0.48435900E+02  0.20780784E-05  0.11275597E-06  0.44013671E-04  0.44113494E-04
 0.48526604E+02  0.21172184E-05  0.11222439E-06  0.43907589E-04  0.44011462E-04
 0.48617308E+02  0.21062286E-05  0.11169664E-06  0.43806887E-04  0.43909910E-04
 0.48708013E+02  0.21442074E-05  0.11117268E-06  0.43701804E-04  0.43808836E-04
 0.48798717E+02  0.21331297E-05  0.11065249E-06  0.43602078E-04  0.43708238E-04
 0.48889421E+02  0.21699827E-05  0.11013600E-06  0.43497983E-04  0.43608107E-04
 0.48980125E+02  0.22059020E-05  0.10962319E-06  0.43394370E-04  0.43508443E-04
 0.49070829E+02  0.21945846E-05  0.10911402E-06  0.43296091E-04  0.43409242E-04
 0.49161533E+02  0.22294384E-05  0.10860847E-06  0.43193450E-04  0.43310502E-04
 0.49252237E+02  0.23343943E-05  0.10810649E-06  0.43083542E-04  0.43212218E-04
 0.49342942E+02  0.23225015E-05  0.10760805E-06  0.42986745E-04  0.43114388E-04
 0.49433646E+02  0.23550769E-05  0.10711311E-06  0.42885452E-04  0.43017009E-04
 0.49524350E+02  0.23431339E-05  0.10662165E-06  0.42789571E-04  0.42920077E-04
 0.49615054E+02  0.23747367E-05  0.10613365E-06  0.42689230E-04  0.42823593E-04
 0.49705758E+02  0.24055231E-05  0.10564903E-06  0.42589356E-04  0.42727546E-04
 0.49796462E+02  0.23934082E-05  0.10516780E-06  0.42494844E-04  0.42631937E-04
 0.49887167E+02  0.24232735E-05  0.10468990E-06  0.42395903E-04  0.42536763E-04
 0.49977871E+02  0.24111247E-05  0.10421532E-06  0.42302274E-04  0.42442022E-04
 0.50068575E+02  0.24400964E-05  0.10374402E-06  0.42204255E-04  0.42347709E-04
 0.50159279E+02  0.25365364E-05  0.10327597E-06  0.42098405E-04  0.42253822E-04
 0.50249983E+02  0.25239076E-05  0.10281114E-06  0.42006160E-04  0.42160358E-04
 0.50340687E+02  0.25509189E-05  0.10234951E-06  0.41909444E-04  0.42067318E-04
 0.50431392E+02  0.25382756E-05  0.10189103E-06  0.41818051E-04  0.41974692E-04
 0.50522096E+02  0.25644705E-05  0.10143568E-06  0.41722228E-04  0.41882480E-04
 0.50612800E+02  0.25899702E-05  0.10098343E-06  0.41626857E-04  0.41790679E-04
 0.50703504E+02  0.25772196E-05  0.10053425E-06  0.41536736E-04  0.41699288E-04
 0.50794208E+02  0.26019464E-05  0.10008812E-06  0.41442246E-04  0.41608302E-04
 0.50884913E+02  0.25891937E-05  0.99645005E-07  0.41352946E-04  0.41517720E-04
 0.50975617E+02  0.26131698E-05  0.99204880E-07  0.41259325E-04  0.41427539E-04
 0.51066321E+02  0.27021507E-05  0.98767716E-07  0.41157441E-04  0.41337755E-04
 0.51157025E+02  0.26889974E-05  0.98333502E-07  0.41069439E-04  0.41248370E-04
 0.51247729E+02  0.27112803E-05  0.97902182E-07  0.40977063E-04  0.41159373E-04
 0.51338433E+02  0.26981400E-05  0.97473743E-07  0.40889850E-04  0.41070767E-04
 0.51429138E+02  0.27197373E-05  0.97048160E-07  0.40798319E-04  0.40982549E-04
 0.51519842E+02  0.27066135E-05  0.96625407E-07  0.40711886E-04  0.40894714E-04
 0.51610546E+02  0.27275451E-05  0.96205459E-07  0.40621189E-04  0.40807263E-04
 0.51701250E+02  0.27478992E-05  0.95788289E-07  0.40530918E-04  0.40720190E-04
 0.51791954E+02  0.27347261E-05  0.95373875E-07  0.40445653E-04  0.40633495E-04
 0.51882658E+02  0.27544491E-05  0.94962190E-07  0.40356200E-04  0.40547175E-04
 0.51973363E+02  0.27413018E-05  0.94553224E-07  0.40271691E-04  0.40461229E-04
 0.52064067E+02  0.28233649E-05  0.94146926E-07  0.40174106E-04  0.40375651E-04
 0.52154771E+02  0.28099485E-05  0.93743286E-07  0.40090403E-04  0.40290439E-04
 0.52245475E+02  0.28281473E-05  0.93342280E-07  0.40002523E-04  0.40205593E-04
 0.52336179E+02  0.28147655E-05  0.92943884E-07  0.39919553E-04  0.40121109E-04
 0.52426883E+02  0.28323906E-05  0.92548076E-07  0.39832461E-04  0.40036985E-04
 0.52517588E+02  0.28495103E-05  0.92154834E-07  0.39745775E-04  0.39953220E-04
 0.52608292E+02  0.28361136E-05  0.91764134E-07  0.39663901E-04  0.39869809E-04
 0.52698996E+02  0.28526896E-05  0.91375954E-07  0.39577988E-04  0.39786752E-04
 0.52789700E+02  0.28393348E-05  0.90990286E-07  0.39496825E-04  0.39704049E-04
 0.52880404E+02  0.28553825E-05  0.90607082E-07  0.39411676E-04  0.39621692E-04
 0.52971108E+02  0.28420708E-05  0.90226332E-07  0.39331208E-04  0.39539681E-04
 0.53061813E+02  0.29180620E-05  0.89848017E-07  0.39237723E-04  0.39458014E-04
 0.53152517E+02  0.29045175E-05  0.89472114E-07  0.39158009E-04  0.39376689E-04
 0.53243221E+02  0.29192573E-05  0.89098603E-07  0.39074338E-04  0.39295705E-04
 0.53333925E+02  0.29335540E-05  0.88727463E-07  0.38991051E-04  0.39215057E-04
 0.53424629E+02  0.29200227E-05  0.88358675E-07  0.38912368E-04  0.39134746E-04
 0.53515333E+02  0.29338506E-05  0.87992218E-07  0.38829813E-04  0.39054768E-04
 0.53606037E+02  0.29203741E-05  0.87628084E-07  0.38751797E-04  0.38975124E-04
 0.53696742E+02  0.29337466E-05  0.87266229E-07  0.38669964E-04  0.38895806E-04
 0.53787446E+02  0.29203255E-05  0.86906645E-07  0.38592602E-04  0.38816816E-04
 0.53878150E+02  0.29332551E-05  0.86549315E-07  0.38511482E-04  0.38738151E-04
 0.53968854E+02  0.29198910E-05  0.86194218E-07  0.38434767E-04  0.38659809E-04
 0.54059558E+02  0.29323907E-05  0.85841335E-07  0.38354350E-04  0.38581788E-04
 0.54150263E+02  0.29769659E-05  0.85490649E-07  0.38269167E-04  0.38504086E-04
 0.54240967E+02  0.29887698E-05  0.85142139E-07  0.38189433E-04  0.38426701E-04
 0.54331671E+02  0.30001948E-05  0.84795790E-07  0.38110060E-04  0.38349631E-04
 0.54422375E+02  0.29866676E-05  0.84451593E-07  0.38035009E-04  0.38272877E-04
 0.54513079E+02  0.29976998E-05  0.84109507E-07  0.37956318E-04  0.38196432E-04
 0.54603783E+02  0.29842375E-05  0.83769527E-07  0.37881881E-04  0.38120296E-04
 0.54694488E+02  0.29948881E-05  0.83431636E-07  0.37803864E-04  0.38044467E-04
 0.54785192E+02  0.29814918E-05  0.83095815E-07  0.37730037E-04  0.37968944E-04
 0.54875896E+02  0.29917712E-05  0.82762047E-07  0.37652685E-04  0.37893725E-04
 0.54966600E+02  0.29784423E-05  0.82430317E-07  0.37579460E-04  0.37818807E-04
 0.55057304E+02  0.29883612E-05  0.82100606E-07  0.37502764E-04  0.37744190E-04
 0.55148008E+02  0.29751001E-05  0.81772898E-07  0.37430133E-04  0.37669870E-04
 0.55238713E+02  0.30401555E-05  0.81447189E-07  0.37344948E-04  0.37595850E-04
 0.55329417E+02  0.30267207E-05  0.81123438E-07  0.37272966E-04  0.37522121E-04
 0.55420121E+02  0.30356909E-05  0.80801643E-07  0.37197556E-04  0.37448685E-04
 0.55510825E+02  0.30223284E-05  0.80481786E-07  0.37126153E-04  0.37375540E-04
 0.55601529E+02  0.30309708E-05  0.80163851E-07  0.37051375E-04  0.37302685E-04
 0.55692233E+02  0.30176809E-05  0.79847824E-07  0.36980543E-04  0.37230117E-04
 0.55782938E+02  0.30260046E-05  0.79533688E-07  0.36906390E-04  0.37157834E-04
 0.55873642E+02  0.30127880E-05  0.79221429E-07  0.36836122E-04  0.37085836E-04
 0.55964346E+02  0.30208022E-05  0.78911031E-07  0.36762586E-04  0.37014120E-04
 0.56055050E+02  0.30076596E-05  0.78602491E-07  0.36692878E-04  0.36942688E-04
 0.56145754E+02  0.30153726E-05  0.78295771E-07  0.36619950E-04  0.36871532E-04
 0.56236458E+02  0.30023037E-05  0.77990868E-07  0.36550790E-04  0.36800653E-04
 0.56327163E+02  0.30630134E-05  0.77687767E-07  0.36469405E-04  0.36730050E-04
 0.56417867E+02  0.30497921E-05  0.77386455E-07  0.36400849E-04  0.36659721E-04
 0.56508571E+02  0.30566869E-05  0.77086916E-07  0.36329120E-04  0.36589665E-04
 0.56599275E+02  0.30435429E-05  0.76789136E-07  0.36261100E-04  0.36519879E-04
 0.56689979E+02  0.30501646E-05  0.76493103E-07  0.36189958E-04  0.36450363E-04
 0.56780683E+02  0.30370984E-05  0.76198801E-07  0.36122467E-04  0.36381114E-04
 0.56871388E+02  0.30434542E-05  0.75906228E-07  0.36051907E-04  0.36312135E-04
 0.56962092E+02  0.30304660E-05  0.75615349E-07  0.35984939E-04  0.36243417E-04
 0.57052796E+02  0.30365632E-05  0.75326161E-07  0.35914949E-04  0.36174962E-04
 0.57143500E+02  0.30236529E-05  0.75038652E-07  0.35848498E-04  0.36106769E-04
 0.57234204E+02  0.30294987E-05  0.74752807E-07  0.35779074E-04  0.36038836E-04
 0.57324908E+02  0.30166667E-05  0.74468615E-07  0.35713133E-04  0.35971162E-04
 0.57415613E+02  0.30222680E-05  0.74186061E-07  0.35644268E-04  0.35903744E-04
 0.57506317E+02  0.30605549E-05  0.73905133E-07  0.35569942E-04  0.35836582E-04
 0.57597021E+02  0.30656931E-05  0.73625820E-07  0.35501635E-04  0.35769674E-04
 0.57687725E+02  0.30528075E-05  0.73348117E-07  0.35436758E-04  0.35703021E-04
 0.57778429E+02  0.30577176E-05  0.73071993E-07  0.35368996E-04  0.35636617E-04
 0.57869133E+02  0.30449126E-05  0.72797446E-07  0.35304608E-04  0.35570463E-04
 0.57959837E+02  0.30496010E-05  0.72524463E-07  0.35237385E-04  0.35504557E-04
 0.58050542E+02  0.30368769E-05  0.72253033E-07  0.35173483E-04  0.35438897E-04
 0.58141246E+02  0.30413496E-05  0.71983143E-07  0.35106793E-04  0.35373484E-04
 0.58231950E+02  0.30287062E-05  0.71714781E-07  0.35043370E-04  0.35308314E-04
 0.58322654E+02  0.30329693E-05  0.71447937E-07  0.34977206E-04  0.35243387E-04
 0.58413358E+02  0.30204067E-05  0.71182598E-07  0.34914257E-04  0.35178702E-04
 0.58504063E+02  0.30244665E-05  0.70918763E-07  0.34848614E-04  0.35114258E-04
 0.58594767E+02  0.30119843E-05  0.70656400E-07  0.34786135E-04  0.35050052E-04
 0.58685471E+02  0.30158456E-05  0.70395510E-07  0.34721003E-04  0.34986082E-04
 0.58776175E+02  0.30521978E-05  0.70136080E-07  0.34650295E-04  0.34922348E-04
 0.58866879E+02  0.30556570E-05  0.69878099E-07  0.34585681E-04  0.34858849E-04
 0.58957583E+02  0.30431403E-05  0.69621556E-07  0.34524178E-04  0.34795584E-04
 0.59048288E+02  0.30464146E-05  0.69366441E-07  0.34460066E-04  0.34732550E-04
 0.59138992E+02  0.30339804E-05  0.69112743E-07  0.34399015E-04  0.34669747E-04
 0.59229696E+02  0.30370753E-05  0.68860451E-07  0.34335398E-04  0.34607174E-04
 0.59320400E+02  0.30247235E-05  0.68609564E-07  0.34274797E-04  0.34544831E-04
 0.59411104E+02  0.30276438E-05  0.68360053E-07  0.34211669E-04  0.34482713E-04
 0.59501808E+02  0.30153737E-05  0.68111918E-07  0.34151507E-04  0.34420820E-04
 0.59592513E+02  0.30181246E-05  0.67865147E-07  0.34088862E-04  0.34359152E-04
 0.59683217E+02  0.30059362E-05  0.67619731E-07  0.34029138E-04  0.34297707E-04
 0.59773921E+02  0.30085219E-05  0.67375660E-07  0.33966971E-04  0.34236485E-04
 0.59864625E+02  0.29964149E-05  0.67132924E-07  0.33907678E-04  0.34175482E-04
 0.59955329E+02  0.29843775E-05  0.66891513E-07  0.33848590E-04  0.34114700E-04
 0.60046033E+02  0.30334659E-05  0.66651417E-07  0.33778637E-04  0.34054136E-04
 0.60136738E+02  0.30213256E-05  0.66412634E-07  0.33720030E-04  0.33993791E-04
 0.60227442E+02  0.30234138E-05  0.66175140E-07  0.33659034E-04  0.33933660E-04
 0.60318146E+02  0.30113556E-05  0.65938932E-07  0.33600844E-04  0.33873744E-04
 0.60408850E+02  0.30132950E-05  0.65704002E-07  0.33540307E-04  0.33814041E-04
 0.60499554E+02  0.30013187E-05  0.65470339E-07  0.33482532E-04  0.33754551E-04
 0.60590258E+02  0.30031135E-05  0.65237935E-07  0.33422449E-04  0.33695273E-04
 0.60680962E+02  0.29912189E-05  0.65006780E-07  0.33365083E-04  0.33636204E-04
 0.60771667E+02  0.29928728E-05  0.64776866E-07  0.33305448E-04  0.33577345E-04
 0.60862371E+02  0.29810599E-05  0.64548192E-07  0.33248490E-04  0.33518696E-04
 0.60953075E+02  0.29825774E-05  0.64320732E-07  0.33189298E-04  0.33460251E-04
 0.61043779E+02  0.29708451E-05  0.64094486E-07  0.33132739E-04  0.33402013E-04
 0.61134483E+02  0.29722298E-05  0.63869445E-07  0.33073985E-04  0.33343979E-04
 0.61225188E+02  0.29605779E-05  0.63645600E-07  0.33017823E-04  0.33286148E-04
 0.61315892E+02  0.29937146E-05  0.63422944E-07  0.32953627E-04  0.33228520E-04
 0.61406596E+02  0.29948036E-05  0.63201467E-07  0.32895525E-04  0.33171094E-04
 0.61497300E+02  0.29831256E-05  0.62981161E-07  0.32839992E-04  0.33113868E-04
 0.61588004E+02  0.29840917E-05  0.62762018E-07  0.32782316E-04  0.33056841E-04
 0.61678708E+02  0.29724951E-05  0.62544037E-07  0.32727170E-04  0.33000014E-04
 0.61769412E+02  0.29733416E-05  0.62327194E-07  0.32669915E-04  0.32943383E-04
 0.61860117E+02  0.29618253E-05  0.62111490E-07  0.32615149E-04  0.32886947E-04
 0.61950821E+02  0.29625556E-05  0.61896915E-07  0.32558309E-04  0.32830707E-04
 0.62041525E+02  0.29511195E-05  0.61683463E-07  0.32503921E-04  0.32774661E-04
 0.62132229E+02  0.29517368E-05  0.61471125E-07  0.32447493E-04  0.32718808E-04
 0.62222933E+02  0.29403808E-05  0.61259901E-07  0.32393479E-04  0.32663150E-04
 0.62313638E+02  0.29290864E-05  0.61049768E-07  0.32339642E-04  0.32607680E-04
 0.62404342E+02  0.29296115E-05  0.60840727E-07  0.32283811E-04  0.32552400E-04
 0.62495046E+02  0.29183957E-05  0.60632768E-07  0.32230341E-04  0.32497310E-04
 0.62585750E+02  0.29188144E-05  0.60425885E-07  0.32174911E-04  0.32442407E-04
 0.62676454E+02  0.29504492E-05  0.60220071E-07  0.32113853E-04  0.32387692E-04
 0.62767158E+02  0.29505957E-05  0.60015317E-07  0.32058837E-04  0.32333163E-04
 0.62857863E+02  0.29393770E-05  0.59811618E-07  0.32006137E-04  0.32278819E-04
 0.62948567E+02  0.29394252E-05  0.59608964E-07  0.31951511E-04  0.32224660E-04
 0.63039271E+02  0.29282855E-05  0.59407349E-07  0.31899166E-04  0.32170684E-04
 0.63129975E+02  0.29172056E-05  0.59206766E-07  0.31846992E-04  0.32116890E-04
 0.63220679E+02  0.29171768E-05  0.59007209E-07  0.31792935E-04  0.32063278E-04
 0.63311383E+02  0.29061751E-05  0.58808668E-07  0.31741110E-04  0.32009846E-04
 0.63402088E+02  0.29060533E-05  0.58611139E-07  0.31687434E-04  0.31956594E-04
 0.63492792E+02  0.28951291E-05  0.58414613E-07  0.31635955E-04  0.31903521E-04
 0.63583496E+02  0.28949175E-05  0.58219084E-07  0.31582656E-04  0.31850625E-04
 0.63674200E+02  0.28840702E-05  0.58024545E-07  0.31531520E-04  0.31797906E-04
 0.63764904E+02  0.28837717E-05  0.57831004E-07  0.31478597E-04  0.31745367E-04
 0.63855608E+02  0.28730012E-05  0.57638425E-07  0.31427799E-04  0.31693000E-04
 0.63946313E+02  0.28622877E-05  0.57446817E-07  0.31377164E-04  0.31640807E-04
 0.64037017E+02  0.28619224E-05  0.57256172E-07  0.31324779E-04  0.31588787E-04
 0.64127721E+02  0.28921105E-05  0.57066484E-07  0.31266839E-04  0.31536939E-04
 0.64218425E+02  0.28915065E-05  0.56877746E-07  0.31214835E-04  0.31485263E-04
 0.64309129E+02  0.28807955E-05  0.56689953E-07  0.31164909E-04  0.31433758E-04
 0.64399833E+02  0.28801133E-05  0.56503097E-07  0.31113263E-04  0.31382423E-04
 0.64490538E+02  0.28694784E-05  0.56317173E-07  0.31063663E-04  0.31331257E-04
 0.64581242E+02  0.28588995E-05  0.56132175E-07  0.31014220E-04  0.31280259E-04
 0.64671946E+02  0.28581611E-05  0.55948095E-07  0.30963096E-04  0.31229428E-04
 0.64762650E+02  0.28476571E-05  0.55764929E-07  0.30913975E-04  0.31178764E-04
 0.64853354E+02  0.28468453E-05  0.55582669E-07  0.30863200E-04  0.31128266E-04
 0.64944058E+02  0.28364157E-05  0.55401310E-07  0.30814397E-04  0.31077933E-04
 0.65034762E+02  0.28355324E-05  0.55220846E-07  0.30763968E-04  0.31027763E-04
 0.65125467E+02  0.28251769E-05  0.55041270E-07  0.30715481E-04  0.30977757E-04
 0.65216171E+02  0.28148752E-05  0.54862578E-07  0.30667145E-04  0.30927914E-04
 0.65306875E+02  0.28139428E-05  0.54684775E-07  0.30617222E-04  0.30878236E-04
 0.65397579E+02  0.28037142E-05  0.54507831E-07  0.30569196E-04  0.30828715E-04
 0.65488283E+02  0.28027142E-05  0.54331753E-07  0.30519607E-04  0.30779354E-04
 0.65578988E+02  0.27925578E-05  0.54156535E-07  0.30471888E-04  0.30730152E-04
 0.65669692E+02  0.28303849E-05  0.53982171E-07  0.30415313E-04  0.30681109E-04
 0.65760396E+02  0.28201626E-05  0.53808656E-07  0.30367941E-04  0.30632224E-04
 0.65851100E+02  0.28099928E-05  0.53635984E-07  0.30320715E-04  0.30583496E-04
 0.65941804E+02  0.28087409E-05  0.53464149E-07  0.30271961E-04  0.30534924E-04
 0.66032508E+02  0.27986436E-05  0.53293147E-07  0.30225035E-04  0.30486508E-04
 0.66123212E+02  0.27973319E-05  0.53122972E-07  0.30176606E-04  0.30438246E-04
 0.66213917E+02  0.27873063E-05  0.52953618E-07  0.30129977E-04  0.30390138E-04
 0.66304621E+02  0.27859367E-05  0.52785080E-07  0.30081869E-04  0.30342183E-04
 0.66395325E+02  0.27759826E-05  0.52617353E-07  0.30035533E-04  0.30294381E-04
 0.66486029E+02  0.27660790E-05  0.52450431E-07  0.29989338E-04  0.30246731E-04
 0.66576733E+02  0.27646735E-05  0.52284310E-07  0.29941699E-04  0.30199232E-04
 0.66667438E+02  0.27548401E-05  0.52118984E-07  0.29895793E-04  0.30151883E-04
 0.66758142E+02  0.27533801E-05  0.51954448E-07  0.29848467E-04  0.30104684E-04
 0.66848846E+02  0.27436167E-05  0.51790697E-07  0.29802848E-04  0.30057633E-04
 0.66939550E+02  0.27339029E-05  0.51627738E-07  0.29757371E-04  0.30010734E-04
 0.67030254E+02  0.27324104E-05  0.51465542E-07  0.29710501E-04  0.29963980E-04
 0.67120958E+02  0.27227650E-05  0.51304116E-07  0.29665303E-04  0.29917372E-04
 0.67211663E+02  0.27583483E-05  0.51143455E-07  0.29611746E-04  0.29870910E-04
 0.67302367E+02  0.27486428E-05  0.50983555E-07  0.29566867E-04  0.29824593E-04
 0.67393071E+02  0.27389860E-05  0.50824410E-07  0.29522122E-04  0.29778421E-04
 0.67483775E+02  0.27372799E-05  0.50666015E-07  0.29476020E-04  0.29732393E-04
 0.67574479E+02  0.27276916E-05  0.50508367E-07  0.29431551E-04  0.29686509E-04
 0.67665183E+02  0.27259390E-05  0.50351459E-07  0.29385746E-04  0.29640767E-04
 0.67755888E+02  0.27164189E-05  0.50195288E-07  0.29341550E-04  0.29595167E-04
 0.67846592E+02  0.27146210E-05  0.50039849E-07  0.29296040E-04  0.29549708E-04
 0.67937296E+02  0.27051686E-05  0.49885138E-07  0.29252114E-04  0.29504390E-04
 0.68028000E+02  0.26957630E-05  0.49731149E-07  0.29208319E-04  0.29459213E-04
