#   iter=  100   gam= 0.36749324E-02   kpref= 0.67886214E-04
     #   Energy           Spect        Spect(0)            SPKK         SPKK(0)
-0.40817000E+02  0.80782236E-07  0.80782236E-07 -0.38326684E-04 -0.38326684E-04
-0.40726296E+02  0.81096901E-07  0.81096901E-07 -0.38400099E-04 -0.38400099E-04
-0.40635592E+02  0.81413436E-07  0.81413436E-07 -0.38473800E-04 -0.38473800E-04
-0.40544887E+02  0.81731857E-07  0.81731857E-07 -0.38547789E-04 -0.38547789E-04
-0.40454183E+02  0.82052167E-07  0.82052167E-07 -0.38622066E-04 -0.38622066E-04
-0.40363479E+02  0.82374404E-07  0.82374404E-07 -0.38696636E-04 -0.38696636E-04
-0.40272775E+02  0.82698574E-07  0.82698574E-07 -0.38771499E-04 -0.38771499E-04
-0.40182071E+02  0.83024690E-07  0.83024690E-07 -0.38846658E-04 -0.38846658E-04
-0.40091367E+02  0.83352770E-07  0.83352770E-07 -0.38922113E-04 -0.38922113E-04
-0.40000662E+02  0.83682829E-07  0.83682829E-07 -0.38997866E-04 -0.38997866E-04
-0.39909958E+02  0.84014884E-07  0.84014884E-07 -0.39073920E-04 -0.39073920E-04
-0.39819254E+02  0.84348950E-07  0.84348950E-07 -0.39150276E-04 -0.39150276E-04
-0.39728550E+02  0.84685045E-07  0.84685045E-07 -0.39226936E-04 -0.39226936E-04
-0.39637846E+02  0.85023172E-07  0.85023172E-07 -0.39303899E-04 -0.39303899E-04
-0.39547142E+02  0.85363374E-07  0.85363374E-07 -0.39381172E-04 -0.39381172E-04
-0.39456437E+02  0.85705655E-07  0.85705655E-07 -0.39458755E-04 -0.39458755E-04
-0.39365733E+02  0.86050031E-07  0.86050031E-07 -0.39536649E-04 -0.39536649E-04
-0.39275029E+02  0.86396522E-07  0.86396522E-07 -0.39614857E-04 -0.39614857E-04
-0.39184325E+02  0.86745143E-07  0.86745143E-07 -0.39693379E-04 -0.39693379E-04
-0.39093621E+02  0.87095914E-07  0.87095914E-07 -0.39772219E-04 -0.39772219E-04
-0.39002917E+02  0.87448851E-07  0.87448851E-07 -0.39851378E-04 -0.39851378E-04
-0.38912212E+02  0.87803974E-07  0.87803974E-07 -0.39930858E-04 -0.39930858E-04
-0.38821508E+02  0.88161288E-07  0.88161288E-07 -0.40010659E-04 -0.40010659E-04
-0.38730804E+02  0.88520836E-07  0.88520836E-07 -0.40090787E-04 -0.40090787E-04
-0.38640100E+02  0.88882625E-07  0.88882625E-07 -0.40171243E-04 -0.40171243E-04
-0.38549396E+02  0.89246674E-07  0.89246674E-07 -0.40252027E-04 -0.40252027E-04
-0.38458692E+02  0.89613001E-07  0.89613001E-07 -0.40333143E-04 -0.40333143E-04
-0.38367987E+02  0.89981627E-07  0.89981627E-07 -0.40414592E-04 -0.40414592E-04
-0.38277283E+02  0.90352571E-07  0.90352571E-07 -0.40496377E-04 -0.40496377E-04
-0.38186579E+02  0.90725853E-07  0.90725853E-07 -0.40578499E-04 -0.40578499E-04
-0.38095875E+02  0.91101491E-07  0.91101491E-07 -0.40660961E-04 -0.40660961E-04
-0.38005171E+02  0.91479495E-07  0.91479495E-07 -0.40743762E-04 -0.40743762E-04
-0.37914467E+02  0.91859910E-07  0.91859910E-07 -0.40826909E-04 -0.40826909E-04
-0.37823762E+02  0.92242745E-07  0.92242745E-07 -0.40910403E-04 -0.40910403E-04
-0.37733058E+02  0.92628019E-07  0.92628019E-07 -0.40994245E-04 -0.40994245E-04
-0.37642354E+02  0.93015754E-07  0.93015754E-07 -0.41078437E-04 -0.41078437E-04
-0.37551650E+02  0.93405971E-07  0.93405971E-07 -0.41162983E-04 -0.41162983E-04
-0.37460946E+02  0.93798692E-07  0.93798692E-07 -0.41247883E-04 -0.41247883E-04
-0.37370242E+02  0.94193939E-07  0.94193939E-07 -0.41333141E-04 -0.41333141E-04
-0.37279537E+02  0.94591733E-07  0.94591733E-07 -0.41418758E-04 -0.41418758E-04
-0.37188833E+02  0.94992084E-07  0.94992084E-07 -0.41504735E-04 -0.41504735E-04
-0.37098129E+02  0.95395042E-07  0.95395042E-07 -0.41591078E-04 -0.41591078E-04
-0.37007425E+02  0.95800615E-07  0.95800615E-07 -0.41677789E-04 -0.41677789E-04
-0.36916721E+02  0.96208826E-07  0.96208826E-07 -0.41764868E-04 -0.41764868E-04
-0.36826017E+02  0.96619699E-07  0.96619699E-07 -0.41852319E-04 -0.41852319E-04
-0.36735312E+02  0.97033258E-07  0.97033258E-07 -0.41940144E-04 -0.41940144E-04
-0.36644608E+02  0.97449526E-07  0.97449526E-07 -0.42028345E-04 -0.42028345E-04
-0.36553904E+02  0.97868528E-07  0.97868528E-07 -0.42116925E-04 -0.42116925E-04
-0.36463200E+02  0.98290286E-07  0.98290286E-07 -0.42205886E-04 -0.42205886E-04
-0.36372496E+02  0.98714813E-07  0.98714813E-07 -0.42295228E-04 -0.42295228E-04
-0.36281792E+02  0.99142163E-07  0.99142163E-07 -0.42384959E-04 -0.42384959E-04
-0.36191087E+02  0.99572344E-07  0.99572344E-07 -0.42475080E-04 -0.42475080E-04
-0.36100383E+02  0.10000538E-06  0.10000538E-06 -0.42565592E-04 -0.42565592E-04
-0.36009679E+02  0.10044131E-06  0.10044131E-06 -0.42656497E-04 -0.42656497E-04
-0.35918975E+02  0.10088014E-06  0.10088014E-06 -0.42747800E-04 -0.42747800E-04
-0.35828271E+02  0.10132191E-06  0.10132191E-06 -0.42839502E-04 -0.42839502E-04
-0.35737567E+02  0.10176665E-06  0.10176665E-06 -0.42931606E-04 -0.42931606E-04
-0.35646862E+02  0.10221437E-06  0.10221437E-06 -0.43024114E-04 -0.43024114E-04
-0.35556158E+02  0.10266510E-06  0.10266510E-06 -0.43117027E-04 -0.43117027E-04
-0.35465454E+02  0.10311889E-06  0.10311889E-06 -0.43210354E-04 -0.43210354E-04
-0.35374750E+02  0.10357575E-06  0.10357575E-06 -0.43304093E-04 -0.43304093E-04
-0.35284046E+02  0.10403571E-06  0.10403571E-06 -0.43398248E-04 -0.43398248E-04
-0.35193342E+02  0.10449880E-06  0.10449880E-06 -0.43492822E-04 -0.43492822E-04
-0.35102638E+02  0.10496505E-06  0.10496505E-06 -0.43587817E-04 -0.43587817E-04
-0.35011933E+02  0.10543449E-06  0.10543449E-06 -0.43683237E-04 -0.43683237E-04
-0.34921229E+02  0.10590715E-06  0.10590715E-06 -0.43779083E-04 -0.43779083E-04
-0.34830525E+02  0.10638304E-06  0.10638304E-06 -0.43875357E-04 -0.43875357E-04
-0.34739821E+02  0.10686223E-06  0.10686223E-06 -0.43972067E-04 -0.43972067E-04
-0.34649117E+02  0.10734473E-06  0.10734473E-06 -0.44069213E-04 -0.44069213E-04
-0.34558413E+02  0.10783056E-06  0.10783056E-06 -0.44166799E-04 -0.44166799E-04
-0.34467708E+02  0.10831977E-06  0.10831977E-06 -0.44264826E-04 -0.44264826E-04
-0.34377004E+02  0.10881238E-06  0.10881238E-06 -0.44363299E-04 -0.44363299E-04
-0.34286300E+02  0.10930843E-06  0.10930843E-06 -0.44462220E-04 -0.44462220E-04
-0.34195596E+02  0.10980795E-06  0.10980795E-06 -0.44561593E-04 -0.44561593E-04
-0.34104892E+02  0.11031097E-06  0.11031097E-06 -0.44661420E-04 -0.44661420E-04
-0.34014187E+02  0.11081750E-06  0.11081750E-06 -0.44761702E-04 -0.44761702E-04
-0.33923483E+02  0.11132762E-06  0.11132762E-06 -0.44862448E-04 -0.44862448E-04
-0.33832779E+02  0.11184135E-06  0.11184135E-06 -0.44963659E-04 -0.44963659E-04
-0.33742075E+02  0.11235871E-06  0.11235871E-06 -0.45065337E-04 -0.45065337E-04
-0.33651371E+02  0.11287975E-06  0.11287975E-06 -0.45167486E-04 -0.45167486E-04
-0.33560667E+02  0.11340450E-06  0.11340450E-06 -0.45270109E-04 -0.45270109E-04
-0.33469962E+02  0.11393299E-06  0.11393299E-06 -0.45373210E-04 -0.45373210E-04
-0.33379258E+02  0.11446526E-06  0.11446526E-06 -0.45476793E-04 -0.45476793E-04
-0.33288554E+02  0.11500135E-06  0.11500135E-06 -0.45580859E-04 -0.45580859E-04
-0.33197850E+02  0.11554128E-06  0.11554128E-06 -0.45685410E-04 -0.45685410E-04
-0.33107146E+02  0.11608511E-06  0.11608511E-06 -0.45790456E-04 -0.45790456E-04
-0.33016442E+02  0.11663288E-06  0.11663288E-06 -0.45895997E-04 -0.45895997E-04
-0.32925737E+02  0.11718462E-06  0.11718462E-06 -0.46002037E-04 -0.46002037E-04
-0.32835033E+02  0.11774037E-06  0.11774037E-06 -0.46108579E-04 -0.46108579E-04
-0.32744329E+02  0.11830017E-06  0.11830017E-06 -0.46215627E-04 -0.46215627E-04
-0.32653625E+02  0.11886406E-06  0.11886406E-06 -0.46323184E-04 -0.46323184E-04
-0.32562921E+02  0.11943207E-06  0.11943207E-06 -0.46431255E-04 -0.46431255E-04
-0.32472217E+02  0.12000426E-06  0.12000426E-06 -0.46539843E-04 -0.46539843E-04
-0.32381512E+02  0.12058064E-06  0.12058064E-06 -0.46648948E-04 -0.46648948E-04
-0.32290808E+02  0.12116130E-06  0.12116130E-06 -0.46758582E-04 -0.46758582E-04
-0.32200104E+02  0.12174625E-06  0.12174625E-06 -0.46868744E-04 -0.46868744E-04
-0.32109400E+02  0.12233554E-06  0.12233554E-06 -0.46979439E-04 -0.46979439E-04
-0.32018696E+02  0.12292923E-06  0.12292923E-06 -0.47090670E-04 -0.47090670E-04
-0.31927992E+02  0.12352734E-06  0.12352734E-06 -0.47202441E-04 -0.47202441E-04
-0.31837287E+02  0.12412992E-06  0.12412992E-06 -0.47314758E-04 -0.47314758E-04
-0.31746583E+02  0.12473703E-06  0.12473703E-06 -0.47427622E-04 -0.47427622E-04
-0.31655879E+02  0.12534870E-06  0.12534870E-06 -0.47541040E-04 -0.47541040E-04
-0.31565175E+02  0.12596497E-06  0.12596497E-06 -0.47655010E-04 -0.47655010E-04
-0.31474471E+02  0.12658592E-06  0.12658592E-06 -0.47769546E-04 -0.47769546E-04
-0.31383767E+02  0.12721158E-06  0.12721158E-06 -0.47884647E-04 -0.47884647E-04
-0.31293062E+02  0.12784199E-06  0.12784199E-06 -0.48000317E-04 -0.48000317E-04
-0.31202358E+02  0.12847722E-06  0.12847722E-06 -0.48116561E-04 -0.48116561E-04
-0.31111654E+02  0.12911730E-06  0.12911730E-06 -0.48233384E-04 -0.48233384E-04
-0.31020950E+02  0.12976229E-06  0.12976229E-06 -0.48350790E-04 -0.48350790E-04
-0.30930246E+02  0.13041224E-06  0.13041224E-06 -0.48468783E-04 -0.48468783E-04
-0.30839542E+02  0.13106721E-06  0.13106721E-06 -0.48587367E-04 -0.48587367E-04
-0.30748837E+02  0.13172721E-06  0.13172721E-06 -0.48706544E-04 -0.48706544E-04
-0.30658133E+02  0.13239236E-06  0.13239236E-06 -0.48826326E-04 -0.48826326E-04
-0.30567429E+02  0.13306268E-06  0.13306268E-06 -0.48946713E-04 -0.48946713E-04
-0.30476725E+02  0.13373822E-06  0.13373822E-06 -0.49067711E-04 -0.49067711E-04
-0.30386021E+02  0.13441905E-06  0.13441905E-06 -0.49189324E-04 -0.49189324E-04
-0.30295317E+02  0.13510522E-06  0.13510522E-06 -0.49311557E-04 -0.49311557E-04
-0.30204612E+02  0.13579679E-06  0.13579679E-06 -0.49434415E-04 -0.49434415E-04
-0.30113908E+02  0.13649381E-06  0.13649381E-06 -0.49557903E-04 -0.49557903E-04
-0.30023204E+02  0.13719635E-06  0.13719635E-06 -0.49682025E-04 -0.49682025E-04
-0.29932500E+02  0.13790443E-06  0.13790443E-06 -0.49806782E-04 -0.49806782E-04
-0.29841796E+02  0.13861818E-06  0.13861818E-06 -0.49932189E-04 -0.49932189E-04
-0.29751092E+02  0.13933762E-06  0.13933762E-06 -0.50058246E-04 -0.50058246E-04
-0.29660387E+02  0.14006281E-06  0.14006281E-06 -0.50184958E-04 -0.50184958E-04
-0.29569683E+02  0.14079383E-06  0.14079383E-06 -0.50312330E-04 -0.50312330E-04
-0.29478979E+02  0.14153073E-06  0.14153073E-06 -0.50440368E-04 -0.50440368E-04
-0.29388275E+02  0.14227358E-06  0.14227358E-06 -0.50569077E-04 -0.50569077E-04
-0.29297571E+02  0.14302245E-06  0.14302245E-06 -0.50698463E-04 -0.50698463E-04
-0.29206867E+02  0.14377739E-06  0.14377739E-06 -0.50828530E-04 -0.50828530E-04
-0.29116162E+02  0.14453846E-06  0.14453846E-06 -0.50959280E-04 -0.50959280E-04
-0.29025458E+02  0.14530578E-06  0.14530578E-06 -0.51090729E-04 -0.51090729E-04
-0.28934754E+02  0.14607938E-06  0.14607938E-06 -0.51222876E-04 -0.51222876E-04
-0.28844050E+02  0.14685933E-06  0.14685933E-06 -0.51355727E-04 -0.51355727E-04
-0.28753346E+02  0.14764572E-06  0.14764572E-06 -0.51489289E-04 -0.51489289E-04
-0.28662642E+02  0.14843861E-06  0.14843861E-06 -0.51623567E-04 -0.51623567E-04
-0.28571937E+02  0.14923808E-06  0.14923808E-06 -0.51758567E-04 -0.51758567E-04
-0.28481233E+02  0.15004419E-06  0.15004419E-06 -0.51894296E-04 -0.51894296E-04
-0.28390529E+02  0.15085703E-06  0.15085703E-06 -0.52030758E-04 -0.52030758E-04
-0.28299825E+02  0.15167665E-06  0.15167665E-06 -0.52167956E-04 -0.52167956E-04
-0.28209121E+02  0.15250317E-06  0.15250317E-06 -0.52305905E-04 -0.52305905E-04
-0.28118417E+02  0.15333665E-06  0.15333665E-06 -0.52444608E-04 -0.52444608E-04
-0.28027712E+02  0.15417718E-06  0.15417718E-06 -0.52584069E-04 -0.52584069E-04
-0.27937008E+02  0.15502482E-06  0.15502482E-06 -0.52724296E-04 -0.52724296E-04
-0.27846304E+02  0.15587967E-06  0.15587967E-06 -0.52865295E-04 -0.52865295E-04
-0.27755600E+02  0.15674181E-06  0.15674181E-06 -0.53007073E-04 -0.53007073E-04
-0.27664896E+02  0.15761133E-06  0.15761133E-06 -0.53149636E-04 -0.53149636E-04
-0.27574192E+02  0.15848830E-06  0.15848830E-06 -0.53292990E-04 -0.53292990E-04
-0.27483487E+02  0.15937279E-06  0.15937279E-06 -0.53437139E-04 -0.53437139E-04
-0.27392783E+02  0.16026494E-06  0.16026494E-06 -0.53582099E-04 -0.53582099E-04
-0.27302079E+02  0.16116483E-06  0.16116483E-06 -0.53727871E-04 -0.53727871E-04
-0.27211375E+02  0.16207253E-06  0.16207253E-06 -0.53874463E-04 -0.53874463E-04
-0.27120671E+02  0.16298814E-06  0.16298814E-06 -0.54021882E-04 -0.54021882E-04
-0.27029967E+02  0.16391176E-06  0.16391176E-06 -0.54170135E-04 -0.54170135E-04
-0.26939262E+02  0.16484349E-06  0.16484349E-06 -0.54319229E-04 -0.54319229E-04
-0.26848558E+02  0.16578341E-06  0.16578341E-06 -0.54469172E-04 -0.54469172E-04
-0.26757854E+02  0.16673164E-06  0.16673164E-06 -0.54619972E-04 -0.54619972E-04
-0.26667150E+02  0.16768823E-06  0.16768823E-06 -0.54771630E-04 -0.54771630E-04
-0.26576446E+02  0.16865335E-06  0.16865335E-06 -0.54924164E-04 -0.54924164E-04
-0.26485742E+02  0.16962709E-06  0.16962709E-06 -0.55077578E-04 -0.55077578E-04
-0.26395037E+02  0.17060953E-06  0.17060953E-06 -0.55231879E-04 -0.55231879E-04
-0.26304333E+02  0.17160079E-06  0.17160079E-06 -0.55387076E-04 -0.55387076E-04
-0.26213629E+02  0.17260098E-06  0.17260098E-06 -0.55543175E-04 -0.55543175E-04
-0.26122925E+02  0.17361021E-06  0.17361021E-06 -0.55700186E-04 -0.55700186E-04
-0.26032221E+02  0.17462858E-06  0.17462858E-06 -0.55858116E-04 -0.55858116E-04
-0.25941517E+02  0.17565622E-06  0.17565622E-06 -0.56016973E-04 -0.56016973E-04
-0.25850812E+02  0.17669321E-06  0.17669321E-06 -0.56176762E-04 -0.56176762E-04
-0.25760108E+02  0.17773972E-06  0.17773972E-06 -0.56337501E-04 -0.56337501E-04
-0.25669404E+02  0.17879586E-06  0.17879586E-06 -0.56499194E-04 -0.56499194E-04
-0.25578700E+02  0.17986173E-06  0.17986173E-06 -0.56661849E-04 -0.56661849E-04
-0.25487996E+02  0.18093746E-06  0.18093746E-06 -0.56825475E-04 -0.56825475E-04
-0.25397292E+02  0.18202318E-06  0.18202318E-06 -0.56990082E-04 -0.56990082E-04
-0.25306587E+02  0.18311901E-06  0.18311901E-06 -0.57155677E-04 -0.57155677E-04
-0.25215883E+02  0.18422509E-06  0.18422509E-06 -0.57322272E-04 -0.57322272E-04
-0.25125179E+02  0.18534151E-06  0.18534151E-06 -0.57489868E-04 -0.57489868E-04
-0.25034475E+02  0.18646847E-06  0.18646847E-06 -0.57658487E-04 -0.57658487E-04
-0.24943771E+02  0.18760608E-06  0.18760608E-06 -0.57828134E-04 -0.57828134E-04
-0.24853067E+02  0.18875447E-06  0.18875447E-06 -0.57998817E-04 -0.57998817E-04
-0.24762362E+02  0.18991379E-06  0.18991379E-06 -0.58170547E-04 -0.58170547E-04
-0.24671658E+02  0.19108418E-06  0.19108418E-06 -0.58343333E-04 -0.58343333E-04
-0.24580954E+02  0.19226578E-06  0.19226578E-06 -0.58517186E-04 -0.58517186E-04
-0.24490250E+02  0.19345874E-06  0.19345874E-06 -0.58692116E-04 -0.58692116E-04
-0.24399546E+02  0.19466321E-06  0.19466321E-06 -0.58868133E-04 -0.58868133E-04
-0.24308842E+02  0.19587931E-06  0.19587931E-06 -0.59045241E-04 -0.59045241E-04
-0.24218137E+02  0.19710727E-06  0.19710727E-06 -0.59223464E-04 -0.59223464E-04
-0.24127433E+02  0.19834720E-06  0.19834720E-06 -0.59402806E-04 -0.59402806E-04
-0.24036729E+02  0.19959928E-06  0.19959928E-06 -0.59583279E-04 -0.59583279E-04
-0.23946025E+02  0.20086366E-06  0.20086366E-06 -0.59764892E-04 -0.59764892E-04
-0.23855321E+02  0.20214051E-06  0.20214051E-06 -0.59947658E-04 -0.59947658E-04
-0.23764617E+02  0.20343000E-06  0.20343000E-06 -0.60131588E-04 -0.60131588E-04
-0.23673912E+02  0.20473230E-06  0.20473230E-06 -0.60316693E-04 -0.60316693E-04
-0.23583208E+02  0.20604759E-06  0.20604759E-06 -0.60502985E-04 -0.60502985E-04
-0.23492504E+02  0.20737600E-06  0.20737600E-06 -0.60690470E-04 -0.60690470E-04
-0.23401800E+02  0.20871780E-06  0.20871780E-06 -0.60879172E-04 -0.60879172E-04
-0.23311096E+02  0.21007314E-06  0.21007314E-06 -0.61069097E-04 -0.61069097E-04
-0.23220392E+02  0.21144219E-06  0.21144219E-06 -0.61260258E-04 -0.61260258E-04
-0.23129687E+02  0.21282516E-06  0.21282516E-06 -0.61452666E-04 -0.61452666E-04
-0.23038983E+02  0.21422224E-06  0.21422224E-06 -0.61646336E-04 -0.61646336E-04
-0.22948279E+02  0.21563363E-06  0.21563363E-06 -0.61841279E-04 -0.61841279E-04
-0.22857575E+02  0.21705952E-06  0.21705952E-06 -0.62037508E-04 -0.62037508E-04
-0.22766871E+02  0.21850013E-06  0.21850013E-06 -0.62235038E-04 -0.62235038E-04
-0.22676167E+02  0.21995561E-06  0.21995561E-06 -0.62433874E-04 -0.62433874E-04
-0.22585462E+02  0.22142628E-06  0.22142628E-06 -0.62634044E-04 -0.62634044E-04
-0.22494758E+02  0.22291230E-06  0.22291230E-06 -0.62835554E-04 -0.62835554E-04
-0.22404054E+02  0.22441391E-06  0.22441391E-06 -0.63038420E-04 -0.63038420E-04
-0.22313350E+02  0.22593131E-06  0.22593131E-06 -0.63242655E-04 -0.63242655E-04
-0.22222646E+02  0.22746475E-06  0.22746475E-06 -0.63448273E-04 -0.63448273E-04
-0.22131942E+02  0.22901445E-06  0.22901445E-06 -0.63655289E-04 -0.63655289E-04
-0.22041237E+02  0.23058066E-06  0.23058066E-06 -0.63863719E-04 -0.63863719E-04
-0.21950533E+02  0.23216361E-06  0.23216361E-06 -0.64073576E-04 -0.64073576E-04
-0.21859829E+02  0.23376351E-06  0.23376351E-06 -0.64284870E-04 -0.64284870E-04
-0.21769125E+02  0.23538071E-06  0.23538071E-06 -0.64497630E-04 -0.64497630E-04
-0.21678421E+02  0.23701541E-06  0.23701541E-06 -0.64711864E-04 -0.64711864E-04
-0.21587717E+02  0.23866788E-06  0.23866788E-06 -0.64927589E-04 -0.64927589E-04
-0.21497012E+02  0.24033839E-06  0.24033839E-06 -0.65144821E-04 -0.65144821E-04
-0.21406308E+02  0.24202720E-06  0.24202720E-06 -0.65363577E-04 -0.65363577E-04
-0.21315604E+02  0.24373459E-06  0.24373459E-06 -0.65583873E-04 -0.65583873E-04
-0.21224900E+02  0.24546086E-06  0.24546086E-06 -0.65805725E-04 -0.65805725E-04
-0.21134196E+02  0.24720628E-06  0.24720628E-06 -0.66029153E-04 -0.66029153E-04
-0.21043492E+02  0.24897108E-06  0.24897108E-06 -0.66254164E-04 -0.66254164E-04
-0.20952787E+02  0.25075570E-06  0.25075570E-06 -0.66480792E-04 -0.66480792E-04
-0.20862083E+02  0.25256038E-06  0.25256038E-06 -0.66709048E-04 -0.66709048E-04
-0.20771379E+02  0.25438543E-06  0.25438543E-06 -0.66938951E-04 -0.66938951E-04
-0.20680675E+02  0.25623116E-06  0.25623116E-06 -0.67170518E-04 -0.67170518E-04
-0.20589971E+02  0.25809791E-06  0.25809791E-06 -0.67403768E-04 -0.67403768E-04
-0.20499267E+02  0.25998599E-06  0.25998599E-06 -0.67638722E-04 -0.67638722E-04
-0.20408562E+02  0.26189577E-06  0.26189577E-06 -0.67875397E-04 -0.67875397E-04
-0.20317858E+02  0.26382757E-06  0.26382757E-06 -0.68113815E-04 -0.68113815E-04
-0.20227154E+02  0.26578168E-06  0.26578168E-06 -0.68353986E-04 -0.68353986E-04
-0.20136450E+02  0.26775860E-06  0.26775860E-06 -0.68595948E-04 -0.68595948E-04
-0.20045746E+02  0.26975862E-06  0.26975862E-06 -0.68839714E-04 -0.68839714E-04
-0.19955042E+02  0.27178213E-06  0.27178213E-06 -0.69085305E-04 -0.69085305E-04
-0.19864337E+02  0.27382950E-06  0.27382950E-06 -0.69332741E-04 -0.69332741E-04
-0.19773633E+02  0.27590113E-06  0.27590113E-06 -0.69582046E-04 -0.69582046E-04
-0.19682929E+02  0.27799741E-06  0.27799741E-06 -0.69833240E-04 -0.69833240E-04
-0.19592225E+02  0.28011875E-06  0.28011875E-06 -0.70086347E-04 -0.70086347E-04
-0.19501521E+02  0.28226557E-06  0.28226557E-06 -0.70341390E-04 -0.70341390E-04
-0.19410817E+02  0.28443821E-06  0.28443821E-06 -0.70598382E-04 -0.70598382E-04
-0.19320112E+02  0.28663727E-06  0.28663727E-06 -0.70857366E-04 -0.70857366E-04
-0.19229408E+02  0.28886311E-06  0.28886311E-06 -0.71118357E-04 -0.71118357E-04
-0.19138704E+02  0.29111617E-06  0.29111617E-06 -0.71381378E-04 -0.71381378E-04
-0.19048000E+02  0.29339694E-06  0.29339694E-06 -0.71646456E-04 -0.71646456E-04
-0.18957296E+02  0.29570588E-06  0.29570588E-06 -0.71913615E-04 -0.71913615E-04
-0.18866592E+02  0.29804346E-06  0.29804346E-06 -0.72182881E-04 -0.72182881E-04
-0.18775887E+02  0.30041016E-06  0.30041016E-06 -0.72454275E-04 -0.72454275E-04
-0.18685183E+02  0.30280655E-06  0.30280655E-06 -0.72727834E-04 -0.72727834E-04
-0.18594479E+02  0.30523311E-06  0.30523311E-06 -0.73003581E-04 -0.73003581E-04
-0.18503775E+02  0.30769037E-06  0.30769037E-06 -0.73281542E-04 -0.73281542E-04
-0.18413071E+02  0.31017883E-06  0.31017883E-06 -0.73561740E-04 -0.73561740E-04
-0.18322367E+02  0.31269912E-06  0.31269912E-06 -0.73844215E-04 -0.73844215E-04
-0.18231662E+02  0.31525177E-06  0.31525177E-06 -0.74128991E-04 -0.74128991E-04
-0.18140958E+02  0.31783736E-06  0.31783736E-06 -0.74416096E-04 -0.74416096E-04
-0.18050254E+02  0.32045647E-06  0.32045647E-06 -0.74705562E-04 -0.74705562E-04
-0.17959550E+02  0.32310968E-06  0.32310968E-06 -0.74997414E-04 -0.74997414E-04
-0.17868846E+02  0.32579768E-06  0.32579768E-06 -0.75291692E-04 -0.75291692E-04
-0.17778142E+02  0.32852107E-06  0.32852107E-06 -0.75588425E-04 -0.75588425E-04
-0.17687437E+02  0.33128050E-06  0.33128050E-06 -0.75887644E-04 -0.75887644E-04
-0.17596733E+02  0.33407659E-06  0.33407659E-06 -0.76189376E-04 -0.76189376E-04
-0.17506029E+02  0.33691011E-06  0.33691011E-06 -0.76493667E-04 -0.76493667E-04
-0.17415325E+02  0.33978170E-06  0.33978170E-06 -0.76800545E-04 -0.76800545E-04
-0.17324621E+02  0.34269210E-06  0.34269210E-06 -0.77110045E-04 -0.77110045E-04
-0.17233917E+02  0.34564197E-06  0.34564197E-06 -0.77422197E-04 -0.77422197E-04
-0.17143212E+02  0.34863216E-06  0.34863216E-06 -0.77737048E-04 -0.77737048E-04
-0.17052508E+02  0.35166340E-06  0.35166340E-06 -0.78054630E-04 -0.78054630E-04
-0.16961804E+02  0.35473647E-06  0.35473647E-06 -0.78374979E-04 -0.78374979E-04
-0.16871100E+02  0.35785217E-06  0.35785217E-06 -0.78698135E-04 -0.78698135E-04
-0.16780396E+02  0.36101128E-06  0.36101128E-06 -0.79024131E-04 -0.79024131E-04
-0.16689692E+02  0.36421476E-06  0.36421476E-06 -0.79353018E-04 -0.79353018E-04
-0.16598987E+02  0.36746341E-06  0.36746341E-06 -0.79684830E-04 -0.79684830E-04
-0.16508283E+02  0.37075813E-06  0.37075813E-06 -0.80019610E-04 -0.80019610E-04
-0.16417579E+02  0.37409977E-06  0.37409977E-06 -0.80357392E-04 -0.80357392E-04
-0.16326875E+02  0.37748939E-06  0.37748939E-06 -0.80698234E-04 -0.80698234E-04
-0.16236171E+02  0.38092788E-06  0.38092788E-06 -0.81042171E-04 -0.81042171E-04
-0.16145467E+02  0.38441625E-06  0.38441625E-06 -0.81389250E-04 -0.81389250E-04
-0.16054762E+02  0.38795548E-06  0.38795548E-06 -0.81739515E-04 -0.81739515E-04
-0.15964058E+02  0.39154657E-06  0.39154657E-06 -0.82093007E-04 -0.82093007E-04
-0.15873354E+02  0.39519070E-06  0.39519070E-06 -0.82449787E-04 -0.82449787E-04
-0.15782650E+02  0.39888891E-06  0.39888891E-06 -0.82809896E-04 -0.82809896E-04
-0.15691946E+02  0.40264231E-06  0.40264231E-06 -0.83173384E-04 -0.83173384E-04
-0.15601242E+02  0.40645200E-06  0.40645200E-06 -0.83540294E-04 -0.83540294E-04
-0.15510537E+02  0.41031929E-06  0.41031929E-06 -0.83910693E-04 -0.83910693E-04
-0.15419833E+02  0.41424533E-06  0.41424533E-06 -0.84284625E-04 -0.84284625E-04
-0.15329129E+02  0.41823138E-06  0.41823138E-06 -0.84662146E-04 -0.84662146E-04
-0.15238425E+02  0.42227871E-06  0.42227871E-06 -0.85043308E-04 -0.85043308E-04
-0.15147721E+02  0.42638860E-06  0.42638860E-06 -0.85428164E-04 -0.85428164E-04
-0.15057017E+02  0.43056253E-06  0.43056253E-06 -0.85816782E-04 -0.85816782E-04
-0.14966312E+02  0.43480181E-06  0.43480181E-06 -0.86209215E-04 -0.86209215E-04
-0.14875608E+02  0.43910790E-06  0.43910790E-06 -0.86605523E-04 -0.86605523E-04
-0.14784904E+02  0.44348219E-06  0.44348219E-06 -0.87005759E-04 -0.87005759E-04
-0.14694200E+02  0.44792636E-06  0.44792636E-06 -0.87410002E-04 -0.87410002E-04
-0.14603496E+02  0.45244189E-06  0.45244189E-06 -0.87818308E-04 -0.87818308E-04
-0.14512792E+02  0.45703039E-06  0.45703039E-06 -0.88230741E-04 -0.88230741E-04
-0.14422087E+02  0.46169351E-06  0.46169351E-06 -0.88647369E-04 -0.88647369E-04
-0.14331383E+02  0.46643290E-06  0.46643290E-06 -0.89068255E-04 -0.89068255E-04
-0.14240679E+02  0.47125044E-06  0.47125044E-06 -0.89493480E-04 -0.89493480E-04
-0.14149975E+02  0.47614789E-06  0.47614789E-06 -0.89923111E-04 -0.89923111E-04
-0.14059271E+02  0.48112708E-06  0.48112708E-06 -0.90357220E-04 -0.90357220E-04
-0.13968567E+02  0.48618987E-06  0.48618987E-06 -0.90795875E-04 -0.90795875E-04
-0.13877862E+02  0.49133840E-06  0.49133840E-06 -0.91239168E-04 -0.91239168E-04
-0.13787158E+02  0.49657461E-06  0.49657461E-06 -0.91687169E-04 -0.91687169E-04
-0.13696454E+02  0.50190063E-06  0.50190063E-06 -0.92139960E-04 -0.92139960E-04
-0.13605750E+02  0.50731858E-06  0.50731858E-06 -0.92597622E-04 -0.92597622E-04
-0.13515046E+02  0.51283066E-06  0.51283066E-06 -0.93060233E-04 -0.93060233E-04
-0.13424342E+02  0.51843932E-06  0.51843932E-06 -0.93527894E-04 -0.93527894E-04
-0.13333637E+02  0.52414686E-06  0.52414686E-06 -0.94000686E-04 -0.94000686E-04
-0.13242933E+02  0.52995573E-06  0.52995573E-06 -0.94478700E-04 -0.94478700E-04
-0.13152229E+02  0.53586836E-06  0.53586836E-06 -0.94962020E-04 -0.94962020E-04
-0.13061525E+02  0.54188757E-06  0.54188757E-06 -0.95450759E-04 -0.95450759E-04
-0.12970821E+02  0.54801597E-06  0.54801597E-06 -0.95945006E-04 -0.95945006E-04
-0.12880117E+02  0.55425634E-06  0.55425634E-06 -0.96444862E-04 -0.96444862E-04
-0.12789412E+02  0.56061156E-06  0.56061156E-06 -0.96950427E-04 -0.96950427E-04
-0.12698708E+02  0.56708453E-06  0.56708453E-06 -0.97461802E-04 -0.97461802E-04
-0.12608004E+02  0.57367852E-06  0.57367852E-06 -0.97979109E-04 -0.97979109E-04
-0.12517300E+02  0.58039662E-06  0.58039662E-06 -0.98502453E-04 -0.98502453E-04
-0.12426596E+02  0.58724212E-06  0.58724212E-06 -0.99031946E-04 -0.99031946E-04
-0.12335892E+02  0.59421831E-06  0.59421831E-06 -0.99567697E-04 -0.99567697E-04
-0.12245187E+02  0.60132897E-06  0.60132897E-06 -0.10010984E-03 -0.10010984E-03
-0.12154483E+02  0.60857761E-06  0.60857761E-06 -0.10065850E-03 -0.10065850E-03
-0.12063779E+02  0.61596804E-06  0.61596804E-06 -0.10121380E-03 -0.10121380E-03
-0.11973075E+02  0.62350402E-06  0.62350402E-06 -0.10177585E-03 -0.10177585E-03
-0.11882371E+02  0.63118987E-06  0.63118987E-06 -0.10234482E-03 -0.10234482E-03
-0.11791667E+02  0.63902968E-06  0.63902968E-06 -0.10292082E-03 -0.10292082E-03
-0.11700962E+02  0.64702780E-06  0.64702780E-06 -0.10350401E-03 -0.10350401E-03
-0.11610258E+02  0.65518875E-06  0.65518875E-06 -0.10409452E-03 -0.10409452E-03
-0.11519554E+02  0.66351706E-06  0.66351706E-06 -0.10469249E-03 -0.10469249E-03
-0.11428850E+02  0.67201790E-06  0.67201790E-06 -0.10529811E-03 -0.10529811E-03
-0.11338146E+02  0.68069615E-06  0.68069615E-06 -0.10591152E-03 -0.10591152E-03
-0.11247442E+02  0.68955707E-06  0.68955707E-06 -0.10653288E-03 -0.10653288E-03
-0.11156737E+02  0.69860593E-06  0.69860593E-06 -0.10716234E-03 -0.10716234E-03
-0.11066033E+02  0.70784870E-06  0.70784870E-06 -0.10780012E-03 -0.10780012E-03
-0.10975329E+02  0.71729109E-06  0.71729109E-06 -0.10844636E-03 -0.10844636E-03
-0.10884625E+02  0.72693920E-06  0.72693920E-06 -0.10910126E-03 -0.10910126E-03
-0.10793921E+02  0.73679936E-06  0.73679936E-06 -0.10976500E-03 -0.10976500E-03
-0.10703217E+02  0.74687808E-06  0.74687808E-06 -0.11043777E-03 -0.11043777E-03
-0.10612512E+02  0.75718248E-06  0.75718248E-06 -0.11111980E-03 -0.11111980E-03
-0.10521808E+02  0.76771958E-06  0.76771958E-06 -0.11181127E-03 -0.11181127E-03
-0.10431104E+02  0.77849682E-06  0.77849682E-06 -0.11251241E-03 -0.11251241E-03
-0.10340400E+02  0.78952176E-06  0.78952176E-06 -0.11322341E-03 -0.11322341E-03
-0.10249696E+02  0.80080288E-06  0.80080288E-06 -0.11394455E-03 -0.11394455E-03
-0.10158992E+02  0.81234839E-06  0.81234839E-06 -0.11467603E-03 -0.11467603E-03
-0.10068287E+02  0.82416711E-06  0.82416711E-06 -0.11541810E-03 -0.11541810E-03
-0.99775833E+01  0.83626815E-06  0.83626815E-06 -0.11617102E-03 -0.11617102E-03
-0.98868792E+01  0.84866098E-06  0.84866098E-06 -0.11693503E-03 -0.11693503E-03
-0.97961750E+01  0.86135591E-06  0.86135591E-06 -0.11771042E-03 -0.11771042E-03
-0.97054708E+01  0.87436320E-06  0.87436320E-06 -0.11849747E-03 -0.11849747E-03
-0.96147667E+01  0.88769377E-06  0.88769377E-06 -0.11929646E-03 -0.11929646E-03
-0.95240625E+01  0.90135877E-06  0.90135877E-06 -0.12010767E-03 -0.12010767E-03
-0.94333583E+01  0.91537061E-06  0.91537061E-06 -0.12093144E-03 -0.12093144E-03
-0.93426542E+01  0.92974153E-06  0.92974153E-06 -0.12176808E-03 -0.12176808E-03
-0.92519500E+01  0.94448462E-06  0.94448462E-06 -0.12261791E-03 -0.12261791E-03
-0.91612458E+01  0.95961349E-06  0.95961349E-06 -0.12348129E-03 -0.12348129E-03
-0.90705417E+01  0.97514241E-06  0.97514241E-06 -0.12435855E-03 -0.12435855E-03
-0.89798375E+01  0.99108676E-06  0.99108676E-06 -0.12525009E-03 -0.12525009E-03
-0.88891333E+01  0.10074621E-05  0.10074621E-05 -0.12615629E-03 -0.12615629E-03
-0.87984292E+01  0.10242851E-05  0.10242851E-05 -0.12707753E-03 -0.12707753E-03
-0.87077250E+01  0.10415727E-05  0.10415727E-05 -0.12801421E-03 -0.12801421E-03
-0.86170208E+01  0.10593438E-05  0.10593438E-05 -0.12896681E-03 -0.12896681E-03
-0.85263167E+01  0.10776174E-05  0.10776174E-05 -0.12993574E-03 -0.12993574E-03
-0.84356125E+01  0.10964136E-05  0.10964136E-05 -0.13092148E-03 -0.13092148E-03
-0.83449083E+01  0.11157537E-05  0.11157537E-05 -0.13192450E-03 -0.13192450E-03
-0.82542042E+01  0.11356598E-05  0.11356598E-05 -0.13294529E-03 -0.13294529E-03
-0.81635000E+01  0.11561561E-05  0.11561561E-05 -0.13398442E-03 -0.13398442E-03
-0.80727958E+01  0.11772672E-05  0.11772672E-05 -0.13504240E-03 -0.13504240E-03
-0.79820917E+01  0.11990192E-05  0.11990192E-05 -0.13611981E-03 -0.13611981E-03
-0.78913875E+01  0.12214396E-05  0.12214396E-05 -0.13721722E-03 -0.13721722E-03
-0.78006833E+01  0.12445583E-05  0.12445583E-05 -0.13833529E-03 -0.13833529E-03
-0.77099792E+01  0.12684060E-05  0.12684060E-05 -0.13947464E-03 -0.13947464E-03
-0.76192750E+01  0.12930152E-05  0.12930152E-05 -0.14063596E-03 -0.14063596E-03
-0.75285708E+01  0.13184203E-05  0.13184203E-05 -0.14181993E-03 -0.14181993E-03
-0.74378667E+01  0.13446587E-05  0.13446587E-05 -0.14302731E-03 -0.14302731E-03
-0.73471625E+01  0.13717691E-05  0.13717691E-05 -0.14425888E-03 -0.14425888E-03
-0.72564583E+01  0.13997925E-05  0.13997925E-05 -0.14551543E-03 -0.14551543E-03
-0.71657542E+01  0.14287729E-05  0.14287729E-05 -0.14679782E-03 -0.14679782E-03
-0.70750500E+01  0.14587563E-05  0.14587563E-05 -0.14810690E-03 -0.14810690E-03
-0.69843458E+01  0.14897932E-05  0.14897932E-05 -0.14944365E-03 -0.14944365E-03
-0.68936417E+01  0.15219359E-05  0.15219359E-05 -0.15080904E-03 -0.15080904E-03
-0.68029375E+01  0.15552405E-05  0.15552405E-05 -0.15220408E-03 -0.15220408E-03
-0.67122333E+01  0.15897663E-05  0.15897663E-05 -0.15362983E-03 -0.15362983E-03
-0.66215292E+01  0.16255783E-05  0.16255783E-05 -0.15508748E-03 -0.15508748E-03
-0.65308250E+01  0.16627443E-05  0.16627443E-05 -0.15657819E-03 -0.15657819E-03
-0.64401208E+01  0.17013372E-05  0.17013372E-05 -0.15810323E-03 -0.15810323E-03
-0.63494167E+01  0.17414353E-05  0.17414353E-05 -0.15966392E-03 -0.15966392E-03
-0.62587125E+01  0.17831215E-05  0.17831215E-05 -0.16126163E-03 -0.16126163E-03
-0.61680083E+01  0.18264871E-05  0.18264871E-05 -0.16289791E-03 -0.16289791E-03
-0.60773042E+01  0.18716278E-05  0.18716278E-05 -0.16457428E-03 -0.16457428E-03
-0.59866000E+01  0.19186474E-05  0.19186474E-05 -0.16629240E-03 -0.16629240E-03
-0.58958958E+01  0.19676566E-05  0.19676566E-05 -0.16805398E-03 -0.16805398E-03
-0.58051917E+01  0.20187773E-05  0.20187773E-05 -0.16986096E-03 -0.16986096E-03
-0.57144875E+01  0.20721386E-05  0.20721386E-05 -0.17171526E-03 -0.17171526E-03
-0.56237833E+01  0.21278807E-05  0.21278807E-05 -0.17361897E-03 -0.17361897E-03
-0.55330792E+01  0.21861550E-05  0.21861550E-05 -0.17557432E-03 -0.17557432E-03
-0.54423750E+01  0.22471263E-05  0.22471263E-05 -0.17758367E-03 -0.17758367E-03
-0.53516708E+01  0.23109724E-05  0.23109724E-05 -0.17964954E-03 -0.17964954E-03
-0.52609667E+01  0.23778881E-05  0.23778881E-05 -0.18177464E-03 -0.18177464E-03
-0.51702625E+01  0.24480830E-05  0.24480830E-05 -0.18396180E-03 -0.18396180E-03
-0.50795583E+01  0.25217884E-05  0.25217884E-05 -0.18621414E-03 -0.18621414E-03
-0.49888542E+01  0.25992537E-05  0.25992537E-05 -0.18853490E-03 -0.18853490E-03
-0.48981500E+01  0.26807549E-05  0.26807549E-05 -0.19092765E-03 -0.19092765E-03
-0.48074458E+01  0.27665920E-05  0.27665920E-05 -0.19339615E-03 -0.19339615E-03
-0.47167417E+01  0.28570951E-05  0.28570951E-05 -0.19594446E-03 -0.19594446E-03
-0.46260375E+01  0.29526279E-05  0.29526279E-05 -0.19857698E-03 -0.19857698E-03
-0.45353333E+01  0.30535903E-05  0.30535903E-05 -0.20129841E-03 -0.20129841E-03
-0.44446292E+01  0.31604253E-05  0.31604253E-05 -0.20411390E-03 -0.20411390E-03
-0.43539250E+01  0.32736211E-05  0.32736211E-05 -0.20702892E-03 -0.20702892E-03
-0.42632208E+01  0.33937230E-05  0.33937230E-05 -0.21004953E-03 -0.21004953E-03
-0.41725167E+01  0.35213333E-05  0.35213333E-05 -0.21318216E-03 -0.21318216E-03
-0.40818125E+01  0.36571281E-05  0.36571281E-05 -0.21643396E-03 -0.21643396E-03
-0.39911083E+01  0.38018601E-05  0.38018601E-05 -0.21981263E-03 -0.21981263E-03
-0.39004042E+01  0.39563748E-05  0.39563748E-05 -0.22332661E-03 -0.22332661E-03
-0.38097000E+01  0.41216239E-05  0.41216239E-05 -0.22698516E-03 -0.22698516E-03
-0.37189958E+01  0.42986801E-05  0.42986801E-05 -0.23079845E-03 -0.23079845E-03
-0.36282917E+01  0.44887597E-05  0.44887597E-05 -0.23477768E-03 -0.23477768E-03
-0.35375875E+01  0.46932415E-05  0.46932415E-05 -0.23893517E-03 -0.23893517E-03
-0.34468833E+01  0.49137036E-05  0.49137036E-05 -0.24328467E-03 -0.24328467E-03
-0.33561792E+01  0.51519459E-05  0.51519459E-05 -0.24784130E-03 -0.24784130E-03
-0.32654750E+01  0.54100456E-05  0.54100456E-05 -0.25262209E-03 -0.25262209E-03
-0.31747708E+01  0.56903951E-05  0.56903951E-05 -0.25764589E-03 -0.25764589E-03
-0.30840667E+01  0.59957788E-05  0.59957788E-05 -0.26293405E-03 -0.26293405E-03
-0.29933625E+01  0.63294375E-05  0.63294375E-05 -0.26851045E-03 -0.26851045E-03
-0.29026583E+01  0.66951770E-05  0.66951770E-05 -0.27440220E-03 -0.27440220E-03
-0.28119542E+01  0.70974899E-05  0.70974899E-05 -0.28064014E-03 -0.28064014E-03
-0.27212500E+01  0.75417057E-05  0.75417057E-05 -0.28725936E-03 -0.28725936E-03
-0.26305458E+01  0.80342079E-05  0.80342079E-05 -0.29430036E-03 -0.29430036E-03
-0.25398417E+01  0.85826725E-05  0.85826725E-05 -0.30180965E-03 -0.30180965E-03
-0.24491375E+01  0.91964398E-05  0.91964398E-05 -0.30984151E-03 -0.30984151E-03
-0.23584333E+01  0.98869383E-05  0.98869383E-05 -0.31845919E-03 -0.31845919E-03
-0.22677292E+01  0.10668326E-04  0.10668326E-04 -0.32773746E-03 -0.32773746E-03
-0.21770250E+01  0.11558291E-04  0.11558291E-04 -0.33776488E-03 -0.33776488E-03
-0.20863208E+01  0.12579223E-04  0.12579223E-04 -0.34864766E-03 -0.34864766E-03
-0.19956167E+01  0.13759829E-04  0.13759829E-04 -0.36051441E-03 -0.36051441E-03
-0.19049125E+01  0.15137444E-04  0.15137444E-04 -0.37352233E-03 -0.37352233E-03
-0.18142083E+01  0.16761437E-04  0.16761437E-04 -0.38786620E-03 -0.38786620E-03
-0.17235042E+01  0.18698284E-04  0.18698284E-04 -0.40379033E-03 -0.40379033E-03
-0.16328000E+01  0.21039460E-04  0.21039460E-04 -0.42160660E-03 -0.42160660E-03
-0.15420958E+01  0.23913836E-04  0.23913836E-04 -0.44171936E-03 -0.44171936E-03
-0.14513917E+01  0.27508243E-04  0.27508243E-04 -0.46466463E-03 -0.46466463E-03
-0.13606875E+01  0.32102465E-04  0.32102465E-04 -0.49116856E-03 -0.49116856E-03
-0.12699833E+01  0.38132488E-04  0.38132488E-04 -0.52224376E-03 -0.52224376E-03
-0.11792792E+01  0.46310456E-04  0.46310456E-04 -0.55934643E-03 -0.55934643E-03
-0.10885750E+01  0.57869723E-04  0.57869723E-04 -0.60465175E-03 -0.60465175E-03
-0.99787083E+00  0.75108842E-04  0.75108842E-04 -0.66155087E-03 -0.66155087E-03
-0.90716667E+00  0.10273531E-03  0.10273531E-03 -0.73557776E-03 -0.73557776E-03
-0.81646250E+00  0.15166084E-03  0.15166084E-03 -0.83606648E-03 -0.83606648E-03
-0.72575833E+00  0.25157955E-03  0.25157955E-03 -0.97761247E-03 -0.97761247E-03
-0.63505417E+00  0.49729858E-03  0.49729858E-03 -0.11605284E-02 -0.11605284E-02
-0.54435000E+00  0.10848722E-02  0.10848722E-02 -0.11168142E-02 -0.11168142E-02
-0.45364583E+00  0.12289250E-02  0.12289250E-02 -0.39705507E-03 -0.39705507E-03
-0.36294167E+00  0.94041472E-03  0.94041472E-03 -0.24575718E-03 -0.24575718E-03
-0.27223750E+00  0.90527578E-03  0.90527578E-03 -0.22126150E-03 -0.22126150E-03
-0.18153333E+00  0.90773125E-03  0.90773125E-03  0.26326796E-04  0.26326796E-04
-0.90829167E-01  0.63479337E-03  0.63479337E-03  0.10005460E-03  0.10005460E-03
-0.12500000E-03  0.51305143E-03  0.51305143E-03  0.34484640E-04  0.34484640E-04
 0.90579167E-01  0.45647131E-03  0.45647131E-03 -0.20057851E-04 -0.20057851E-04
 0.18128333E+00  0.43461255E-03  0.43461255E-03 -0.56763476E-04 -0.56763476E-04
 0.27198750E+00  0.41400464E-03  0.41400464E-03 -0.77148414E-04 -0.77148414E-04
 0.36269167E+00  0.38356148E-03  0.38356148E-03 -0.10192905E-03 -0.10192905E-03
 0.45339583E+00  0.36621187E-03  0.36621187E-03 -0.13110193E-03 -0.13110193E-03
 0.54410000E+00  0.36168134E-03  0.36168134E-03 -0.17445253E-03 -0.17445253E-03
 0.63480417E+00  0.35750201E-03  0.35750201E-03 -0.21829132E-03 -0.21829132E-03
 0.72550833E+00  0.35995935E-03  0.35995935E-03 -0.25999302E-03 -0.25999302E-03
 0.81621250E+00  0.35378594E-03  0.35378594E-03 -0.34406940E-03 -0.34406940E-03
 0.90691667E+00  0.38145737E-03  0.38145737E-03 -0.51523052E-03 -0.51523052E-03
 0.99762083E+00  0.59085302E-03  0.59085302E-03 -0.78360147E-03 -0.78360147E-03
 0.10883250E+01  0.12513982E-02  0.12513982E-02 -0.97637201E-03 -0.97637201E-03
 0.11790292E+01  0.21545812E-02  0.21545812E-02 -0.18048229E-04 -0.18048229E-04
 0.12697333E+01  0.13380683E-02  0.13380683E-02  0.10206609E-02  0.10206609E-02
 0.13604375E+01  0.63398590E-03  0.63398590E-03  0.88494811E-03  0.88494811E-03
 0.14511417E+01  0.40338183E-03  0.40338183E-03  0.61465288E-03  0.61465288E-03
 0.15418458E+01  0.39923799E-03  0.39923799E-03  0.43975755E-03  0.43975755E-03
 0.16325500E+01  0.43786084E-03  0.43786084E-03  0.43600013E-03  0.43600013E-03
 0.17232542E+01  0.38135269E-03  0.38135269E-03  0.47284237E-03  0.47284237E-03
 0.18139583E+01  0.32153529E-03  0.32153529E-03  0.47461409E-03  0.47461409E-03
 0.19046625E+01  0.24227022E-03  0.24227022E-03  0.46856052E-03  0.46856052E-03
 0.19953667E+01  0.17161535E-03  0.17161535E-03  0.44301628E-03  0.44301628E-03
 0.20860708E+01  0.11241116E-03  0.11241116E-03  0.39703904E-03  0.39703904E-03
 0.21767750E+01  0.73553103E-04  0.73553103E-04  0.34456087E-03  0.34456087E-03
 0.22674792E+01  0.52822793E-04  0.52822793E-04  0.29678352E-03  0.29678352E-03
 0.23581833E+01  0.41257286E-04  0.41257286E-04  0.25727310E-03  0.25727310E-03
 0.24488875E+01  0.34000371E-04  0.34000371E-04  0.22453292E-03  0.22453292E-03
 0.25395917E+01  0.28979884E-04  0.28979884E-04  0.19673305E-03  0.19673305E-03
 0.26302958E+01  0.25288526E-04  0.25288526E-04  0.17259587E-03  0.17259587E-03
 0.27210000E+01  0.22464317E-04  0.22464317E-04  0.15125889E-03  0.15125889E-03
 0.28117042E+01  0.20243560E-04  0.20243560E-04  0.13211804E-03  0.13211804E-03
 0.29024083E+01  0.18463263E-04  0.18463263E-04  0.11473330E-03  0.11473330E-03
 0.29931125E+01  0.17016819E-04  0.17016819E-04  0.98772995E-04  0.98772995E-04
 0.30838167E+01  0.15831583E-04  0.15831583E-04  0.83979251E-04  0.83979251E-04
 0.31745208E+01  0.14856703E-04  0.14856703E-04  0.70146137E-04  0.70146137E-04
 0.32652250E+01  0.14056095E-04  0.14056095E-04  0.57104739E-04  0.57104739E-04
 0.33559292E+01  0.13404356E-04  0.13404356E-04  0.44712719E-04  0.44712719E-04
 0.34466333E+01  0.12884489E-04  0.12884489E-04  0.32846185E-04  0.32846185E-04
 0.35373375E+01  0.12487135E-04  0.12487135E-04  0.21393335E-04  0.21393335E-04
 0.36280417E+01  0.12211606E-04  0.12211606E-04  0.10247987E-04  0.10247987E-04
 0.37187458E+01  0.12070681E-04  0.12070681E-04 -0.69722132E-06 -0.69722132E-06
 0.38094500E+01  0.12106588E-04  0.12106588E-04 -0.11558383E-04 -0.11558383E-04
 0.39001542E+01  0.12444350E-04  0.12444350E-04 -0.22442875E-04 -0.22442875E-04
 0.39908583E+01  0.13254429E-04  0.13254429E-04 -0.33209354E-04 -0.33209354E-04
 0.40815625E+01  0.14172465E-04  0.14172465E-04 -0.44128276E-04 -0.44128276E-04
 0.41722667E+01  0.16607969E-04  0.16607969E-04 -0.55259519E-04 -0.55259519E-04
 0.42629708E+01  0.18873180E-04  0.18873180E-04 -0.64545033E-04 -0.64545033E-04
 0.43536750E+01  0.21422369E-04  0.21422369E-04 -0.75625157E-04 -0.75625157E-04
 0.44443792E+01  0.25405668E-04  0.25405668E-04 -0.84443147E-04 -0.84443147E-04
 0.45350833E+01  0.29042299E-04  0.29042299E-04 -0.94146108E-04 -0.94146108E-04
 0.46257875E+01  0.33065673E-04  0.33065673E-04 -0.99252389E-04 -0.99252389E-04
 0.47164917E+01  0.29841211E-04  0.29841211E-04 -0.10873610E-03 -0.10873610E-03
 0.48071958E+01  0.32295835E-04  0.32295835E-04 -0.12515448E-03 -0.12515448E-03
 0.48979000E+01  0.42606518E-04  0.42606518E-04 -0.13934386E-03 -0.13934386E-03
 0.49886042E+01  0.53750316E-04  0.53750316E-04 -0.14667150E-03 -0.14667150E-03
 0.50793083E+01  0.63144336E-04  0.63144336E-04 -0.15129201E-03 -0.15129201E-03
 0.51700125E+01  0.66352630E-04  0.66352630E-04 -0.15301922E-03 -0.15301922E-03
 0.52607167E+01  0.66237092E-04  0.66237092E-04 -0.16538656E-03 -0.16538656E-03
 0.53514208E+01  0.80139487E-04  0.80139487E-04 -0.18167558E-03 -0.18167558E-03
 0.54421250E+01  0.10073843E-03  0.10073843E-03 -0.17925307E-03 -0.17925307E-03
 0.55328292E+01  0.98345718E-04  0.98345718E-04 -0.17115841E-03 -0.17115841E-03
 0.56235333E+01  0.92678363E-04  0.92678363E-04 -0.18220675E-03 -0.18220675E-03
 0.57142375E+01  0.96326036E-04  0.96326036E-04 -0.19834508E-03 -0.19834508E-03
 0.58049417E+01  0.10458733E-03  0.10458733E-03 -0.21684921E-03 -0.21684921E-03
 0.58956458E+01  0.12428778E-03  0.12428778E-03 -0.23925282E-03 -0.23925282E-03
 0.59863500E+01  0.16232629E-03  0.16232629E-03 -0.25057704E-03 -0.25057704E-03
 0.60770542E+01  0.19904647E-03  0.19904647E-03 -0.23261779E-03 -0.23261779E-03
 0.61677583E+01  0.20873987E-03  0.20873987E-03 -0.20430702E-03 -0.20430702E-03
 0.62584625E+01  0.19994649E-03  0.19994649E-03 -0.18835476E-03 -0.18835476E-03
 0.63491667E+01  0.18629995E-03  0.18629995E-03 -0.19302025E-03 -0.19302025E-03
 0.64398708E+01  0.18792550E-03  0.18792550E-03 -0.21594732E-03 -0.21594732E-03
 0.65305750E+01  0.21557510E-03  0.21557510E-03 -0.23532729E-03 -0.23532729E-03
 0.66212792E+01  0.25182218E-03  0.25182218E-03 -0.22862172E-03 -0.22862172E-03
 0.67119833E+01  0.27040140E-03  0.27040140E-03 -0.21037615E-03 -0.21037615E-03
 0.68026875E+01  0.28697665E-03  0.28697665E-03 -0.19863036E-03 -0.19863036E-03
 0.68933917E+01  0.30580805E-03  0.30580805E-03 -0.17433199E-03 -0.17433199E-03
 0.69840958E+01  0.30351469E-03  0.30351469E-03 -0.14546899E-03 -0.14546899E-03
 0.70748000E+01  0.29674510E-03  0.29674510E-03 -0.13602924E-03 -0.13602924E-03
 0.71655042E+01  0.30635094E-03  0.30635094E-03 -0.12520971E-03 -0.12520971E-03
 0.72562083E+01  0.30851703E-03  0.30851703E-03 -0.93712309E-04 -0.93712309E-04
 0.73469125E+01  0.28435931E-03  0.28435931E-03 -0.68004582E-04 -0.68004582E-04
 0.74376167E+01  0.25686234E-03  0.25686234E-03 -0.64856892E-04 -0.64856892E-04
 0.75283208E+01  0.23923164E-03  0.23923164E-03 -0.71407745E-04 -0.71407745E-04
 0.76190250E+01  0.22863490E-03  0.22863490E-03 -0.79388623E-04 -0.79388623E-04
 0.77097292E+01  0.22216466E-03  0.22216466E-03 -0.85682888E-04 -0.85682888E-04
 0.78004333E+01  0.21343005E-03  0.21343005E-03 -0.89539068E-04 -0.89539068E-04
 0.78911375E+01  0.19972702E-03  0.19972702E-03 -0.10068042E-03 -0.10068042E-03
 0.79818417E+01  0.19388771E-03  0.19388771E-03 -0.12446320E-03 -0.12446320E-03
 0.80725458E+01  0.20684578E-03  0.20684578E-03 -0.14761972E-03 -0.14761972E-03
 0.81632500E+01  0.22760573E-03  0.22760573E-03 -0.15089048E-03 -0.15089048E-03
 0.82539542E+01  0.22848016E-03  0.22848016E-03 -0.14401383E-03 -0.14401383E-03
 0.83446583E+01  0.22007936E-03  0.22007936E-03 -0.15889193E-03 -0.15889193E-03
 0.84353625E+01  0.23404171E-03  0.23404171E-03 -0.18835899E-03 -0.18835899E-03
 0.85260667E+01  0.27439331E-03  0.27439331E-03 -0.20122697E-03 -0.20122697E-03
 0.86167708E+01  0.30980088E-03  0.30980088E-03 -0.18030483E-03 -0.18030483E-03
 0.87074750E+01  0.31819774E-03  0.31819774E-03 -0.15505354E-03 -0.15505354E-03
 0.87981792E+01  0.32273270E-03  0.32273270E-03 -0.13967774E-03 -0.13967774E-03
 0.88888833E+01  0.32314861E-03  0.32314861E-03 -0.11753629E-03 -0.11753629E-03
 0.89795875E+01  0.30421009E-03  0.30421009E-03 -0.10288546E-03 -0.10288546E-03
 0.90702917E+01  0.28775072E-03  0.28775072E-03 -0.11248323E-03 -0.11248323E-03
 0.91609958E+01  0.29235386E-03  0.29235386E-03 -0.12552718E-03 -0.12552718E-03
 0.92517000E+01  0.30068605E-03  0.30068605E-03 -0.12219201E-03 -0.12219201E-03
 0.93424042E+01  0.29389519E-03  0.29389519E-03 -0.12057438E-03 -0.12057438E-03
 0.94331083E+01  0.29423662E-03  0.29423662E-03 -0.13741251E-03 -0.13741251E-03
 0.95238125E+01  0.32147257E-03  0.32147257E-03 -0.14695923E-03 -0.14695923E-03
 0.96145167E+01  0.34698446E-03  0.34698446E-03 -0.11764776E-03 -0.11764776E-03
 0.97052208E+01  0.32648682E-03  0.32648682E-03 -0.81718176E-04 -0.81718176E-04
 0.97959250E+01  0.29104352E-03  0.29104352E-03 -0.83938259E-04 -0.83938259E-04
 0.98866292E+01  0.27461776E-03  0.27461776E-03 -0.10374471E-03 -0.10374471E-03
 0.99773333E+01  0.26643634E-03  0.26643634E-03 -0.11923640E-03 -0.11923640E-03
 0.10068038E+02  0.25278010E-03  0.25278010E-03 -0.14029267E-03 -0.14029267E-03
 0.10158742E+02  0.24636251E-03  0.24636251E-03 -0.17848507E-03 -0.17848507E-03
 0.10249446E+02  0.26162853E-03  0.26162853E-03 -0.22284676E-03 -0.22284676E-03
 0.10340150E+02  0.29425995E-03  0.29425995E-03 -0.25562851E-03 -0.25562851E-03
 0.10430854E+02  0.32524702E-03  0.32524702E-03 -0.27614392E-03 -0.27614392E-03
 0.10521558E+02  0.35419941E-03  0.35419941E-03 -0.30527718E-03 -0.30527718E-03
 0.10612263E+02  0.40720755E-03  0.40720755E-03 -0.34395294E-03 -0.34395294E-03
 0.10702967E+02  0.49548781E-03  0.49548781E-03 -0.35968844E-03 -0.35968844E-03
 0.10793671E+02  0.58485800E-03  0.58485800E-03 -0.32225530E-03 -0.32225530E-03
 0.10884375E+02  0.62959903E-03  0.62959903E-03 -0.25887977E-03 -0.25887977E-03
 0.10975079E+02  0.64058349E-03  0.64058349E-03 -0.21607385E-03 -0.21607385E-03
 0.11065783E+02  0.64989749E-03  0.64989749E-03 -0.20633355E-03 -0.20633355E-03
 0.11156488E+02  0.69309203E-03  0.69309203E-03 -0.22602927E-03 -0.22602927E-03
 0.11247192E+02  0.81479558E-03  0.81479558E-03 -0.22981958E-03 -0.22981958E-03
 0.11337896E+02  0.98828614E-03  0.98828614E-03 -0.97393678E-04 -0.97393678E-04
 0.11428600E+02  0.99526734E-03  0.99526734E-03  0.18222099E-03  0.18222099E-03
 0.11519304E+02  0.81002826E-03  0.81002826E-03  0.32810184E-03  0.32810184E-03
 0.11610008E+02  0.67140868E-03  0.67140868E-03  0.31155714E-03  0.31155714E-03
 0.11700713E+02  0.63163188E-03  0.63163188E-03  0.27058681E-03  0.27058681E-03
 0.11791417E+02  0.63642619E-03  0.63642619E-03  0.27166070E-03  0.27166070E-03
 0.11882121E+02  0.63301173E-03  0.63301173E-03  0.30701513E-03  0.30701513E-03
 0.11972825E+02  0.61566447E-03  0.61566447E-03  0.35395567E-03  0.35395567E-03
 0.12063529E+02  0.57684693E-03  0.57684693E-03  0.41613615E-03  0.41613615E-03
 0.12154233E+02  0.49249484E-03  0.49249484E-03  0.46743088E-03  0.46743088E-03
 0.12244938E+02  0.38929404E-03  0.38929404E-03  0.46737459E-03  0.46737459E-03
 0.12335642E+02  0.30829217E-03  0.30829217E-03  0.42708003E-03  0.42708003E-03
 0.12426346E+02  0.25580240E-03  0.25580240E-03  0.37291875E-03  0.37291875E-03
 0.12517050E+02  0.22401651E-03  0.22401651E-03  0.31614086E-03  0.31614086E-03
 0.12607754E+02  0.20799524E-03  0.20799524E-03  0.25863382E-03  0.25863382E-03
 0.12698458E+02  0.20689772E-03  0.20689772E-03  0.20074392E-03  0.20074392E-03
 0.12789163E+02  0.22214579E-03  0.22214579E-03  0.14338256E-03  0.14338256E-03
 0.12879867E+02  0.25790491E-03  0.25790491E-03  0.89067130E-04  0.89067130E-04
 0.12970571E+02  0.32132402E-03  0.32132402E-03  0.47261708E-04  0.47261708E-04
 0.13061275E+02  0.41092047E-03  0.41092047E-03  0.43345767E-04  0.43345767E-04
 0.13151979E+02  0.48667773E-03  0.48667773E-03  0.99108857E-04  0.99108857E-04
 0.13242683E+02  0.50521826E-03  0.50521826E-03  0.17129415E-03  0.17129415E-03
 0.13333388E+02  0.50306668E-03  0.50306668E-03  0.21424407E-03  0.21424407E-03
 0.13424092E+02  0.51421702E-03  0.51421702E-03  0.25698853E-03  0.25698853E-03
 0.13514796E+02  0.50812451E-03  0.50812451E-03  0.32465189E-03  0.32465189E-03
 0.13605500E+02  0.46084243E-03  0.46084243E-03  0.38056153E-03  0.38056153E-03
 0.13696204E+02  0.40650109E-03  0.40650109E-03  0.40029681E-03  0.40029681E-03
 0.13786908E+02  0.36618047E-03  0.36618047E-03  0.40527859E-03  0.40527859E-03
 0.13877613E+02  0.32992332E-03  0.32992332E-03  0.40858858E-03  0.40858858E-03
 0.13968317E+02  0.29284149E-03  0.29284149E-03  0.40363752E-03  0.40363752E-03
 0.14059021E+02  0.26232788E-03  0.26232788E-03  0.38846463E-03  0.38846463E-03
 0.14149725E+02  0.24192908E-03  0.24192908E-03  0.36869743E-03  0.36869743E-03
 0.14240429E+02  0.23162239E-03  0.23162239E-03  0.34793812E-03  0.34793812E-03
 0.14331133E+02  0.23307545E-03  0.23307545E-03  0.33097575E-03  0.33097575E-03
 0.14421838E+02  0.24211450E-03  0.24211450E-03  0.32803229E-03  0.32803229E-03
 0.14512542E+02  0.24119445E-03  0.24119445E-03  0.34033262E-03  0.34033262E-03
 0.14603246E+02  0.22399142E-03  0.22399142E-03  0.34727644E-03  0.34727644E-03
 0.14693950E+02  0.20949963E-03  0.20949963E-03  0.34092481E-03  0.34092481E-03
 0.14784654E+02  0.20530236E-03  0.20530236E-03  0.33711846E-03  0.33711846E-03
 0.14875358E+02  0.19628816E-03  0.19628816E-03  0.34283267E-03  0.34283267E-03
 0.14966063E+02  0.17643965E-03  0.17643965E-03  0.34133753E-03  0.34133753E-03
 0.15056767E+02  0.16294935E-03  0.16294935E-03  0.32699188E-03  0.32699188E-03
 0.15147471E+02  0.16367299E-03  0.16367299E-03  0.31491113E-03  0.31491113E-03
 0.15238175E+02  0.16649877E-03  0.16649877E-03  0.31705598E-03  0.31705598E-03
 0.15328879E+02  0.15677858E-03  0.15677858E-03  0.32405458E-03  0.32405458E-03
 0.15419583E+02  0.14076222E-03  0.14076222E-03  0.32276517E-03  0.32276517E-03
 0.15510288E+02  0.12639760E-03  0.12639760E-03  0.31558561E-03  0.31558561E-03
 0.15600992E+02  0.11368019E-03  0.11368019E-03  0.30393929E-03  0.30393929E-03
 0.15691696E+02  0.10661861E-03  0.10661861E-03  0.28666266E-03  0.28666266E-03
 0.15782400E+02  0.11094495E-03  0.11094495E-03  0.26945856E-03  0.26945856E-03
 0.15873104E+02  0.12419077E-03  0.12419077E-03  0.26412461E-03  0.26412461E-03
 0.15963808E+02  0.12946592E-03  0.12946592E-03  0.27395428E-03  0.27395428E-03
 0.16054513E+02  0.12032543E-03  0.12032543E-03  0.28086495E-03  0.28086495E-03
 0.16145217E+02  0.11024196E-03  0.11024196E-03  0.27981565E-03  0.27981565E-03
 0.16235921E+02  0.10028716E-03  0.10028716E-03  0.27733999E-03  0.27733999E-03
 0.16326625E+02  0.88419669E-04  0.88419669E-04  0.26941480E-03  0.26941480E-03
 0.16417329E+02  0.82691808E-04  0.82691808E-04  0.25443733E-03  0.25443733E-03
 0.16508033E+02  0.88380310E-04  0.88380310E-04  0.24138210E-03  0.24138210E-03
 0.16598738E+02  0.98211354E-04  0.98211354E-04  0.24205462E-03  0.24205462E-03
 0.16689442E+02  0.94180364E-04  0.94180364E-04  0.25076890E-03  0.25076890E-03
 0.16780146E+02  0.81590816E-04  0.81590816E-04  0.24884569E-03  0.24884569E-03
 0.16870850E+02  0.73620573E-04  0.73620573E-04  0.23962659E-03  0.23962659E-03
 0.16961554E+02  0.69553101E-04  0.69553101E-04  0.22968199E-03  0.22968199E-03
 0.17052258E+02  0.67598926E-04  0.67598926E-04  0.21837303E-03  0.21837303E-03
 0.17142963E+02  0.70512085E-04  0.70512085E-04  0.20571966E-03  0.20571966E-03
 0.17233667E+02  0.79764795E-04  0.79764795E-04  0.19628528E-03  0.19628528E-03
 0.17324371E+02  0.91210067E-04  0.91210067E-04  0.19444043E-03  0.19444043E-03
 0.17415075E+02  0.99607397E-04  0.99607397E-04  0.19868994E-03  0.19868994E-03
 0.17505779E+02  0.10312947E-03  0.10312947E-03  0.20695707E-03  0.20695707E-03
 0.17596483E+02  0.98273753E-04  0.98273753E-04  0.21525987E-03  0.21525987E-03
 0.17687188E+02  0.89067069E-04  0.89067069E-04  0.21609509E-03  0.21609509E-03
 0.17777892E+02  0.82894449E-04  0.82894449E-04  0.21187471E-03  0.21187471E-03
 0.17868596E+02  0.78528536E-04  0.78528536E-04  0.20675025E-03  0.20675025E-03
 0.17959300E+02  0.75581574E-04  0.75581574E-04  0.19835339E-03  0.19835339E-03
 0.18050004E+02  0.79427760E-04  0.79427760E-04  0.18811988E-03  0.18811988E-03
 0.18140708E+02  0.89742388E-04  0.89742388E-04  0.18485992E-03  0.18485992E-03
 0.18231412E+02  0.94899102E-04  0.94899102E-04  0.19009777E-03  0.19009777E-03
 0.18322117E+02  0.94119160E-04  0.94119160E-04  0.19185487E-03  0.19185487E-03
 0.18412821E+02  0.96219013E-04  0.96219013E-04  0.19227471E-03  0.19227471E-03
 0.18503525E+02  0.95868314E-04  0.95868314E-04  0.19560973E-03  0.19560973E-03
 0.18594229E+02  0.93460731E-04  0.93460731E-04  0.19389173E-03  0.19389173E-03
 0.18684933E+02  0.98165102E-04  0.98165102E-04  0.19138140E-03  0.19138140E-03
 0.18775638E+02  0.10306222E-03  0.10306222E-03  0.19752393E-03  0.19752393E-03
 0.18866342E+02  0.10051140E-03  0.10051140E-03  0.20315392E-03  0.20315392E-03
 0.18957046E+02  0.10000172E-03  0.10000172E-03  0.20586697E-03  0.20586697E-03
 0.19047750E+02  0.97603585E-04  0.97603585E-04  0.21292570E-03  0.21292570E-03
 0.19138454E+02  0.89957189E-04  0.89957189E-04  0.21551210E-03  0.21551210E-03
 0.19229158E+02  0.87106087E-04  0.87106087E-04  0.21497374E-03  0.21497374E-03
 0.19319863E+02  0.83806854E-04  0.83806854E-04  0.21944230E-03  0.21944230E-03
 0.19410567E+02  0.75658910E-04  0.75658910E-04  0.22129150E-03  0.22129150E-03
 0.19501271E+02  0.69211992E-04  0.69211992E-04  0.22087878E-03  0.22087878E-03
 0.19591975E+02  0.60145629E-04  0.60145629E-04  0.22026899E-03  0.22026899E-03
 0.19682679E+02  0.51408621E-04  0.51408621E-04  0.21305929E-03  0.21305929E-03
 0.19773383E+02  0.49539210E-04  0.49539210E-04  0.20445214E-03  0.20445214E-03
 0.19864088E+02  0.49549162E-04  0.49549162E-04  0.20037271E-03  0.20037271E-03
 0.19954792E+02  0.47468195E-04  0.47468195E-04  0.19580255E-03  0.19580255E-03
 0.20045496E+02  0.48431770E-04  0.48431770E-04  0.19001091E-03  0.19001091E-03
 0.20136200E+02  0.50672837E-04  0.50672837E-04  0.18766103E-03  0.18766103E-03
 0.20226904E+02  0.50775542E-04  0.50775542E-04  0.18544130E-03  0.18544130E-03
 0.20317608E+02  0.52900744E-04  0.52900744E-04  0.18186640E-03  0.18186640E-03
 0.20408312E+02  0.57695541E-04  0.57695541E-04  0.18153048E-03  0.18153048E-03
 0.20499017E+02  0.59908304E-04  0.59908304E-04  0.18600180E-03  0.18600180E-03
 0.20589721E+02  0.57001286E-04  0.57001286E-04  0.18953429E-03  0.18953429E-03
 0.20680425E+02  0.53722455E-04  0.53722455E-04  0.19037764E-03  0.19037764E-03
 0.20771129E+02  0.49948633E-04  0.49948633E-04  0.19042380E-03  0.19042380E-03
 0.20861833E+02  0.46820643E-04  0.46820643E-04  0.18885394E-03  0.18885394E-03
 0.20952538E+02  0.43390572E-04  0.43390572E-04  0.18763432E-03  0.18763432E-03
 0.21043242E+02  0.40034249E-04  0.40034249E-04  0.18313661E-03  0.18313661E-03
 0.21133946E+02  0.41208385E-04  0.41208385E-04  0.17916265E-03  0.17916265E-03
 0.21224650E+02  0.41262079E-04  0.41262079E-04  0.17864629E-03  0.17864629E-03
 0.21315354E+02  0.39551526E-04  0.39551526E-04  0.17696625E-03  0.17696625E-03
 0.21406058E+02  0.38186687E-04  0.38186687E-04  0.17291783E-03  0.17291783E-03
 0.21496763E+02  0.41224021E-04  0.41224021E-04  0.16913488E-03  0.16913488E-03
 0.21587467E+02  0.42246918E-04  0.42246918E-04  0.16899686E-03  0.16899686E-03
 0.21678171E+02  0.44682317E-04  0.44682317E-04  0.16520338E-03  0.16520338E-03
 0.21768875E+02  0.50517481E-04  0.50517481E-04  0.16645888E-03  0.16645888E-03
 0.21859579E+02  0.52470131E-04  0.52470131E-04  0.17058732E-03  0.17058732E-03
 0.21950283E+02  0.52923919E-04  0.52923919E-04  0.17219526E-03  0.17219526E-03
 0.22040988E+02  0.56845779E-04  0.56845779E-04  0.17716537E-03  0.17716537E-03
 0.22131692E+02  0.53572294E-04  0.53572294E-04  0.18616592E-03  0.18616592E-03
 0.22222396E+02  0.47013711E-04  0.47013711E-04  0.18919943E-03  0.18919943E-03
 0.22313100E+02  0.42480471E-04  0.42480471E-04  0.19166352E-03  0.19166352E-03
 0.22403804E+02  0.34607188E-04  0.34607188E-04  0.19376907E-03  0.19376907E-03
 0.22494508E+02  0.28215638E-04  0.28215638E-04  0.19056408E-03  0.19056408E-03
 0.22585213E+02  0.24877467E-04  0.24877467E-04  0.18847663E-03  0.18847663E-03
 0.22675917E+02  0.20592453E-04  0.20592453E-04  0.18676832E-03  0.18676832E-03
 0.22766621E+02  0.17377787E-04  0.17377787E-04  0.18459491E-03  0.18459491E-03
 0.22857325E+02  0.13265834E-04  0.13265834E-04  0.18280640E-03  0.18280640E-03
 0.22948029E+02  0.90588283E-05  0.90588283E-05  0.17934320E-03  0.17934320E-03
 0.23038733E+02  0.61468695E-05  0.61468695E-05  0.17491536E-03  0.17491536E-03
 0.23129438E+02  0.46616432E-05  0.46616432E-05  0.17064430E-03  0.17064430E-03
 0.23220142E+02  0.38578029E-05  0.38578029E-05  0.16698793E-03  0.16698793E-03
 0.23310846E+02  0.33473325E-05  0.33473325E-05  0.16381381E-03  0.16381381E-03
 0.23401550E+02  0.29876385E-05  0.29876385E-05  0.16099197E-03  0.16099197E-03
 0.23492254E+02  0.27167799E-05  0.27167799E-05  0.15843648E-03  0.15843648E-03
 0.23582958E+02  0.25033526E-05  0.25033526E-05  0.15609013E-03  0.15609013E-03
 0.23673663E+02  0.23295633E-05  0.23295633E-05  0.15391325E-03  0.15391325E-03
 0.23764367E+02  0.21844760E-05  0.21844760E-05  0.15187704E-03  0.15187704E-03
 0.23855071E+02  0.20609537E-05  0.20609537E-05  0.14996004E-03  0.14996004E-03
 0.23945775E+02  0.19541133E-05  0.19541133E-05  0.14814569E-03  0.14814569E-03
 0.24036479E+02  0.18604870E-05  0.18604870E-05  0.14642097E-03  0.14642097E-03
 0.24127183E+02  0.17775339E-05  0.17775339E-05  0.14477533E-03  0.14477533E-03
 0.24217888E+02  0.17033468E-05  0.17033468E-05  0.14320021E-03  0.14320021E-03
 0.24308592E+02  0.16364628E-05  0.16364628E-05  0.14168850E-03  0.14168850E-03
 0.24399296E+02  0.15757383E-05  0.15757383E-05  0.14023422E-03  0.14023422E-03
 0.24490000E+02  0.15202653E-05  0.15202653E-05  0.13883229E-03  0.13883229E-03
 0.24580704E+02  0.14693122E-05  0.14693122E-05  0.13747832E-03  0.13747832E-03
 0.24671408E+02  0.14222832E-05  0.14222832E-05  0.13616854E-03  0.13616854E-03
 0.24762113E+02  0.13786874E-05  0.13786874E-05  0.13489966E-03  0.13489966E-03
 0.24852817E+02  0.13381160E-05  0.13381160E-05  0.13366881E-03  0.13366881E-03
 0.24943521E+02  0.13002249E-05  0.13002249E-05  0.13247339E-03  0.13247339E-03
 0.25034225E+02  0.12647235E-05  0.12647235E-05  0.13131113E-03  0.13131113E-03
 0.25124929E+02  0.12313638E-05  0.12313638E-05  0.13017999E-03  0.13017999E-03
 0.25215633E+02  0.11999329E-05  0.11999329E-05  0.12907816E-03  0.12907816E-03
 0.25306338E+02  0.11702464E-05  0.11702464E-05  0.12800398E-03  0.12800398E-03
 0.25397042E+02  0.11421440E-05  0.11421440E-05  0.12695593E-03  0.12695593E-03
 0.25487746E+02  0.11154859E-05  0.11154859E-05  0.12593266E-03  0.12593266E-03
 0.25578450E+02  0.10901491E-05  0.10901491E-05  0.12493291E-03  0.12493291E-03
 0.25669154E+02  0.10660254E-05  0.10660254E-05  0.12395557E-03  0.12395557E-03
 0.25759858E+02  0.10430180E-05  0.10430180E-05  0.12299955E-03  0.12299955E-03
 0.25850563E+02  0.10210417E-05  0.10210417E-05  0.12206389E-03  0.12206389E-03
 0.25941267E+02  0.10000199E-05  0.10000199E-05  0.12114770E-03  0.12114770E-03
 0.26031971E+02  0.97988401E-06  0.97988401E-06  0.12025015E-03  0.12025015E-03
 0.26122675E+02  0.96057253E-06  0.96057253E-06  0.11937048E-03  0.11937048E-03
 0.26213379E+02  0.94202935E-06  0.94202935E-06  0.11850793E-03  0.11850793E-03
 0.26304083E+02  0.92420422E-06  0.92420422E-06  0.11766186E-03  0.11766186E-03
 0.26394788E+02  0.90705141E-06  0.90705141E-06  0.11683163E-03  0.11683163E-03
 0.26485492E+02  0.89052941E-06  0.89052941E-06  0.11601667E-03  0.11601667E-03
 0.26576196E+02  0.87459971E-06  0.87459971E-06  0.11521640E-03  0.11521640E-03
 0.26666900E+02  0.85922771E-06  0.85922771E-06  0.11443031E-03  0.11443031E-03
 0.26757604E+02  0.84438149E-06  0.84438149E-06  0.11365791E-03  0.11365791E-03
 0.26848308E+02  0.83003171E-06  0.83003171E-06  0.11289875E-03  0.11289875E-03
 0.26939013E+02  0.81615142E-06  0.81615142E-06  0.11215238E-03  0.11215238E-03
 0.27029717E+02  0.80271534E-06  0.80271534E-06  0.11141838E-03  0.11141838E-03
 0.27120421E+02  0.78970057E-06  0.78970057E-06  0.11069636E-03  0.11069636E-03
 0.27211125E+02  0.77708573E-06  0.77708573E-06  0.10998596E-03  0.10998596E-03
 0.27301829E+02  0.76485112E-06  0.76485112E-06  0.10928683E-03  0.10928683E-03
 0.27392533E+02  0.75297791E-06  0.75297791E-06  0.10859862E-03  0.10859862E-03
 0.27483238E+02  0.74144912E-06  0.74144912E-06  0.10792101E-03  0.10792101E-03
 0.27573942E+02  0.73024868E-06  0.73024868E-06  0.10725371E-03  0.10725371E-03
 0.27664646E+02  0.71936180E-06  0.71936180E-06  0.10659642E-03  0.10659642E-03
 0.27755350E+02  0.70877412E-06  0.70877412E-06  0.10594886E-03  0.10594886E-03
 0.27846054E+02  0.69847270E-06  0.69847270E-06  0.10531077E-03  0.10531077E-03
 0.27936758E+02  0.68844521E-06  0.68844521E-06  0.10468189E-03  0.10468189E-03
 0.28027463E+02  0.67868010E-06  0.67868010E-06  0.10406198E-03  0.10406198E-03
 0.28118167E+02  0.66916664E-06  0.66916664E-06  0.10345082E-03  0.10345082E-03
 0.28208871E+02  0.65989430E-06  0.65989430E-06  0.10284817E-03  0.10284817E-03
 0.28299575E+02  0.65085360E-06  0.65085360E-06  0.10225381E-03  0.10225381E-03
 0.28390279E+02  0.64203540E-06  0.64203540E-06  0.10166755E-03  0.10166755E-03
 0.28480983E+02  0.63343127E-06  0.63343127E-06  0.10108920E-03  0.10108920E-03
 0.28571688E+02  0.62503280E-06  0.62503280E-06  0.10051855E-03  0.10051855E-03
 0.28662392E+02  0.61683244E-06  0.61683244E-06  0.99955424E-04  0.99955424E-04
 0.28753096E+02  0.60882288E-06  0.60882288E-06  0.99399645E-04  0.99399645E-04
 0.28843800E+02  0.60099726E-06  0.60099726E-06  0.98851045E-04  0.98851045E-04
 0.28934504E+02  0.59334907E-06  0.59334907E-06  0.98309468E-04  0.98309468E-04
 0.29025208E+02  0.58587190E-06  0.58587190E-06  0.97774739E-04  0.97774739E-04
 0.29115913E+02  0.57855993E-06  0.57855993E-06  0.97246715E-04  0.97246715E-04
 0.29206617E+02  0.57140753E-06  0.57140753E-06  0.96725248E-04  0.96725248E-04
 0.29297321E+02  0.56440944E-06  0.56440944E-06  0.96210205E-04  0.96210205E-04
 0.29388025E+02  0.55756033E-06  0.55756033E-06  0.95701432E-04  0.95701432E-04
 0.29478729E+02  0.55085545E-06  0.55085545E-06  0.95198803E-04  0.95198803E-04
 0.29569433E+02  0.54429013E-06  0.54429013E-06  0.94702190E-04  0.94702190E-04
 0.29660137E+02  0.53785996E-06  0.53785996E-06  0.94211471E-04  0.94211471E-04
 0.29750842E+02  0.53156074E-06  0.53156074E-06  0.93726529E-04  0.93726529E-04
 0.29841546E+02  0.52538826E-06  0.52538826E-06  0.93247234E-04  0.93247234E-04
 0.29932250E+02  0.51933873E-06  0.51933873E-06  0.92773480E-04  0.92773480E-04
 0.30022954E+02  0.51340843E-06  0.51340843E-06  0.92305158E-04  0.92305158E-04
 0.30113658E+02  0.50759389E-06  0.50759389E-06  0.91842169E-04  0.91842169E-04
 0.30204363E+02  0.50189152E-06  0.50189152E-06  0.91384394E-04  0.91384394E-04
 0.30295067E+02  0.49629813E-06  0.49629813E-06  0.90931740E-04  0.90931740E-04
 0.30385771E+02  0.49081059E-06  0.49081059E-06  0.90484110E-04  0.90484110E-04
 0.30476475E+02  0.48542590E-06  0.48542590E-06  0.90041410E-04  0.90041410E-04
 0.30567179E+02  0.48014121E-06  0.48014121E-06  0.89603554E-04  0.89603554E-04
 0.30657883E+02  0.47495360E-06  0.47495360E-06  0.89170439E-04  0.89170439E-04
 0.30748588E+02  0.46986048E-06  0.46986048E-06  0.88741986E-04  0.88741986E-04
 0.30839292E+02  0.46485926E-06  0.46485926E-06  0.88318110E-04  0.88318110E-04
 0.30929996E+02  0.45994756E-06  0.45994756E-06  0.87898735E-04  0.87898735E-04
 0.31020700E+02  0.45512282E-06  0.45512282E-06  0.87483768E-04  0.87483768E-04
 0.31111404E+02  0.45038283E-06  0.45038283E-06  0.87073138E-04  0.87073138E-04
 0.31202108E+02  0.44572538E-06  0.44572538E-06  0.86666769E-04  0.86666769E-04
 0.31292813E+02  0.44114835E-06  0.44114835E-06  0.86264587E-04  0.86264587E-04
 0.31383517E+02  0.43664972E-06  0.43664972E-06  0.85866527E-04  0.85866527E-04
 0.31474221E+02  0.43222739E-06  0.43222739E-06  0.85472505E-04  0.85472505E-04
 0.31564925E+02  0.42787951E-06  0.42787951E-06  0.85082459E-04  0.85082459E-04
 0.31655629E+02  0.42360421E-06  0.42360421E-06  0.84696324E-04  0.84696324E-04
 0.31746333E+02  0.41939980E-06  0.41939980E-06  0.84314040E-04  0.84314040E-04
 0.31837037E+02  0.41526440E-06  0.41526440E-06  0.83935531E-04  0.83935531E-04
 0.31927742E+02  0.41119641E-06  0.41119641E-06  0.83560742E-04  0.83560742E-04
 0.32018446E+02  0.40719422E-06  0.40719422E-06  0.83189612E-04  0.83189612E-04
 0.32109150E+02  0.40325627E-06  0.40325627E-06  0.82822083E-04  0.82822083E-04
 0.32199854E+02  0.39938109E-06  0.39938109E-06  0.82458102E-04  0.82458102E-04
 0.32290558E+02  0.39556712E-06  0.39556712E-06  0.82097602E-04  0.82097602E-04
 0.32381263E+02  0.39181299E-06  0.39181299E-06  0.81740534E-04  0.81740534E-04
 0.32471967E+02  0.38811733E-06  0.38811733E-06  0.81386843E-04  0.81386843E-04
 0.32562671E+02  0.38447889E-06  0.38447889E-06  0.81036485E-04  0.81036485E-04
 0.32653375E+02  0.38089623E-06  0.38089623E-06  0.80689394E-04  0.80689394E-04
 0.32744079E+02  0.37736819E-06  0.37736819E-06  0.80345528E-04  0.80345528E-04
 0.32834783E+02  0.37389355E-06  0.37389355E-06  0.80004837E-04  0.80004837E-04
 0.32925488E+02  0.37047118E-06  0.37047118E-06  0.79667280E-04  0.79667280E-04
 0.33016192E+02  0.36709985E-06  0.36709985E-06  0.79332797E-04  0.79332797E-04
 0.33106896E+02  0.36377849E-06  0.36377849E-06  0.79001349E-04  0.79001349E-04
 0.33197600E+02  0.36050604E-06  0.36050604E-06  0.78672891E-04  0.78672891E-04
 0.33288304E+02  0.35728145E-06  0.35728145E-06  0.78347379E-04  0.78347379E-04
 0.33379008E+02  0.35410376E-06  0.35410376E-06  0.78024776E-04  0.78024776E-04
 0.33469713E+02  0.35097189E-06  0.35097189E-06  0.77705028E-04  0.77705028E-04
 0.33560417E+02  0.34788493E-06  0.34788493E-06  0.77388101E-04  0.77388101E-04
 0.33651121E+02  0.34484196E-06  0.34484196E-06  0.77073953E-04  0.77073953E-04
 0.33741825E+02  0.34184211E-06  0.34184211E-06  0.76762550E-04  0.76762550E-04
 0.33832529E+02  0.33888442E-06  0.33888442E-06  0.76453844E-04  0.76453844E-04
 0.33923233E+02  0.33596808E-06  0.33596808E-06  0.76147801E-04  0.76147801E-04
 0.34013937E+02  0.33309225E-06  0.33309225E-06  0.75844385E-04  0.75844385E-04
 0.34104642E+02  0.33025614E-06  0.33025614E-06  0.75543559E-04  0.75543559E-04
 0.34195346E+02  0.32745899E-06  0.32745899E-06  0.75245293E-04  0.75245293E-04
 0.34286050E+02  0.32469996E-06  0.32469996E-06  0.74949540E-04  0.74949540E-04
 0.34376754E+02  0.32197834E-06  0.32197834E-06  0.74656274E-04  0.74656274E-04
 0.34467458E+02  0.31929340E-06  0.31929340E-06  0.74365458E-04  0.74365458E-04
 0.34558163E+02  0.31664449E-06  0.31664449E-06  0.74077067E-04  0.74077067E-04
 0.34648867E+02  0.31403082E-06  0.31403082E-06  0.73791057E-04  0.73791057E-04
 0.34739571E+02  0.31145176E-06  0.31145176E-06  0.73507402E-04  0.73507402E-04
 0.34830275E+02  0.30890668E-06  0.30890668E-06  0.73226070E-04  0.73226070E-04
 0.34920979E+02  0.30639492E-06  0.30639492E-06  0.72947032E-04  0.72947032E-04
 0.35011683E+02  0.30391590E-06  0.30391590E-06  0.72670261E-04  0.72670261E-04
 0.35102388E+02  0.30146894E-06  0.30146894E-06  0.72395719E-04  0.72395719E-04
 0.35193092E+02  0.29905348E-06  0.29905348E-06  0.72123383E-04  0.72123383E-04
 0.35283796E+02  0.29666895E-06  0.29666895E-06  0.71853223E-04  0.71853223E-04
 0.35374500E+02  0.29431479E-06  0.29431479E-06  0.71585211E-04  0.71585211E-04
 0.35465204E+02  0.29199045E-06  0.29199045E-06  0.71319322E-04  0.71319322E-04
 0.35555908E+02  0.28969547E-06  0.28969547E-06  0.71055536E-04  0.71055536E-04
 0.35646613E+02  0.28742916E-06  0.28742916E-06  0.70793810E-04  0.70793810E-04
 0.35737317E+02  0.28519110E-06  0.28519110E-06  0.70534126E-04  0.70534126E-04
 0.35828021E+02  0.28298079E-06  0.28298079E-06  0.70276459E-04  0.70276459E-04
 0.35918725E+02  0.28079774E-06  0.28079774E-06  0.70020785E-04  0.70020785E-04
 0.36009429E+02  0.27864148E-06  0.27864148E-06  0.69767078E-04  0.69767078E-04
 0.36100133E+02  0.27651153E-06  0.27651153E-06  0.69515315E-04  0.69515315E-04
 0.36190838E+02  0.27440745E-06  0.27440745E-06  0.69265473E-04  0.69265473E-04
 0.36281542E+02  0.27232879E-06  0.27232879E-06  0.69017526E-04  0.69017526E-04
 0.36372246E+02  0.27027520E-06  0.27027520E-06  0.68771463E-04  0.68771463E-04
 0.36462950E+02  0.26824609E-06  0.26824609E-06  0.68527242E-04  0.68527242E-04
 0.36553654E+02  0.26624114E-06  0.26624114E-06  0.68284851E-04  0.68284851E-04
 0.36644358E+02  0.26425993E-06  0.26425993E-06  0.68044267E-04  0.68044267E-04
 0.36735063E+02  0.26230207E-06  0.26230207E-06  0.67805469E-04  0.67805469E-04
 0.36825767E+02  0.26036717E-06  0.26036717E-06  0.67568437E-04  0.67568437E-04
 0.36916471E+02  0.25845485E-06  0.25845485E-06  0.67333149E-04  0.67333149E-04
 0.37007175E+02  0.25656474E-06  0.25656474E-06  0.67099586E-04  0.67099586E-04
 0.37097879E+02  0.25469649E-06  0.25469649E-06  0.66867727E-04  0.66867727E-04
 0.37188583E+02  0.25284979E-06  0.25284979E-06  0.66637561E-04  0.66637561E-04
 0.37279288E+02  0.25102417E-06  0.25102417E-06  0.66409052E-04  0.66409052E-04
 0.37369992E+02  0.24921936E-06  0.24921936E-06  0.66182190E-04  0.66182190E-04
 0.37460696E+02  0.24743502E-06  0.24743502E-06  0.65956955E-04  0.65956955E-04
 0.37551400E+02  0.24567083E-06  0.24567083E-06  0.65733329E-04  0.65733329E-04
 0.37642104E+02  0.24392646E-06  0.24392646E-06  0.65511294E-04  0.65511294E-04
 0.37732808E+02  0.24220162E-06  0.24220162E-06  0.65290832E-04  0.65290832E-04
 0.37823512E+02  0.24049598E-06  0.24049598E-06  0.65071927E-04  0.65071927E-04
 0.37914217E+02  0.23880926E-06  0.23880926E-06  0.64854559E-04  0.64854559E-04
 0.38004921E+02  0.23714121E-06  0.23714121E-06  0.64638721E-04  0.64638721E-04
 0.38095625E+02  0.23549143E-06  0.23549143E-06  0.64424379E-04  0.64424379E-04
 0.38186329E+02  0.23385970E-06  0.23385970E-06  0.64211526E-04  0.64211526E-04
 0.38277033E+02  0.23224574E-06  0.23224574E-06  0.64000144E-04  0.64000144E-04
 0.38367737E+02  0.23064928E-06  0.23064928E-06  0.63790218E-04  0.63790218E-04
 0.38458442E+02  0.22907006E-06  0.22907006E-06  0.63581733E-04  0.63581733E-04
 0.38549146E+02  0.22750782E-06  0.22750782E-06  0.63374672E-04  0.63374672E-04
 0.38639850E+02  0.22596229E-06  0.22596229E-06  0.63169020E-04  0.63169020E-04
 0.38730554E+02  0.22443324E-06  0.22443324E-06  0.62964763E-04  0.62964763E-04
 0.38821258E+02  0.22292047E-06  0.22292047E-06  0.62761892E-04  0.62761892E-04
 0.38911963E+02  0.22142363E-06  0.22142363E-06  0.62560379E-04  0.62560379E-04
 0.39002667E+02  0.21994255E-06  0.21994255E-06  0.62360217E-04  0.62360217E-04
 0.39093371E+02  0.21847698E-06  0.21847698E-06  0.62161390E-04  0.62161390E-04
 0.39184075E+02  0.21702671E-06  0.21702671E-06  0.61963886E-04  0.61963886E-04
 0.39274779E+02  0.21559151E-06  0.21559151E-06  0.61767691E-04  0.61767691E-04
 0.39365483E+02  0.21417117E-06  0.21417117E-06  0.61572790E-04  0.61572790E-04
 0.39456188E+02  0.21276546E-06  0.21276546E-06  0.61379171E-04  0.61379171E-04
 0.39546892E+02  0.21137419E-06  0.21137419E-06  0.61186820E-04  0.61186820E-04
 0.39637596E+02  0.20999719E-06  0.20999719E-06  0.60995732E-04  0.60995732E-04
 0.39728300E+02  0.20863416E-06  0.20863416E-06  0.60805879E-04  0.60805879E-04
 0.39819004E+02  0.20728495E-06  0.20728495E-06  0.60617257E-04  0.60617257E-04
 0.39909708E+02  0.20594937E-06  0.20594937E-06  0.60429852E-04  0.60429852E-04
 0.40000413E+02  0.20462723E-06  0.20462723E-06  0.60243652E-04  0.60243652E-04
 0.40091117E+02  0.20331834E-06  0.20331834E-06  0.60058645E-04  0.60058645E-04
 0.40181821E+02  0.20202252E-06  0.20202252E-06  0.59874820E-04  0.59874820E-04
 0.40272525E+02  0.20073958E-06  0.20073958E-06  0.59692163E-04  0.59692163E-04
 0.40363229E+02  0.19946935E-06  0.19946935E-06  0.59510665E-04  0.59510665E-04
 0.40453933E+02  0.19821170E-06  0.19821170E-06  0.59330320E-04  0.59330320E-04
 0.40544638E+02  0.19696636E-06  0.19696636E-06  0.59151103E-04  0.59151103E-04
 0.40635342E+02  0.19573322E-06  0.19573322E-06  0.58973010E-04  0.58973010E-04
 0.40726046E+02  0.19451210E-06  0.19451210E-06  0.58796030E-04  0.58796030E-04
 0.40816750E+02  0.19330285E-06  0.19330285E-06  0.58620153E-04  0.58620153E-04
 0.40907454E+02  0.19210530E-06  0.19210530E-06  0.58445367E-04  0.58445367E-04
 0.40998158E+02  0.19091930E-06  0.19091930E-06  0.58271661E-04  0.58271661E-04
 0.41088862E+02  0.18974470E-06  0.18974470E-06  0.58099027E-04  0.58099027E-04
 0.41179567E+02  0.18858134E-06  0.18858134E-06  0.57927452E-04  0.57927452E-04
 0.41270271E+02  0.18742911E-06  0.18742911E-06  0.57756934E-04  0.57756934E-04
 0.41360975E+02  0.18628780E-06  0.18628780E-06  0.57587450E-04  0.57587450E-04
 0.41451679E+02  0.18515728E-06  0.18515728E-06  0.57418996E-04  0.57418996E-04
 0.41542383E+02  0.18403743E-06  0.18403743E-06  0.57251562E-04  0.57251562E-04
 0.41633088E+02  0.18292811E-06  0.18292811E-06  0.57085140E-04  0.57085140E-04
 0.41723792E+02  0.18182917E-06  0.18182917E-06  0.56919718E-04  0.56919718E-04
 0.41814496E+02  0.18074048E-06  0.18074048E-06  0.56755289E-04  0.56755289E-04
 0.41905200E+02  0.17966192E-06  0.17966192E-06  0.56591843E-04  0.56591843E-04
 0.41995904E+02  0.17859335E-06  0.17859335E-06  0.56429371E-04  0.56429371E-04
 0.42086608E+02  0.17753467E-06  0.17753467E-06  0.56267869E-04  0.56267869E-04
 0.42177313E+02  0.17648570E-06  0.17648570E-06  0.56107317E-04  0.56107317E-04
 0.42268017E+02  0.17544634E-06  0.17544634E-06  0.55947712E-04  0.55947712E-04
 0.42358721E+02  0.17441647E-06  0.17441647E-06  0.55789045E-04  0.55789045E-04
 0.42449425E+02  0.17339598E-06  0.17339598E-06  0.55631309E-04  0.55631309E-04
 0.42540129E+02  0.17238475E-06  0.17238475E-06  0.55474493E-04  0.55474493E-04
 0.42630833E+02  0.17138265E-06  0.17138265E-06  0.55318591E-04  0.55318591E-04
 0.42721538E+02  0.17038958E-06  0.17038958E-06  0.55163594E-04  0.55163594E-04
 0.42812242E+02  0.16940543E-06  0.16940543E-06  0.55009493E-04  0.55009493E-04
 0.42902946E+02  0.16843011E-06  0.16843011E-06  0.54856286E-04  0.54856286E-04
 0.42993650E+02  0.16746346E-06  0.16746346E-06  0.54703954E-04  0.54703954E-04
 0.43084354E+02  0.16650539E-06  0.16650539E-06  0.54552496E-04  0.54552496E-04
 0.43175058E+02  0.16555581E-06  0.16555581E-06  0.54401902E-04  0.54401902E-04
 0.43265763E+02  0.16461461E-06  0.16461461E-06  0.54252166E-04  0.54252166E-04
 0.43356467E+02  0.16368168E-06  0.16368168E-06  0.54103280E-04  0.54103280E-04
 0.43447171E+02  0.16275694E-06  0.16275694E-06  0.53955236E-04  0.53955236E-04
 0.43537875E+02  0.16184028E-06  0.16184028E-06  0.53808028E-04  0.53808028E-04
 0.43628579E+02  0.16093160E-06  0.16093160E-06  0.53661647E-04  0.53661647E-04
 0.43719283E+02  0.16003084E-06  0.16003084E-06  0.53516092E-04  0.53516092E-04
 0.43809988E+02  0.15913784E-06  0.15913784E-06  0.53371345E-04  0.53371345E-04
 0.43900692E+02  0.15825254E-06  0.15825254E-06  0.53227405E-04  0.53227405E-04
 0.43991396E+02  0.15737485E-06  0.15737485E-06  0.53084264E-04  0.53084264E-04
 0.44082100E+02  0.15650468E-06  0.15650468E-06  0.52941916E-04  0.52941916E-04
 0.44172804E+02  0.15564195E-06  0.15564195E-06  0.52800353E-04  0.52800353E-04
 0.44263508E+02  0.15478655E-06  0.15478655E-06  0.52659570E-04  0.52659570E-04
 0.44354213E+02  0.15393842E-06  0.15393842E-06  0.52519560E-04  0.52519560E-04
 0.44444917E+02  0.15309746E-06  0.15309746E-06  0.52380315E-04  0.52380315E-04
 0.44535621E+02  0.15226362E-06  0.15226362E-06  0.52241835E-04  0.52241835E-04
 0.44626325E+02  0.15143676E-06  0.15143676E-06  0.52104103E-04  0.52104103E-04
 0.44717029E+02  0.15061683E-06  0.15061683E-06  0.51967118E-04  0.51967118E-04
 0.44807733E+02  0.14980374E-06  0.14980374E-06  0.51830873E-04  0.51830873E-04
 0.44898438E+02  0.14899743E-06  0.14899743E-06  0.51695363E-04  0.51695363E-04
 0.44989142E+02  0.24135451E-06  0.14819781E-06  0.51559856E-04  0.51560582E-04
 0.45079846E+02  0.33144355E-06  0.14740480E-06  0.51424756E-04  0.51426522E-04
 0.45170550E+02  0.42280850E-06  0.14661834E-06  0.51290020E-04  0.51293179E-04
 0.45261254E+02  0.50961830E-06  0.14583837E-06  0.51155750E-04  0.51160551E-04
 0.45351958E+02  0.59428905E-06  0.14506477E-06  0.51021918E-04  0.51028622E-04
 0.45442662E+02  0.67687333E-06  0.14429749E-06  0.50888544E-04  0.50897393E-04
 0.45533367E+02  0.67301099E-06  0.14353646E-06  0.50758087E-04  0.50766856E-04
 0.45624071E+02  0.75310244E-06  0.14278162E-06  0.50625890E-04  0.50637007E-04
 0.45714775E+02  0.83122231E-06  0.14203289E-06  0.50494169E-04  0.50507840E-04
 0.45805479E+02  0.82649912E-06  0.14129020E-06  0.50365801E-04  0.50379349E-04
 0.45896183E+02  0.99231819E-06  0.14055350E-06  0.50231765E-04  0.50251529E-04
 0.45986888E+02  0.10656894E-05  0.13982271E-06  0.50101458E-04  0.50124375E-04
 0.46077592E+02  0.11372456E-05  0.13909779E-06  0.49971664E-04  0.49997885E-04
 0.46168296E+02  0.11308245E-05  0.13837863E-06  0.49846059E-04  0.49872046E-04
 0.46259000E+02  0.12002289E-05  0.13766519E-06  0.49717456E-04  0.49746856E-04
 0.46349704E+02  0.12679166E-05  0.13695741E-06  0.49589372E-04  0.49622311E-04
 0.46440408E+02  0.12608056E-05  0.13625523E-06  0.49465758E-04  0.49498406E-04
 0.46531113E+02  0.13264635E-05  0.13555858E-06  0.49338865E-04  0.49375134E-04
 0.46621817E+02  0.13904974E-05  0.13486741E-06  0.49212499E-04  0.49252493E-04
 0.46712521E+02  0.14692774E-05  0.13418166E-06  0.49085664E-04  0.49130475E-04
 0.46803225E+02  0.15308881E-05  0.13350128E-06  0.48960275E-04  0.49009077E-04
 0.46893929E+02  0.15909655E-05  0.13282621E-06  0.48835430E-04  0.48888298E-04
 0.46984633E+02  0.15821649E-05  0.13215637E-06  0.48715719E-04  0.48768125E-04
 0.47075338E+02  0.16404422E-05  0.13149173E-06  0.48592053E-04  0.48648557E-04
 0.47166042E+02  0.16972674E-05  0.13083221E-06  0.48468928E-04  0.48529589E-04
 0.47256746E+02  0.16879467E-05  0.13017778E-06  0.48351083E-04  0.48411218E-04
 0.47347450E+02  0.17430729E-05  0.12952838E-06  0.48229130E-04  0.48293437E-04
 0.47438154E+02  0.17968236E-05  0.12888396E-06  0.48107720E-04  0.48176243E-04
 0.47528858E+02  0.18702409E-05  0.12824445E-06  0.47985181E-04  0.48059632E-04
 0.47619563E+02  0.19219062E-05  0.12760982E-06  0.47864767E-04  0.47943599E-04
 0.47710267E+02  0.19722724E-05  0.12698004E-06  0.47744906E-04  0.47828142E-04
 0.47800971E+02  0.19615980E-05  0.12635500E-06  0.47630727E-04  0.47713251E-04
 0.47891675E+02  0.20104555E-05  0.12573469E-06  0.47512012E-04  0.47598925E-04
 0.47982379E+02  0.20580815E-05  0.12511905E-06  0.47393845E-04  0.47485159E-04
 0.48073083E+02  0.20470242E-05  0.12450803E-06  0.47281411E-04  0.47371950E-04
 0.48163788E+02  0.20932252E-05  0.12390159E-06  0.47164379E-04  0.47259292E-04
 0.48254492E+02  0.21382583E-05  0.12329969E-06  0.47047892E-04  0.47147183E-04
 0.48345196E+02  0.22069624E-05  0.12270227E-06  0.46929565E-04  0.47035618E-04
 0.48435900E+02  0.22501944E-05  0.12210929E-06  0.46814069E-04  0.46924592E-04
 0.48526604E+02  0.22923227E-05  0.12152072E-06  0.46699122E-04  0.46814106E-04
 0.48617308E+02  0.22801860E-05  0.12093649E-06  0.46590127E-04  0.46704148E-04
 0.48708013E+02  0.23210478E-05  0.12035656E-06  0.46476284E-04  0.46594718E-04
 0.48798717E+02  0.23088184E-05  0.11978089E-06  0.46368364E-04  0.46485812E-04
 0.48889421E+02  0.23484531E-05  0.11920945E-06  0.46255616E-04  0.46377427E-04
 0.48980125E+02  0.23870707E-05  0.11864218E-06  0.46143403E-04  0.46269557E-04
 0.49070829E+02  0.23745842E-05  0.11807905E-06  0.46037089E-04  0.46162201E-04
 0.49161533E+02  0.24120414E-05  0.11752002E-06  0.45925953E-04  0.46055353E-04
 0.49252237E+02  0.25253055E-05  0.11696504E-06  0.45806787E-04  0.45949011E-04
 0.49342942E+02  0.25121922E-05  0.11641410E-06  0.45702117E-04  0.45843173E-04
 0.49433646E+02  0.25471635E-05  0.11586711E-06  0.45592476E-04  0.45737830E-04
 0.49524350E+02  0.25339991E-05  0.11532406E-06  0.45488815E-04  0.45632982E-04
 0.49615054E+02  0.25679124E-05  0.11478490E-06  0.45380224E-04  0.45528624E-04
 0.49705758E+02  0.26009380E-05  0.11424961E-06  0.45272155E-04  0.45424753E-04
 0.49796462E+02  0.25875914E-05  0.11371814E-06  0.45170005E-04  0.45321366E-04
 0.49887167E+02  0.26196161E-05  0.11319045E-06  0.45062967E-04  0.45218460E-04
 0.49977871E+02  0.26062367E-05  0.11266651E-06  0.44961793E-04  0.45116030E-04
 0.50068575E+02  0.26372908E-05  0.11214629E-06  0.44855773E-04  0.45014074E-04
 0.50159279E+02  0.27412286E-05  0.11162976E-06  0.44741122E-04  0.44912592E-04
 0.50249983E+02  0.27273281E-05  0.11111685E-06  0.44641477E-04  0.44811573E-04
 0.50340687E+02  0.27562472E-05  0.11060755E-06  0.44536897E-04  0.44711017E-04
 0.50431392E+02  0.27423355E-05  0.11010182E-06  0.44438191E-04  0.44610922E-04
 0.50522096E+02  0.27703695E-05  0.10959963E-06  0.44334601E-04  0.44511284E-04
 0.50612800E+02  0.27976488E-05  0.10910094E-06  0.44231511E-04  0.44412100E-04
 0.50703504E+02  0.27836261E-05  0.10860572E-06  0.44134208E-04  0.44313367E-04
 0.50794208E+02  0.28100676E-05  0.10811394E-06  0.44032090E-04  0.44215081E-04
 0.50884913E+02  0.27960470E-05  0.10762557E-06  0.43935691E-04  0.44117240E-04
 0.50975617E+02  0.28216757E-05  0.10714058E-06  0.43834536E-04  0.44019843E-04
 0.51066321E+02  0.29174577E-05  0.10665893E-06  0.43724280E-04  0.43922882E-04
 0.51157025E+02  0.29030036E-05  0.10618058E-06  0.43629308E-04  0.43826356E-04
 0.51247729E+02  0.29267916E-05  0.10570551E-06  0.43529526E-04  0.43730262E-04
 0.51338433E+02  0.29123569E-05  0.10523369E-06  0.43435425E-04  0.43634598E-04
 0.51429138E+02  0.29354032E-05  0.10476509E-06  0.43336575E-04  0.43539360E-04
 0.51519842E+02  0.29209910E-05  0.10429968E-06  0.43243333E-04  0.43444546E-04
 0.51610546E+02  0.29433173E-05  0.10383742E-06  0.43145402E-04  0.43350152E-04
 0.51701250E+02  0.29650181E-05  0.10337830E-06  0.43047939E-04  0.43256177E-04
 0.51791954E+02  0.29505589E-05  0.10292230E-06  0.42955986E-04  0.43162619E-04
 0.51882658E+02  0.29715777E-05  0.10246935E-06  0.42859424E-04  0.43069471E-04
 0.51973363E+02  0.29571503E-05  0.10201945E-06  0.42768296E-04  0.42976732E-04
 0.52064067E+02  0.30453812E-05  0.10157257E-06  0.42662797E-04  0.42884400E-04
 0.52154771E+02  0.30306637E-05  0.10112867E-06  0.42572561E-04  0.42792471E-04
 0.52245475E+02  0.30500305E-05  0.10068774E-06  0.42477732E-04  0.42700944E-04
 0.52336179E+02  0.30353552E-05  0.10024974E-06  0.42388300E-04  0.42609816E-04
 0.52426883E+02  0.30541030E-05  0.99814657E-07  0.42294339E-04  0.42519084E-04
 0.52517588E+02  0.30723043E-05  0.99382453E-07  0.42200825E-04  0.42428745E-04
 0.52608292E+02  0.30576194E-05  0.98953122E-07  0.42112600E-04  0.42338799E-04
 0.52698996E+02  0.30752343E-05  0.98526606E-07  0.42019937E-04  0.42249239E-04
 0.52789700E+02  0.30605987E-05  0.98102897E-07  0.41932486E-04  0.42160064E-04
 0.52880404E+02  0.30776441E-05  0.97681969E-07  0.41840662E-04  0.42071273E-04
 0.52971108E+02  0.30630601E-05  0.97263798E-07  0.41753977E-04  0.41982862E-04
 0.53061813E+02  0.31446742E-05  0.96848358E-07  0.41653006E-04  0.41894828E-04
 0.53152517E+02  0.31298397E-05  0.96435627E-07  0.41567150E-04  0.41807171E-04
 0.53243221E+02  0.31454705E-05  0.96025579E-07  0.41476951E-04  0.41719887E-04
 0.53333925E+02  0.31606229E-05  0.95618191E-07  0.41387176E-04  0.41632973E-04
 0.53424629E+02  0.31458095E-05  0.95213454E-07  0.41302453E-04  0.41546431E-04
 0.53515333E+02  0.31604574E-05  0.94811316E-07  0.41213481E-04  0.41460251E-04
 0.53606037E+02  0.31457069E-05  0.94411769E-07  0.41129484E-04  0.41374436E-04
 0.53696742E+02  0.31598650E-05  0.94014790E-07  0.41041305E-04  0.41288981E-04
 0.53787446E+02  0.31451793E-05  0.93620357E-07  0.40958027E-04  0.41203885E-04
 0.53878150E+02  0.31588611E-05  0.93228447E-07  0.40870630E-04  0.41119146E-04
 0.53968854E+02  0.31442418E-05  0.92839039E-07  0.40788062E-04  0.41034762E-04
 0.54059558E+02  0.31574615E-05  0.92452111E-07  0.40701437E-04  0.40950729E-04
 0.54150263E+02  0.32051981E-05  0.92067642E-07  0.40609590E-04  0.40867046E-04
 0.54240967E+02  0.32176652E-05  0.91685624E-07  0.40523718E-04  0.40783714E-04
 0.54331671E+02  0.32297235E-05  0.91306008E-07  0.40438240E-04  0.40700724E-04
 0.54422375E+02  0.32149351E-05  0.90928789E-07  0.40357491E-04  0.40618078E-04
 0.54513079E+02  0.32265717E-05  0.90553945E-07  0.40272760E-04  0.40535772E-04
 0.54603783E+02  0.32118584E-05  0.90181455E-07  0.40192688E-04  0.40453806E-04
 0.54694488E+02  0.32230855E-05  0.89811301E-07  0.40108695E-04  0.40372176E-04
 0.54785192E+02  0.32084480E-05  0.89443463E-07  0.40029290E-04  0.40290881E-04
 0.54875896E+02  0.32192770E-05  0.89077919E-07  0.39946026E-04  0.40209918E-04
 0.54966600E+02  0.32047170E-05  0.88714665E-07  0.39867282E-04  0.40129289E-04
 0.55057304E+02  0.32151595E-05  0.88353655E-07  0.39784737E-04  0.40048986E-04
 0.55148008E+02  0.32006767E-05  0.87994883E-07  0.39706640E-04  0.39969009E-04
 0.55238713E+02  0.32704021E-05  0.87638331E-07  0.39614806E-04  0.39889356E-04
 0.55329417E+02  0.32557334E-05  0.87283979E-07  0.39537420E-04  0.39810026E-04
 0.55420121E+02  0.32651539E-05  0.86931809E-07  0.39456284E-04  0.39731016E-04
 0.55510825E+02  0.32505675E-05  0.86581803E-07  0.39379530E-04  0.39652324E-04
 0.55601529E+02  0.32596371E-05  0.86233943E-07  0.39299086E-04  0.39573950E-04
 0.55692233E+02  0.32451333E-05  0.85888212E-07  0.39222957E-04  0.39495889E-04
 0.55782938E+02  0.32538622E-05  0.85544604E-07  0.39143199E-04  0.39418144E-04
 0.55873642E+02  0.32394418E-05  0.85203076E-07  0.39067686E-04  0.39340707E-04
 0.55964346E+02  0.32478391E-05  0.84863625E-07  0.38988601E-04  0.39263579E-04
 0.56055050E+02  0.32335022E-05  0.84526232E-07  0.38913696E-04  0.39186758E-04
 0.56145754E+02  0.32415773E-05  0.84190881E-07  0.38835276E-04  0.39110242E-04
 0.56236458E+02  0.32273245E-05  0.83857556E-07  0.38760972E-04  0.39034029E-04
 0.56327163E+02  0.32923360E-05  0.83526239E-07  0.38673315E-04  0.38958117E-04
 0.56417867E+02  0.32779205E-05  0.83196915E-07  0.38599672E-04  0.38882505E-04
 0.56508571E+02  0.32851158E-05  0.82869567E-07  0.38522563E-04  0.38807191E-04
 0.56599275E+02  0.32707883E-05  0.82544190E-07  0.38449508E-04  0.38732176E-04
 0.56689979E+02  0.32776919E-05  0.82220747E-07  0.38373040E-04  0.38657452E-04
 0.56780683E+02  0.32634517E-05  0.81899231E-07  0.38300560E-04  0.38583021E-04
 0.56871388E+02  0.32700710E-05  0.81579629E-07  0.38224726E-04  0.38508880E-04
 0.56962092E+02  0.32559189E-05  0.81261924E-07  0.38152816E-04  0.38435029E-04
 0.57052796E+02  0.32622627E-05  0.80946102E-07  0.38077608E-04  0.38361465E-04
 0.57143500E+02  0.32481983E-05  0.80632147E-07  0.38006261E-04  0.38288186E-04
 0.57234204E+02  0.32542740E-05  0.80320044E-07  0.37931670E-04  0.38215192E-04
 0.57324908E+02  0.32402979E-05  0.80009779E-07  0.37860880E-04  0.38142479E-04
 0.57415613E+02  0.32461132E-05  0.79701347E-07  0.37786902E-04  0.38070050E-04
 0.57506317E+02  0.32870140E-05  0.79394713E-07  0.37706966E-04  0.37997897E-04
 0.57597021E+02  0.32923300E-05  0.79089874E-07  0.37633595E-04  0.37926022E-04
 0.57687725E+02  0.32783012E-05  0.78786814E-07  0.37563963E-04  0.37854422E-04
 0.57778429E+02  0.32833742E-05  0.78485520E-07  0.37491188E-04  0.37783096E-04
 0.57869133E+02  0.32694365E-05  0.78185978E-07  0.37422091E-04  0.37712043E-04
 0.57959837E+02  0.32742735E-05  0.77888174E-07  0.37349903E-04  0.37641260E-04
 0.58050542E+02  0.32604265E-05  0.77592095E-07  0.37281336E-04  0.37570747E-04
 0.58141246E+02  0.32650339E-05  0.77297727E-07  0.37209729E-04  0.37500502E-04
 0.58231950E+02  0.32512780E-05  0.77005068E-07  0.37141686E-04  0.37430525E-04
 0.58322654E+02  0.32556623E-05  0.76714082E-07  0.37070653E-04  0.37360811E-04
 0.58413358E+02  0.32419965E-05  0.76424768E-07  0.37003124E-04  0.37291360E-04
 0.58504063E+02  0.32461642E-05  0.76137112E-07  0.36932657E-04  0.37222170E-04
 0.58594767E+02  0.32325885E-05  0.75851101E-07  0.36865639E-04  0.37153241E-04
 0.58685471E+02  0.32365456E-05  0.75566724E-07  0.36795731E-04  0.37084570E-04
 0.58776175E+02  0.32753511E-05  0.75283967E-07  0.36719749E-04  0.37016157E-04
 0.58866879E+02  0.32788757E-05  0.75002818E-07  0.36650407E-04  0.36947999E-04
 0.58957583E+02  0.32652679E-05  0.74723264E-07  0.36584453E-04  0.36880095E-04
 0.59048288E+02  0.32685967E-05  0.74445303E-07  0.36515659E-04  0.36812447E-04
 0.59138992E+02  0.32550810E-05  0.74168904E-07  0.36450197E-04  0.36745048E-04
 0.59229696E+02  0.32582189E-05  0.73894063E-07  0.36381940E-04  0.36677899E-04
 0.59320400E+02  0.32447951E-05  0.73620770E-07  0.36316964E-04  0.36610998E-04
 0.59411104E+02  0.32477476E-05  0.73349013E-07  0.36249239E-04  0.36544345E-04
 0.59501808E+02  0.32344154E-05  0.73078779E-07  0.36184744E-04  0.36477937E-04
 0.59592513E+02  0.32371882E-05  0.72810058E-07  0.36117546E-04  0.36411774E-04
 0.59683217E+02  0.32239472E-05  0.72542838E-07  0.36053526E-04  0.36345854E-04
 0.59773921E+02  0.32265449E-05  0.72277107E-07  0.35986848E-04  0.36280175E-04
 0.59864625E+02  0.32133951E-05  0.72012864E-07  0.35923299E-04  0.36214739E-04
 0.59955329E+02  0.32003216E-05  0.71750079E-07  0.35859971E-04  0.36149540E-04
 0.60046033E+02  0.32527610E-05  0.71488750E-07  0.35784824E-04  0.36084579E-04
 0.60136738E+02  0.32395780E-05  0.71228866E-07  0.35722017E-04  0.36019854E-04
 0.60227442E+02  0.32416449E-05  0.70970417E-07  0.35656614E-04  0.35955364E-04
 0.60318146E+02  0.32285537E-05  0.70713392E-07  0.35594262E-04  0.35891108E-04
 0.60408850E+02  0.32304632E-05  0.70457781E-07  0.35529359E-04  0.35827084E-04
 0.60499554E+02  0.32174632E-05  0.70203572E-07  0.35467457E-04  0.35763291E-04
 0.60590258E+02  0.32192196E-05  0.69950755E-07  0.35403047E-04  0.35699729E-04
 0.60680962E+02  0.32063109E-05  0.69699330E-07  0.35341593E-04  0.35636397E-04
 0.60771667E+02  0.32079183E-05  0.69449268E-07  0.35277670E-04  0.35573291E-04
 0.60862371E+02  0.31950996E-05  0.69200567E-07  0.35216654E-04  0.35510411E-04
 0.60953075E+02  0.31965628E-05  0.68953219E-07  0.35153213E-04  0.35447755E-04
 0.61043779E+02  0.31838342E-05  0.68707212E-07  0.35092633E-04  0.35385324E-04
 0.61134483E+02  0.31851569E-05  0.68462538E-07  0.35029667E-04  0.35323115E-04
 0.61225188E+02  0.31725177E-05  0.68219186E-07  0.34969517E-04  0.35261127E-04
 0.61315892E+02  0.32078480E-05  0.67977146E-07  0.34900641E-04  0.35199360E-04
 0.61406596E+02  0.32088548E-05  0.67736410E-07  0.34838384E-04  0.35137811E-04
 0.61497300E+02  0.31961910E-05  0.67496976E-07  0.34778921E-04  0.35076482E-04
 0.61588004E+02  0.31970682E-05  0.67258818E-07  0.34717126E-04  0.35015368E-04
 0.61678708E+02  0.31844938E-05  0.67021935E-07  0.34658079E-04  0.34954469E-04
 0.61769412E+02  0.31852448E-05  0.66786318E-07  0.34596742E-04  0.34893785E-04
 0.61860117E+02  0.31727599E-05  0.66551958E-07  0.34538108E-04  0.34833313E-04
 0.61950821E+02  0.31733883E-05  0.66318845E-07  0.34477223E-04  0.34773054E-04
 0.62041525E+02  0.31609924E-05  0.66086971E-07  0.34418999E-04  0.34713006E-04
 0.62132229E+02  0.31615018E-05  0.65856327E-07  0.34358561E-04  0.34653167E-04
 0.62222933E+02  0.31491943E-05  0.65626904E-07  0.34300741E-04  0.34593537E-04
 0.62313638E+02  0.31369552E-05  0.65398701E-07  0.34243116E-04  0.34534116E-04
 0.62404342E+02  0.31373688E-05  0.65171694E-07  0.34183327E-04  0.34474900E-04
 0.62495046E+02  0.31252165E-05  0.64945883E-07  0.34126098E-04  0.34415889E-04
 0.62585750E+02  0.31255177E-05  0.64721250E-07  0.34066741E-04  0.34357081E-04
 0.62676454E+02  0.31592287E-05  0.64497819E-07  0.34001284E-04  0.34298482E-04
 0.62767158E+02  0.31592387E-05  0.64275542E-07  0.33942377E-04  0.34240081E-04
 0.62857863E+02  0.31470872E-05  0.64054427E-07  0.33885985E-04  0.34181881E-04
 0.62948567E+02  0.31469936E-05  0.63834465E-07  0.33827503E-04  0.34123881E-04
 0.63039271E+02  0.31349295E-05  0.63615649E-07  0.33771495E-04  0.34066080E-04
 0.63129975E+02  0.31229311E-05  0.63397970E-07  0.33715672E-04  0.34008477E-04
 0.63220679E+02  0.31227582E-05  0.63181420E-07  0.33657807E-04  0.33951070E-04
 0.63311383E+02  0.31108461E-05  0.62965992E-07  0.33602362E-04  0.33893860E-04
 0.63402088E+02  0.31105755E-05  0.62751678E-07  0.33544910E-04  0.33836845E-04
 0.63492792E+02  0.30987492E-05  0.62538469E-07  0.33489840E-04  0.33780024E-04
 0.63583496E+02  0.30983843E-05  0.62326359E-07  0.33432797E-04  0.33723395E-04
 0.63674200E+02  0.30866429E-05  0.62115339E-07  0.33378098E-04  0.33666958E-04
 0.63764904E+02  0.30861861E-05  0.61905403E-07  0.33321458E-04  0.33610713E-04
 0.63855608E+02  0.30745295E-05  0.61696542E-07  0.33267127E-04  0.33554657E-04
 0.63946313E+02  0.30629355E-05  0.61488749E-07  0.33212971E-04  0.33498790E-04
 0.64037017E+02  0.30624108E-05  0.61282017E-07  0.33156918E-04  0.33443111E-04
 0.64127721E+02  0.30945628E-05  0.61076338E-07  0.33094846E-04  0.33387619E-04
 0.64218425E+02  0.30937825E-05  0.60871706E-07  0.33039206E-04  0.33332314E-04
 0.64309129E+02  0.30821954E-05  0.60668127E-07  0.32985822E-04  0.33277197E-04
 0.64399833E+02  0.30813333E-05  0.60465566E-07  0.32930571E-04  0.33222260E-04
 0.64490538E+02  0.30698294E-05  0.60264029E-07  0.32877537E-04  0.33167507E-04
 0.64581242E+02  0.30583869E-05  0.60063510E-07  0.32824672E-04  0.33112936E-04
 0.64671946E+02  0.30574675E-05  0.59864003E-07  0.32769986E-04  0.33058547E-04
 0.64762650E+02  0.30461074E-05  0.59665500E-07  0.32717469E-04  0.33004338E-04
 0.64853354E+02  0.30451112E-05  0.59467994E-07  0.32663161E-04  0.32950309E-04
 0.64944058E+02  0.30338333E-05  0.59271478E-07  0.32610989E-04  0.32896458E-04
 0.65034762E+02  0.30327622E-05  0.59075947E-07  0.32557056E-04  0.32842785E-04
 0.65125467E+02  0.30215660E-05  0.58881392E-07  0.32505225E-04  0.32789290E-04
 0.65216171E+02  0.30104286E-05  0.58687809E-07  0.32453557E-04  0.32735970E-04
 0.65306875E+02  0.30093071E-05  0.58495189E-07  0.32400168E-04  0.32682825E-04
 0.65397579E+02  0.29982502E-05  0.58303528E-07  0.32348836E-04  0.32629855E-04
 0.65488283E+02  0.29970586E-05  0.58112817E-07  0.32295812E-04  0.32577058E-04
 0.65578988E+02  0.29860814E-05  0.57923052E-07  0.32244813E-04  0.32524433E-04
 0.65669692E+02  0.30263876E-05  0.57734225E-07  0.32184227E-04  0.32471980E-04
 0.65760396E+02  0.30153407E-05  0.57546331E-07  0.32133603E-04  0.32419698E-04
 0.65851100E+02  0.30043513E-05  0.57359363E-07  0.32083137E-04  0.32367586E-04
 0.65941804E+02  0.30028937E-05  0.57173328E-07  0.32031021E-04  0.32315647E-04
 0.66032508E+02  0.29919840E-05  0.56988194E-07  0.31980879E-04  0.32263873E-04
 0.66123212E+02  0.29904633E-05  0.56803967E-07  0.31929111E-04  0.32212266E-04
 0.66213917E+02  0.29796326E-05  0.56620643E-07  0.31879289E-04  0.32160826E-04
 0.66304621E+02  0.29780516E-05  0.56438214E-07  0.31827869E-04  0.32109551E-04
 0.66395325E+02  0.29672994E-05  0.56256676E-07  0.31778364E-04  0.32058442E-04
 0.66486029E+02  0.29566025E-05  0.56076022E-07  0.31729012E-04  0.32007497E-04
 0.66576733E+02  0.29549856E-05  0.55896246E-07  0.31678098E-04  0.31956715E-04
 0.66667438E+02  0.29443657E-05  0.55717343E-07  0.31629059E-04  0.31906097E-04
 0.66758142E+02  0.29426923E-05  0.55539307E-07  0.31578483E-04  0.31855640E-04
 0.66848846E+02  0.29321494E-05  0.55362132E-07  0.31529754E-04  0.31805344E-04
 0.66939550E+02  0.29216601E-05  0.55185813E-07  0.31481174E-04  0.31755208E-04
 0.67030254E+02  0.29199542E-05  0.55010344E-07  0.31431091E-04  0.31705232E-04
 0.67120958E+02  0.29095407E-05  0.54835720E-07  0.31382816E-04  0.31655415E-04
 0.67211663E+02  0.29474357E-05  0.54661935E-07  0.31325505E-04  0.31605755E-04
 0.67302367E+02  0.29369587E-05  0.54488984E-07  0.31277575E-04  0.31556253E-04
 0.67393071E+02  0.29265350E-05  0.54316861E-07  0.31229790E-04  0.31506908E-04
 0.67483775E+02  0.29246033E-05  0.54145561E-07  0.31180538E-04  0.31457718E-04
 0.67574479E+02  0.29142554E-05  0.53975091E-07  0.31133054E-04  0.31408687E-04
 0.67665183E+02  0.29122755E-05  0.53805422E-07  0.31084124E-04  0.31359806E-04
 0.67755888E+02  0.29020018E-05  0.53636559E-07  0.31036931E-04  0.31311079E-04
 0.67846592E+02  0.28999750E-05  0.53468499E-07  0.30988319E-04  0.31262505E-04
 0.67937296E+02  0.28897755E-05  0.53301236E-07  0.30941419E-04  0.31214083E-04
 0.68028000E+02  0.28796271E-05  0.53134764E-07  0.30894659E-04  0.31165812E-04
