#   iter=  100   gam= 0.19991632E-01   kpref= 0.68624249E-03
     #   Energy           Spect        Spect(0)            SPKK         SPKK(0)
-0.40817000E+02  0.32183625E-05  0.32183625E-05 -0.31353711E-03 -0.31353711E-03
-0.40726296E+02  0.32304300E-05  0.32304300E-05 -0.31407459E-03 -0.31407459E-03
-0.40635592E+02  0.32425699E-05  0.32425699E-05 -0.31461408E-03 -0.31461408E-03
-0.40544887E+02  0.32547827E-05  0.32547827E-05 -0.31515561E-03 -0.31515561E-03
-0.40454183E+02  0.32670689E-05  0.32670689E-05 -0.31569918E-03 -0.31569918E-03
-0.40363479E+02  0.32794292E-05  0.32794292E-05 -0.31624479E-03 -0.31624479E-03
-0.40272775E+02  0.32918634E-05  0.32918634E-05 -0.31679244E-03 -0.31679244E-03
-0.40182071E+02  0.33043737E-05  0.33043737E-05 -0.31734221E-03 -0.31734221E-03
-0.40091367E+02  0.33169599E-05  0.33169599E-05 -0.31789406E-03 -0.31789406E-03
-0.40000662E+02  0.33296227E-05  0.33296227E-05 -0.31844802E-03 -0.31844802E-03
-0.39909958E+02  0.33423627E-05  0.33423627E-05 -0.31900410E-03 -0.31900410E-03
-0.39819254E+02  0.33551807E-05  0.33551807E-05 -0.31956230E-03 -0.31956230E-03
-0.39728550E+02  0.33680771E-05  0.33680771E-05 -0.32012265E-03 -0.32012265E-03
-0.39637846E+02  0.33810528E-05  0.33810528E-05 -0.32068515E-03 -0.32068515E-03
-0.39547142E+02  0.33941084E-05  0.33941084E-05 -0.32124982E-03 -0.32124982E-03
-0.39456437E+02  0.34072446E-05  0.34072446E-05 -0.32181667E-03 -0.32181667E-03
-0.39365733E+02  0.34204620E-05  0.34204620E-05 -0.32238572E-03 -0.32238572E-03
-0.39275029E+02  0.34337615E-05  0.34337615E-05 -0.32295698E-03 -0.32295698E-03
-0.39184325E+02  0.34471435E-05  0.34471435E-05 -0.32353046E-03 -0.32353046E-03
-0.39093621E+02  0.34606089E-05  0.34606089E-05 -0.32410617E-03 -0.32410617E-03
-0.39002917E+02  0.34741584E-05  0.34741584E-05 -0.32468414E-03 -0.32468414E-03
-0.38912212E+02  0.34877929E-05  0.34877929E-05 -0.32526438E-03 -0.32526438E-03
-0.38821508E+02  0.35015129E-05  0.35015129E-05 -0.32584689E-03 -0.32584689E-03
-0.38730804E+02  0.35153184E-05  0.35153184E-05 -0.32643166E-03 -0.32643166E-03
-0.38640100E+02  0.35292118E-05  0.35292118E-05 -0.32701877E-03 -0.32701877E-03
-0.38549396E+02  0.35431931E-05  0.35431931E-05 -0.32760821E-03 -0.32760821E-03
-0.38458692E+02  0.35572629E-05  0.35572629E-05 -0.32819998E-03 -0.32819998E-03
-0.38367987E+02  0.35714222E-05  0.35714222E-05 -0.32879410E-03 -0.32879410E-03
-0.38277283E+02  0.35856717E-05  0.35856717E-05 -0.32939059E-03 -0.32939059E-03
-0.38186579E+02  0.36000121E-05  0.36000121E-05 -0.32998947E-03 -0.32998947E-03
-0.38095875E+02  0.36144444E-05  0.36144444E-05 -0.33059074E-03 -0.33059074E-03
-0.38005171E+02  0.36289693E-05  0.36289693E-05 -0.33119442E-03 -0.33119442E-03
-0.37914467E+02  0.36435876E-05  0.36435876E-05 -0.33180053E-03 -0.33180053E-03
-0.37823762E+02  0.36583001E-05  0.36583001E-05 -0.33240908E-03 -0.33240908E-03
-0.37733058E+02  0.36731078E-05  0.36731078E-05 -0.33302010E-03 -0.33302010E-03
-0.37642354E+02  0.36880115E-05  0.36880115E-05 -0.33363359E-03 -0.33363359E-03
-0.37551650E+02  0.37030120E-05  0.37030120E-05 -0.33424957E-03 -0.33424957E-03
-0.37460946E+02  0.37181100E-05  0.37181100E-05 -0.33486805E-03 -0.33486805E-03
-0.37370242E+02  0.37333068E-05  0.37333068E-05 -0.33548906E-03 -0.33548906E-03
-0.37279537E+02  0.37486032E-05  0.37486032E-05 -0.33611261E-03 -0.33611261E-03
-0.37188833E+02  0.37639999E-05  0.37639999E-05 -0.33673872E-03 -0.33673872E-03
-0.37098129E+02  0.37794970E-05  0.37794970E-05 -0.33736736E-03 -0.33736736E-03
-0.37007425E+02  0.37950973E-05  0.37950973E-05 -0.33799864E-03 -0.33799864E-03
-0.36916721E+02  0.38108007E-05  0.38108007E-05 -0.33863252E-03 -0.33863252E-03
-0.36826017E+02  0.38266083E-05  0.38266083E-05 -0.33926902E-03 -0.33926902E-03
-0.36735312E+02  0.38425210E-05  0.38425210E-05 -0.33990817E-03 -0.33990817E-03
-0.36644608E+02  0.38585397E-05  0.38585397E-05 -0.34054998E-03 -0.34054998E-03
-0.36553904E+02  0.38746655E-05  0.38746655E-05 -0.34119447E-03 -0.34119447E-03
-0.36463200E+02  0.38908993E-05  0.38908993E-05 -0.34184165E-03 -0.34184165E-03
-0.36372496E+02  0.39072422E-05  0.39072422E-05 -0.34249154E-03 -0.34249154E-03
-0.36281792E+02  0.39236951E-05  0.39236951E-05 -0.34314417E-03 -0.34314417E-03
-0.36191087E+02  0.39402592E-05  0.39402592E-05 -0.34379955E-03 -0.34379955E-03
-0.36100383E+02  0.39569353E-05  0.39569353E-05 -0.34445770E-03 -0.34445770E-03
-0.36009679E+02  0.39737247E-05  0.39737247E-05 -0.34511863E-03 -0.34511863E-03
-0.35918975E+02  0.39906281E-05  0.39906281E-05 -0.34578237E-03 -0.34578237E-03
-0.35828271E+02  0.40076471E-05  0.40076471E-05 -0.34644894E-03 -0.34644894E-03
-0.35737567E+02  0.40247826E-05  0.40247826E-05 -0.34711835E-03 -0.34711835E-03
-0.35646862E+02  0.40420355E-05  0.40420355E-05 -0.34779063E-03 -0.34779063E-03
-0.35556158E+02  0.40594072E-05  0.40594072E-05 -0.34846579E-03 -0.34846579E-03
-0.35465454E+02  0.40768977E-05  0.40768977E-05 -0.34914381E-03 -0.34914381E-03
-0.35374750E+02  0.40945101E-05  0.40945101E-05 -0.34982480E-03 -0.34982480E-03
-0.35284046E+02  0.41122446E-05  0.41122446E-05 -0.35050874E-03 -0.35050874E-03
-0.35193342E+02  0.41301025E-05  0.41301025E-05 -0.35119564E-03 -0.35119564E-03
-0.35102638E+02  0.41480848E-05  0.41480848E-05 -0.35188552E-03 -0.35188552E-03
-0.35011933E+02  0.41661929E-05  0.41661929E-05 -0.35257841E-03 -0.35257841E-03
-0.34921229E+02  0.41844278E-05  0.41844278E-05 -0.35327433E-03 -0.35327433E-03
-0.34830525E+02  0.42027909E-05  0.42027909E-05 -0.35397330E-03 -0.35397330E-03
-0.34739821E+02  0.42212835E-05  0.42212835E-05 -0.35467534E-03 -0.35467534E-03
-0.34649117E+02  0.42399067E-05  0.42399067E-05 -0.35538047E-03 -0.35538047E-03
-0.34558413E+02  0.42586619E-05  0.42586619E-05 -0.35608871E-03 -0.35608871E-03
-0.34467708E+02  0.42775504E-05  0.42775504E-05 -0.35680009E-03 -0.35680009E-03
-0.34377004E+02  0.42965734E-05  0.42965734E-05 -0.35751463E-03 -0.35751463E-03
-0.34286300E+02  0.43157321E-05  0.43157321E-05 -0.35823234E-03 -0.35823234E-03
-0.34195596E+02  0.43350284E-05  0.43350284E-05 -0.35895326E-03 -0.35895326E-03
-0.34104892E+02  0.43544633E-05  0.43544633E-05 -0.35967740E-03 -0.35967740E-03
-0.34014187E+02  0.43740382E-05  0.43740382E-05 -0.36040480E-03 -0.36040480E-03
-0.33923483E+02  0.43937545E-05  0.43937545E-05 -0.36113547E-03 -0.36113547E-03
-0.33832779E+02  0.44136126E-05  0.44136126E-05 -0.36186938E-03 -0.36186938E-03
-0.33742075E+02  0.44336161E-05  0.44336161E-05 -0.36260667E-03 -0.36260667E-03
-0.33651371E+02  0.44537654E-05  0.44537654E-05 -0.36334730E-03 -0.36334730E-03
-0.33560667E+02  0.44740619E-05  0.44740619E-05 -0.36409130E-03 -0.36409130E-03
-0.33469962E+02  0.44945071E-05  0.44945071E-05 -0.36483869E-03 -0.36483869E-03
-0.33379258E+02  0.45151025E-05  0.45151025E-05 -0.36558950E-03 -0.36558950E-03
-0.33288554E+02  0.45358498E-05  0.45358498E-05 -0.36634375E-03 -0.36634375E-03
-0.33197850E+02  0.45567504E-05  0.45567504E-05 -0.36710148E-03 -0.36710148E-03
-0.33107146E+02  0.45778059E-05  0.45778059E-05 -0.36786269E-03 -0.36786269E-03
-0.33016442E+02  0.45990179E-05  0.45990179E-05 -0.36862743E-03 -0.36862743E-03
-0.32925737E+02  0.46203881E-05  0.46203881E-05 -0.36939572E-03 -0.36939572E-03
-0.32835033E+02  0.46419180E-05  0.46419180E-05 -0.37016757E-03 -0.37016757E-03
-0.32744329E+02  0.46636094E-05  0.46636094E-05 -0.37094303E-03 -0.37094303E-03
-0.32653625E+02  0.46854636E-05  0.46854636E-05 -0.37172211E-03 -0.37172211E-03
-0.32562921E+02  0.47074830E-05  0.47074830E-05 -0.37250485E-03 -0.37250485E-03
-0.32472217E+02  0.47296689E-05  0.47296689E-05 -0.37329127E-03 -0.37329127E-03
-0.32381512E+02  0.47520231E-05  0.47520231E-05 -0.37408140E-03 -0.37408140E-03
-0.32290808E+02  0.47745474E-05  0.47745474E-05 -0.37487526E-03 -0.37487526E-03
-0.32200104E+02  0.47972423E-05  0.47972423E-05 -0.37567285E-03 -0.37567285E-03
-0.32109400E+02  0.48201123E-05  0.48201123E-05 -0.37647428E-03 -0.37647428E-03
-0.32018696E+02  0.48431578E-05  0.48431578E-05 -0.37727953E-03 -0.37727953E-03
-0.31927992E+02  0.48663808E-05  0.48663808E-05 -0.37808864E-03 -0.37808864E-03
-0.31837287E+02  0.48897831E-05  0.48897831E-05 -0.37890163E-03 -0.37890163E-03
-0.31746583E+02  0.49133667E-05  0.49133667E-05 -0.37971853E-03 -0.37971853E-03
-0.31655879E+02  0.49371336E-05  0.49371336E-05 -0.38053938E-03 -0.38053938E-03
-0.31565175E+02  0.49610856E-05  0.49610856E-05 -0.38136420E-03 -0.38136420E-03
-0.31474471E+02  0.49852249E-05  0.49852249E-05 -0.38219303E-03 -0.38219303E-03
-0.31383767E+02  0.50095535E-05  0.50095535E-05 -0.38302589E-03 -0.38302589E-03
-0.31293062E+02  0.50340734E-05  0.50340734E-05 -0.38386282E-03 -0.38386282E-03
-0.31202358E+02  0.50587867E-05  0.50587867E-05 -0.38470385E-03 -0.38470385E-03
-0.31111654E+02  0.50836956E-05  0.50836956E-05 -0.38554902E-03 -0.38554902E-03
-0.31020950E+02  0.51088019E-05  0.51088019E-05 -0.38639834E-03 -0.38639834E-03
-0.30930246E+02  0.51341084E-05  0.51341084E-05 -0.38725186E-03 -0.38725186E-03
-0.30839542E+02  0.51596170E-05  0.51596170E-05 -0.38810962E-03 -0.38810962E-03
-0.30748837E+02  0.51853299E-05  0.51853299E-05 -0.38897165E-03 -0.38897165E-03
-0.30658133E+02  0.52112495E-05  0.52112495E-05 -0.38983797E-03 -0.38983797E-03
-0.30567429E+02  0.52373766E-05  0.52373766E-05 -0.39070858E-03 -0.39070858E-03
-0.30476725E+02  0.52637165E-05  0.52637165E-05 -0.39158361E-03 -0.39158361E-03
-0.30386021E+02  0.52902700E-05  0.52902700E-05 -0.39246304E-03 -0.39246304E-03
-0.30295317E+02  0.53170396E-05  0.53170396E-05 -0.39334692E-03 -0.39334692E-03
-0.30204612E+02  0.53440277E-05  0.53440277E-05 -0.39423527E-03 -0.39423527E-03
-0.30113908E+02  0.53712369E-05  0.53712369E-05 -0.39512813E-03 -0.39512813E-03
-0.30023204E+02  0.53986696E-05  0.53986696E-05 -0.39602554E-03 -0.39602554E-03
-0.29932500E+02  0.54263285E-05  0.54263285E-05 -0.39692755E-03 -0.39692755E-03
-0.29841796E+02  0.54542160E-05  0.54542160E-05 -0.39783417E-03 -0.39783417E-03
-0.29751092E+02  0.54823348E-05  0.54823348E-05 -0.39874546E-03 -0.39874546E-03
-0.29660387E+02  0.55106877E-05  0.55106877E-05 -0.39966146E-03 -0.39966146E-03
-0.29569683E+02  0.55392773E-05  0.55392773E-05 -0.40058219E-03 -0.40058219E-03
-0.29478979E+02  0.55681063E-05  0.55681063E-05 -0.40150771E-03 -0.40150771E-03
-0.29388275E+02  0.55971772E-05  0.55971772E-05 -0.40243804E-03 -0.40243804E-03
-0.29297571E+02  0.56264936E-05  0.56264936E-05 -0.40337324E-03 -0.40337324E-03
-0.29206867E+02  0.56560580E-05  0.56560580E-05 -0.40431334E-03 -0.40431334E-03
-0.29116162E+02  0.56858733E-05  0.56858733E-05 -0.40525839E-03 -0.40525839E-03
-0.29025458E+02  0.57159407E-05  0.57159407E-05 -0.40620837E-03 -0.40620837E-03
-0.28934754E+02  0.57462667E-05  0.57462667E-05 -0.40716343E-03 -0.40716343E-03
-0.28844050E+02  0.57768527E-05  0.57768527E-05 -0.40812356E-03 -0.40812356E-03
-0.28753346E+02  0.58077016E-05  0.58077016E-05 -0.40908881E-03 -0.40908881E-03
-0.28662642E+02  0.58388168E-05  0.58388168E-05 -0.41005922E-03 -0.41005922E-03
-0.28571937E+02  0.58702013E-05  0.58702013E-05 -0.41103483E-03 -0.41103483E-03
-0.28481233E+02  0.59018585E-05  0.59018585E-05 -0.41201570E-03 -0.41201570E-03
-0.28390529E+02  0.59337916E-05  0.59337916E-05 -0.41300185E-03 -0.41300185E-03
-0.28299825E+02  0.59660040E-05  0.59660040E-05 -0.41399335E-03 -0.41399335E-03
-0.28209121E+02  0.59984991E-05  0.59984991E-05 -0.41499024E-03 -0.41499024E-03
-0.28118417E+02  0.60312803E-05  0.60312803E-05 -0.41599256E-03 -0.41599256E-03
-0.28027712E+02  0.60643512E-05  0.60643512E-05 -0.41700036E-03 -0.41700036E-03
-0.27937008E+02  0.60977153E-05  0.60977153E-05 -0.41801370E-03 -0.41801370E-03
-0.27846304E+02  0.61313762E-05  0.61313762E-05 -0.41903261E-03 -0.41903261E-03
-0.27755600E+02  0.61653371E-05  0.61653371E-05 -0.42005714E-03 -0.42005714E-03
-0.27664896E+02  0.61996027E-05  0.61996027E-05 -0.42108737E-03 -0.42108737E-03
-0.27574192E+02  0.62341765E-05  0.62341765E-05 -0.42212333E-03 -0.42212333E-03
-0.27483487E+02  0.62690621E-05  0.62690621E-05 -0.42316507E-03 -0.42316507E-03
-0.27392783E+02  0.63042616E-05  0.63042616E-05 -0.42421258E-03 -0.42421258E-03
-0.27302079E+02  0.63397829E-05  0.63397829E-05 -0.42526604E-03 -0.42526604E-03
-0.27211375E+02  0.63756289E-05  0.63756289E-05 -0.42632547E-03 -0.42632547E-03
-0.27120671E+02  0.64118020E-05  0.64118020E-05 -0.42739087E-03 -0.42739087E-03
-0.27029967E+02  0.64483073E-05  0.64483073E-05 -0.42846232E-03 -0.42846232E-03
-0.26939262E+02  0.64851480E-05  0.64851480E-05 -0.42953985E-03 -0.42953985E-03
-0.26848558E+02  0.65223303E-05  0.65223303E-05 -0.43062357E-03 -0.43062357E-03
-0.26757854E+02  0.65598578E-05  0.65598578E-05 -0.43171350E-03 -0.43171350E-03
-0.26667150E+02  0.65977348E-05  0.65977348E-05 -0.43280972E-03 -0.43280972E-03
-0.26576446E+02  0.66359660E-05  0.66359660E-05 -0.43391227E-03 -0.43391227E-03
-0.26485742E+02  0.66745558E-05  0.66745558E-05 -0.43502122E-03 -0.43502122E-03
-0.26395037E+02  0.67135091E-05  0.67135091E-05 -0.43613662E-03 -0.43613662E-03
-0.26304333E+02  0.67528305E-05  0.67528305E-05 -0.43725854E-03 -0.43725854E-03
-0.26213629E+02  0.67925244E-05  0.67925244E-05 -0.43838702E-03 -0.43838702E-03
-0.26122925E+02  0.68325957E-05  0.68325957E-05 -0.43952212E-03 -0.43952212E-03
-0.26032221E+02  0.68730511E-05  0.68730511E-05 -0.44066396E-03 -0.44066396E-03
-0.25941517E+02  0.69138945E-05  0.69138945E-05 -0.44181256E-03 -0.44181256E-03
-0.25850812E+02  0.69551312E-05  0.69551312E-05 -0.44296800E-03 -0.44296800E-03
-0.25760108E+02  0.69967663E-05  0.69967663E-05 -0.44413033E-03 -0.44413033E-03
-0.25669404E+02  0.70388054E-05  0.70388054E-05 -0.44529963E-03 -0.44529963E-03
-0.25578700E+02  0.70812539E-05  0.70812539E-05 -0.44647597E-03 -0.44647597E-03
-0.25487996E+02  0.71241172E-05  0.71241172E-05 -0.44765940E-03 -0.44765940E-03
-0.25397292E+02  0.71674011E-05  0.71674011E-05 -0.44885000E-03 -0.44885000E-03
-0.25306587E+02  0.72111102E-05  0.72111102E-05 -0.45004781E-03 -0.45004781E-03
-0.25215883E+02  0.72552526E-05  0.72552526E-05 -0.45125297E-03 -0.45125297E-03
-0.25125179E+02  0.72998330E-05  0.72998330E-05 -0.45246551E-03 -0.45246551E-03
-0.25034475E+02  0.73448577E-05  0.73448577E-05 -0.45368551E-03 -0.45368551E-03
-0.24943771E+02  0.73903326E-05  0.73903326E-05 -0.45491305E-03 -0.45491305E-03
-0.24853067E+02  0.74362641E-05  0.74362641E-05 -0.45614819E-03 -0.45614819E-03
-0.24762362E+02  0.74826587E-05  0.74826587E-05 -0.45739101E-03 -0.45739101E-03
-0.24671658E+02  0.75295227E-05  0.75295227E-05 -0.45864159E-03 -0.45864159E-03
-0.24580954E+02  0.75768620E-05  0.75768620E-05 -0.45990000E-03 -0.45990000E-03
-0.24490250E+02  0.76246837E-05  0.76246837E-05 -0.46116631E-03 -0.46116631E-03
-0.24399546E+02  0.76729964E-05  0.76729964E-05 -0.46244066E-03 -0.46244066E-03
-0.24308842E+02  0.77218058E-05  0.77218058E-05 -0.46372309E-03 -0.46372309E-03
-0.24218137E+02  0.77711189E-05  0.77711189E-05 -0.46501368E-03 -0.46501368E-03
-0.24127433E+02  0.78209430E-05  0.78209430E-05 -0.46631252E-03 -0.46631252E-03
-0.24036729E+02  0.78712857E-05  0.78712857E-05 -0.46761970E-03 -0.46761970E-03
-0.23946025E+02  0.79221543E-05  0.79221543E-05 -0.46893531E-03 -0.46893531E-03
-0.23855321E+02  0.79735565E-05  0.79735565E-05 -0.47025942E-03 -0.47025942E-03
-0.23764617E+02  0.80254988E-05  0.80254988E-05 -0.47159209E-03 -0.47159209E-03
-0.23673912E+02  0.80779917E-05  0.80779917E-05 -0.47293350E-03 -0.47293350E-03
-0.23583208E+02  0.81310421E-05  0.81310421E-05 -0.47428368E-03 -0.47428368E-03
-0.23492504E+02  0.81846581E-05  0.81846581E-05 -0.47564274E-03 -0.47564274E-03
-0.23401800E+02  0.82388483E-05  0.82388483E-05 -0.47701078E-03 -0.47701078E-03
-0.23311096E+02  0.82936211E-05  0.82936211E-05 -0.47838787E-03 -0.47838787E-03
-0.23220392E+02  0.83489853E-05  0.83489853E-05 -0.47977414E-03 -0.47977414E-03
-0.23129687E+02  0.84049497E-05  0.84049497E-05 -0.48116966E-03 -0.48116966E-03
-0.23038983E+02  0.84615235E-05  0.84615235E-05 -0.48257455E-03 -0.48257455E-03
-0.22948279E+02  0.85187134E-05  0.85187134E-05 -0.48398885E-03 -0.48398885E-03
-0.22857575E+02  0.85765337E-05  0.85765337E-05 -0.48541277E-03 -0.48541277E-03
-0.22766871E+02  0.86349917E-05  0.86349917E-05 -0.48684637E-03 -0.48684637E-03
-0.22676167E+02  0.86940971E-05  0.86940971E-05 -0.48828975E-03 -0.48828975E-03
-0.22585462E+02  0.87538599E-05  0.87538599E-05 -0.48974302E-03 -0.48974302E-03
-0.22494758E+02  0.88142900E-05  0.88142900E-05 -0.49120629E-03 -0.49120629E-03
-0.22404054E+02  0.88753983E-05  0.88753983E-05 -0.49267967E-03 -0.49267967E-03
-0.22313350E+02  0.89371952E-05  0.89371952E-05 -0.49416327E-03 -0.49416327E-03
-0.22222646E+02  0.89996915E-05  0.89996915E-05 -0.49565722E-03 -0.49565722E-03
-0.22131942E+02  0.90628965E-05  0.90628965E-05 -0.49716158E-03 -0.49716158E-03
-0.22041237E+02  0.91268248E-05  0.91268248E-05 -0.49867655E-03 -0.49867655E-03
-0.21950533E+02  0.91914863E-05  0.91914863E-05 -0.50020223E-03 -0.50020223E-03
-0.21859829E+02  0.92568925E-05  0.92568925E-05 -0.50173872E-03 -0.50173872E-03
-0.21769125E+02  0.93230555E-05  0.93230555E-05 -0.50328616E-03 -0.50328616E-03
-0.21678421E+02  0.93899876E-05  0.93899876E-05 -0.50484467E-03 -0.50484467E-03
-0.21587717E+02  0.94577010E-05  0.94577010E-05 -0.50641438E-03 -0.50641438E-03
-0.21497012E+02  0.95262087E-05  0.95262087E-05 -0.50799542E-03 -0.50799542E-03
-0.21406308E+02  0.95955234E-05  0.95955234E-05 -0.50958792E-03 -0.50958792E-03
-0.21315604E+02  0.96656554E-05  0.96656554E-05 -0.51119196E-03 -0.51119196E-03
-0.21224900E+02  0.97366244E-05  0.97366244E-05 -0.51280780E-03 -0.51280780E-03
-0.21134196E+02  0.98084410E-05  0.98084410E-05 -0.51443551E-03 -0.51443551E-03
-0.21043492E+02  0.98811195E-05  0.98811195E-05 -0.51607524E-03 -0.51607524E-03
-0.20952787E+02  0.99546739E-05  0.99546739E-05 -0.51772713E-03 -0.51772713E-03
-0.20862083E+02  0.10029119E-04  0.10029119E-04 -0.51939133E-03 -0.51939133E-03
-0.20771379E+02  0.10104471E-04  0.10104471E-04 -0.52106799E-03 -0.52106799E-03
-0.20680675E+02  0.10180744E-04  0.10180744E-04 -0.52275726E-03 -0.52275726E-03
-0.20589971E+02  0.10257954E-04  0.10257954E-04 -0.52445929E-03 -0.52445929E-03
-0.20499267E+02  0.10336115E-04  0.10336115E-04 -0.52617420E-03 -0.52617420E-03
-0.20408562E+02  0.10415247E-04  0.10415247E-04 -0.52790223E-03 -0.52790223E-03
-0.20317858E+02  0.10495365E-04  0.10495365E-04 -0.52964350E-03 -0.52964350E-03
-0.20227154E+02  0.10576487E-04  0.10576487E-04 -0.53139819E-03 -0.53139819E-03
-0.20136450E+02  0.10658630E-04  0.10658630E-04 -0.53316644E-03 -0.53316644E-03
-0.20045746E+02  0.10741811E-04  0.10741811E-04 -0.53494845E-03 -0.53494845E-03
-0.19955042E+02  0.10826049E-04  0.10826049E-04 -0.53674437E-03 -0.53674437E-03
-0.19864337E+02  0.10911363E-04  0.10911363E-04 -0.53855439E-03 -0.53855439E-03
-0.19773633E+02  0.10997771E-04  0.10997771E-04 -0.54037869E-03 -0.54037869E-03
-0.19682929E+02  0.11085290E-04  0.11085290E-04 -0.54221737E-03 -0.54221737E-03
-0.19592225E+02  0.11173948E-04  0.11173948E-04 -0.54407078E-03 -0.54407078E-03
-0.19501521E+02  0.11263760E-04  0.11263760E-04 -0.54593902E-03 -0.54593902E-03
-0.19410817E+02  0.11354748E-04  0.11354748E-04 -0.54782229E-03 -0.54782229E-03
-0.19320112E+02  0.11446933E-04  0.11446933E-04 -0.54972079E-03 -0.54972079E-03
-0.19229408E+02  0.11540337E-04  0.11540337E-04 -0.55163471E-03 -0.55163471E-03
-0.19138704E+02  0.11634983E-04  0.11634983E-04 -0.55356427E-03 -0.55356427E-03
-0.19048000E+02  0.11730893E-04  0.11730893E-04 -0.55550967E-03 -0.55550967E-03
-0.18957296E+02  0.11828092E-04  0.11828092E-04 -0.55747112E-03 -0.55747112E-03
-0.18866592E+02  0.11926601E-04  0.11926601E-04 -0.55944878E-03 -0.55944878E-03
-0.18775887E+02  0.12026449E-04  0.12026449E-04 -0.56144298E-03 -0.56144298E-03
-0.18685183E+02  0.12127659E-04  0.12127659E-04 -0.56345389E-03 -0.56345389E-03
-0.18594479E+02  0.12230257E-04  0.12230257E-04 -0.56548174E-03 -0.56548174E-03
-0.18503775E+02  0.12334270E-04  0.12334270E-04 -0.56752676E-03 -0.56752676E-03
-0.18413071E+02  0.12439724E-04  0.12439724E-04 -0.56958919E-03 -0.56958919E-03
-0.18322367E+02  0.12546648E-04  0.12546648E-04 -0.57166927E-03 -0.57166927E-03
-0.18231662E+02  0.12655070E-04  0.12655070E-04 -0.57376724E-03 -0.57376724E-03
-0.18140958E+02  0.12765020E-04  0.12765020E-04 -0.57588336E-03 -0.57588336E-03
-0.18050254E+02  0.12876522E-04  0.12876522E-04 -0.57801779E-03 -0.57801779E-03
-0.17959550E+02  0.12989616E-04  0.12989616E-04 -0.58017096E-03 -0.58017096E-03
-0.17868846E+02  0.13104330E-04  0.13104330E-04 -0.58234307E-03 -0.58234307E-03
-0.17778142E+02  0.13220696E-04  0.13220696E-04 -0.58453438E-03 -0.58453438E-03
-0.17687437E+02  0.13338746E-04  0.13338746E-04 -0.58674515E-03 -0.58674515E-03
-0.17596733E+02  0.13458516E-04  0.13458516E-04 -0.58897569E-03 -0.58897569E-03
-0.17506029E+02  0.13580039E-04  0.13580039E-04 -0.59122628E-03 -0.59122628E-03
-0.17415325E+02  0.13703351E-04  0.13703351E-04 -0.59349720E-03 -0.59349720E-03
-0.17324621E+02  0.13828490E-04  0.13828490E-04 -0.59578876E-03 -0.59578876E-03
-0.17233917E+02  0.13955490E-04  0.13955490E-04 -0.59810120E-03 -0.59810120E-03
-0.17143212E+02  0.14084395E-04  0.14084395E-04 -0.60043496E-03 -0.60043496E-03
-0.17052508E+02  0.14215242E-04  0.14215242E-04 -0.60279029E-03 -0.60279029E-03
-0.16961804E+02  0.14348072E-04  0.14348072E-04 -0.60516752E-03 -0.60516752E-03
-0.16871100E+02  0.14482926E-04  0.14482926E-04 -0.60756698E-03 -0.60756698E-03
-0.16780396E+02  0.14619848E-04  0.14619848E-04 -0.60998902E-03 -0.60998902E-03
-0.16689692E+02  0.14758882E-04  0.14758882E-04 -0.61243396E-03 -0.61243396E-03
-0.16598987E+02  0.14900074E-04  0.14900074E-04 -0.61490218E-03 -0.61490218E-03
-0.16508283E+02  0.15043465E-04  0.15043465E-04 -0.61739399E-03 -0.61739399E-03
-0.16417579E+02  0.15189108E-04  0.15189108E-04 -0.61990977E-03 -0.61990977E-03
-0.16326875E+02  0.15337056E-04  0.15337056E-04 -0.62244999E-03 -0.62244999E-03
-0.16236171E+02  0.15487354E-04  0.15487354E-04 -0.62501497E-03 -0.62501497E-03
-0.16145467E+02  0.15640056E-04  0.15640056E-04 -0.62760510E-03 -0.62760510E-03
-0.16054762E+02  0.15795215E-04  0.15795215E-04 -0.63022079E-03 -0.63022079E-03
-0.15964058E+02  0.15952886E-04  0.15952886E-04 -0.63286244E-03 -0.63286244E-03
-0.15873354E+02  0.16113126E-04  0.16113126E-04 -0.63553049E-03 -0.63553049E-03
-0.15782650E+02  0.16275992E-04  0.16275992E-04 -0.63822536E-03 -0.63822536E-03
-0.15691946E+02  0.16441546E-04  0.16441546E-04 -0.64094748E-03 -0.64094748E-03
-0.15601242E+02  0.16609844E-04  0.16609844E-04 -0.64369723E-03 -0.64369723E-03
-0.15510537E+02  0.16780958E-04  0.16780958E-04 -0.64647523E-03 -0.64647523E-03
-0.15419833E+02  0.16954950E-04  0.16954950E-04 -0.64928186E-03 -0.64928186E-03
-0.15329129E+02  0.17131886E-04  0.17131886E-04 -0.65211760E-03 -0.65211760E-03
-0.15238425E+02  0.17311835E-04  0.17311835E-04 -0.65498294E-03 -0.65498294E-03
-0.15147721E+02  0.17494871E-04  0.17494871E-04 -0.65787842E-03 -0.65787842E-03
-0.15057017E+02  0.17681067E-04  0.17681067E-04 -0.66080452E-03 -0.66080452E-03
-0.14966312E+02  0.17870498E-04  0.17870498E-04 -0.66376179E-03 -0.66376179E-03
-0.14875608E+02  0.18063242E-04  0.18063242E-04 -0.66675075E-03 -0.66675075E-03
-0.14784904E+02  0.18259377E-04  0.18259377E-04 -0.66977189E-03 -0.66977189E-03
-0.14694200E+02  0.18458993E-04  0.18458993E-04 -0.67282594E-03 -0.67282594E-03
-0.14603496E+02  0.18662173E-04  0.18662173E-04 -0.67591338E-03 -0.67591338E-03
-0.14512792E+02  0.18869004E-04  0.18869004E-04 -0.67903483E-03 -0.67903483E-03
-0.14422087E+02  0.19079575E-04  0.19079575E-04 -0.68219085E-03 -0.68219085E-03
-0.14331383E+02  0.19293988E-04  0.19293988E-04 -0.68538215E-03 -0.68538215E-03
-0.14240679E+02  0.19512335E-04  0.19512335E-04 -0.68860932E-03 -0.68860932E-03
-0.14149975E+02  0.19734717E-04  0.19734717E-04 -0.69187303E-03 -0.69187303E-03
-0.14059271E+02  0.19961234E-04  0.19961234E-04 -0.69517387E-03 -0.69517387E-03
-0.13968567E+02  0.20192002E-04  0.20192002E-04 -0.69851269E-03 -0.69851269E-03
-0.13877862E+02  0.20427128E-04  0.20427128E-04 -0.70189013E-03 -0.70189013E-03
-0.13787158E+02  0.20666725E-04  0.20666725E-04 -0.70530691E-03 -0.70530691E-03
-0.13696454E+02  0.20910913E-04  0.20910913E-04 -0.70876378E-03 -0.70876378E-03
-0.13605750E+02  0.21159810E-04  0.21159810E-04 -0.71226147E-03 -0.71226147E-03
-0.13515046E+02  0.21413550E-04  0.21413550E-04 -0.71580084E-03 -0.71580084E-03
-0.13424342E+02  0.21672260E-04  0.21672260E-04 -0.71938266E-03 -0.71938266E-03
-0.13333637E+02  0.21936076E-04  0.21936076E-04 -0.72300776E-03 -0.72300776E-03
-0.13242933E+02  0.22205133E-04  0.22205133E-04 -0.72667691E-03 -0.72667691E-03
-0.13152229E+02  0.22479586E-04  0.22479586E-04 -0.73039116E-03 -0.73039116E-03
-0.13061525E+02  0.22759582E-04  0.22759582E-04 -0.73415133E-03 -0.73415133E-03
-0.12970821E+02  0.23045275E-04  0.23045275E-04 -0.73795834E-03 -0.73795834E-03
-0.12880117E+02  0.23336828E-04  0.23336828E-04 -0.74181314E-03 -0.74181314E-03
-0.12789412E+02  0.23634401E-04  0.23634401E-04 -0.74571666E-03 -0.74571666E-03
-0.12698708E+02  0.23938180E-04  0.23938180E-04 -0.74967000E-03 -0.74967000E-03
-0.12608004E+02  0.24248338E-04  0.24248338E-04 -0.75367416E-03 -0.75367416E-03
-0.12517300E+02  0.24565063E-04  0.24565063E-04 -0.75773020E-03 -0.75773020E-03
-0.12426596E+02  0.24888541E-04  0.24888541E-04 -0.76183911E-03 -0.76183911E-03
-0.12335892E+02  0.25218987E-04  0.25218987E-04 -0.76600222E-03 -0.76600222E-03
-0.12245187E+02  0.25556602E-04  0.25556602E-04 -0.77022060E-03 -0.77022060E-03
-0.12154483E+02  0.25901603E-04  0.25901603E-04 -0.77449544E-03 -0.77449544E-03
-0.12063779E+02  0.26254215E-04  0.26254215E-04 -0.77882798E-03 -0.77882798E-03
-0.11973075E+02  0.26614668E-04  0.26614668E-04 -0.78321944E-03 -0.78321944E-03
-0.11882371E+02  0.26983213E-04  0.26983213E-04 -0.78767121E-03 -0.78767121E-03
-0.11791667E+02  0.27360099E-04  0.27360099E-04 -0.79218461E-03 -0.79218461E-03
-0.11700962E+02  0.27745589E-04  0.27745589E-04 -0.79676102E-03 -0.79676102E-03
-0.11610258E+02  0.28139946E-04  0.28139946E-04 -0.80140176E-03 -0.80140176E-03
-0.11519554E+02  0.28543475E-04  0.28543475E-04 -0.80610856E-03 -0.80610856E-03
-0.11428850E+02  0.28956463E-04  0.28956463E-04 -0.81088281E-03 -0.81088281E-03
-0.11338146E+02  0.29379219E-04  0.29379219E-04 -0.81572610E-03 -0.81572610E-03
-0.11247442E+02  0.29812059E-04  0.29812059E-04 -0.82064001E-03 -0.82064001E-03
-0.11156737E+02  0.30255328E-04  0.30255328E-04 -0.82562631E-03 -0.82562631E-03
-0.11066033E+02  0.30709373E-04  0.30709373E-04 -0.83068670E-03 -0.83068670E-03
-0.10975329E+02  0.31174558E-04  0.31174558E-04 -0.83582296E-03 -0.83582296E-03
-0.10884625E+02  0.31651263E-04  0.31651263E-04 -0.84103696E-03 -0.84103696E-03
-0.10793921E+02  0.32139874E-04  0.32139874E-04 -0.84633048E-03 -0.84633048E-03
-0.10703217E+02  0.32640831E-04  0.32640831E-04 -0.85170578E-03 -0.85170578E-03
-0.10612512E+02  0.33154555E-04  0.33154555E-04 -0.85716477E-03 -0.85716477E-03
-0.10521808E+02  0.33681500E-04  0.33681500E-04 -0.86270958E-03 -0.86270958E-03
-0.10431104E+02  0.34222134E-04  0.34222134E-04 -0.86834235E-03 -0.86834235E-03
-0.10340400E+02  0.34776966E-04  0.34776966E-04 -0.87406548E-03 -0.87406548E-03
-0.10249696E+02  0.35346508E-04  0.35346508E-04 -0.87988127E-03 -0.87988127E-03
-0.10158992E+02  0.35931306E-04  0.35931306E-04 -0.88579216E-03 -0.88579216E-03
-0.10068287E+02  0.36531928E-04  0.36531928E-04 -0.89180070E-03 -0.89180070E-03
-0.99775833E+01  0.37148956E-04  0.37148956E-04 -0.89790935E-03 -0.89790935E-03
-0.98868792E+01  0.37783047E-04  0.37783047E-04 -0.90412117E-03 -0.90412117E-03
-0.97961750E+01  0.38434842E-04  0.38434842E-04 -0.91043883E-03 -0.91043883E-03
-0.97054708E+01  0.39105033E-04  0.39105033E-04 -0.91686526E-03 -0.91686526E-03
-0.96147667E+01  0.39794333E-04  0.39794333E-04 -0.92340347E-03 -0.92340347E-03
-0.95240625E+01  0.40503521E-04  0.40503521E-04 -0.93005674E-03 -0.93005674E-03
-0.94333583E+01  0.41233389E-04  0.41233389E-04 -0.93682833E-03 -0.93682833E-03
-0.93426542E+01  0.41984778E-04  0.41984778E-04 -0.94372165E-03 -0.94372165E-03
-0.92519500E+01  0.42758573E-04  0.42758573E-04 -0.95074028E-03 -0.95074028E-03
-0.91612458E+01  0.43555690E-04  0.43555690E-04 -0.95788775E-03 -0.95788775E-03
-0.90705417E+01  0.44377146E-04  0.44377146E-04 -0.96516829E-03 -0.96516829E-03
-0.89798375E+01  0.45223961E-04  0.45223961E-04 -0.97258575E-03 -0.97258575E-03
-0.88891333E+01  0.46097227E-04  0.46097227E-04 -0.98014433E-03 -0.98014433E-03
-0.87984292E+01  0.46998088E-04  0.46998088E-04 -0.98784833E-03 -0.98784833E-03
-0.87077250E+01  0.47927784E-04  0.47927784E-04 -0.99570248E-03 -0.99570248E-03
-0.86170208E+01  0.48887592E-04  0.48887592E-04 -0.10037115E-02 -0.10037115E-02
-0.85263167E+01  0.49878875E-04  0.49878875E-04 -0.10118802E-02 -0.10118802E-02
-0.84356125E+01  0.50903077E-04  0.50903077E-04 -0.10202140E-02 -0.10202140E-02
-0.83449083E+01  0.51961697E-04  0.51961697E-04 -0.10287181E-02 -0.10287181E-02
-0.82542042E+01  0.53056408E-04  0.53056408E-04 -0.10373984E-02 -0.10373984E-02
-0.81635000E+01  0.54188902E-04  0.54188902E-04 -0.10462609E-02 -0.10462609E-02
-0.80727958E+01  0.55361001E-04  0.55361001E-04 -0.10553116E-02 -0.10553116E-02
-0.79820917E+01  0.56574629E-04  0.56574629E-04 -0.10645571E-02 -0.10645571E-02
-0.78913875E+01  0.57831874E-04  0.57831874E-04 -0.10740044E-02 -0.10740044E-02
-0.78006833E+01  0.59134914E-04  0.59134914E-04 -0.10836604E-02 -0.10836604E-02
-0.77099792E+01  0.60486083E-04  0.60486083E-04 -0.10935329E-02 -0.10935329E-02
-0.76192750E+01  0.61887870E-04  0.61887870E-04 -0.11036296E-02 -0.11036296E-02
-0.75285708E+01  0.63342896E-04  0.63342896E-04 -0.11139587E-02 -0.11139587E-02
-0.74378667E+01  0.64854061E-04  0.64854061E-04 -0.11245293E-02 -0.11245293E-02
-0.73471625E+01  0.66424362E-04  0.66424362E-04 -0.11353504E-02 -0.11353504E-02
-0.72564583E+01  0.68057042E-04  0.68057042E-04 -0.11464317E-02 -0.11464317E-02
-0.71657542E+01  0.69755549E-04  0.69755549E-04 -0.11577832E-02 -0.11577832E-02
-0.70750500E+01  0.71523654E-04  0.71523654E-04 -0.11694160E-02 -0.11694160E-02
-0.69843458E+01  0.73365327E-04  0.73365327E-04 -0.11813413E-02 -0.11813413E-02
-0.68936417E+01  0.75284861E-04  0.75284861E-04 -0.11935710E-02 -0.11935710E-02
-0.68029375E+01  0.77286864E-04  0.77286864E-04 -0.12061178E-02 -0.12061178E-02
-0.67122333E+01  0.79376294E-04  0.79376294E-04 -0.12189950E-02 -0.12189950E-02
-0.66215292E+01  0.81558569E-04  0.81558569E-04 -0.12322171E-02 -0.12322171E-02
-0.65308250E+01  0.83839444E-04  0.83839444E-04 -0.12457990E-02 -0.12457990E-02
-0.64401208E+01  0.86225173E-04  0.86225173E-04 -0.12597565E-02 -0.12597565E-02
-0.63494167E+01  0.88722492E-04  0.88722492E-04 -0.12741065E-02 -0.12741065E-02
-0.62587125E+01  0.91338809E-04  0.91338809E-04 -0.12888673E-02 -0.12888673E-02
-0.61680083E+01  0.94082056E-04  0.94082056E-04 -0.13040579E-02 -0.13040579E-02
-0.60773042E+01  0.96960888E-04  0.96960888E-04 -0.13196986E-02 -0.13196986E-02
-0.59866000E+01  0.99984713E-04  0.99984713E-04 -0.13358110E-02 -0.13358110E-02
-0.58958958E+01  0.10316379E-03  0.10316379E-03 -0.13524182E-02 -0.13524182E-02
-0.58051917E+01  0.10650943E-03  0.10650943E-03 -0.13695455E-02 -0.13695455E-02
-0.57144875E+01  0.11003386E-03  0.11003386E-03 -0.13872190E-02 -0.13872190E-02
-0.56237833E+01  0.11375052E-03  0.11375052E-03 -0.14054670E-02 -0.14054670E-02
-0.55330792E+01  0.11767415E-03  0.11767415E-03 -0.14243197E-02 -0.14243197E-02
-0.54423750E+01  0.12182109E-03  0.12182109E-03 -0.14438101E-02 -0.14438101E-02
-0.53516708E+01  0.12620920E-03  0.12620920E-03 -0.14639731E-02 -0.14639731E-02
-0.52609667E+01  0.13085826E-03  0.13085826E-03 -0.14848462E-02 -0.14848462E-02
-0.51702625E+01  0.13579014E-03  0.13579014E-03 -0.15064700E-02 -0.15064700E-02
-0.50795583E+01  0.14102910E-03  0.14102910E-03 -0.15288881E-02 -0.15288881E-02
-0.49888542E+01  0.14660227E-03  0.14660227E-03 -0.15521485E-02 -0.15521485E-02
-0.48981500E+01  0.15253966E-03  0.15253966E-03 -0.15763020E-02 -0.15763020E-02
-0.48074458E+01  0.15887490E-03  0.15887490E-03 -0.16014040E-02 -0.16014040E-02
-0.47167417E+01  0.16564557E-03  0.16564557E-03 -0.16275145E-02 -0.16275145E-02
-0.46260375E+01  0.17289420E-03  0.17289420E-03 -0.16546995E-02 -0.16546995E-02
-0.45353333E+01  0.18066838E-03  0.18066838E-03 -0.16830299E-02 -0.16830299E-02
-0.44446292E+01  0.18902201E-03  0.18902201E-03 -0.17125834E-02 -0.17125834E-02
-0.43539250E+01  0.19801613E-03  0.19801613E-03 -0.17434447E-02 -0.17434447E-02
-0.42632208E+01  0.20772027E-03  0.20772027E-03 -0.17757063E-02 -0.17757063E-02
-0.41725167E+01  0.21821396E-03  0.21821396E-03 -0.18094708E-02 -0.18094708E-02
-0.40818125E+01  0.22958801E-03  0.22958801E-03 -0.18448490E-02 -0.18448490E-02
-0.39911083E+01  0.24194697E-03  0.24194697E-03 -0.18819636E-02 -0.18819636E-02
-0.39004042E+01  0.25541146E-03  0.25541146E-03 -0.19209488E-02 -0.19209488E-02
-0.38097000E+01  0.27012188E-03  0.27012188E-03 -0.19619541E-02 -0.19619541E-02
-0.37189958E+01  0.28624124E-03  0.28624124E-03 -0.20051428E-02 -0.20051428E-02
-0.36282917E+01  0.30396049E-03  0.30396049E-03 -0.20506956E-02 -0.20506956E-02
-0.35375875E+01  0.32350394E-03  0.32350394E-03 -0.20988109E-02 -0.20988109E-02
-0.34468833E+01  0.34513791E-03  0.34513791E-03 -0.21497106E-02 -0.21497106E-02
-0.33561792E+01  0.36917783E-03  0.36917783E-03 -0.22036362E-02 -0.22036362E-02
-0.32654750E+01  0.39600118E-03  0.39600118E-03 -0.22608541E-02 -0.22608541E-02
-0.31747708E+01  0.42606194E-03  0.42606194E-03 -0.23216557E-02 -0.23216557E-02
-0.30840667E+01  0.45990911E-03  0.45990911E-03 -0.23863571E-02 -0.23863571E-02
-0.29933625E+01  0.49821247E-03  0.49821247E-03 -0.24553004E-02 -0.24553004E-02
-0.29026583E+01  0.54179141E-03  0.54179141E-03 -0.25288445E-02 -0.25288445E-02
-0.28119542E+01  0.59165696E-03  0.59165696E-03 -0.26073582E-02 -0.26073582E-02
-0.27212500E+01  0.64906305E-03  0.64906305E-03 -0.26912001E-02 -0.26912001E-02
-0.26305458E+01  0.71557819E-03  0.71557819E-03 -0.27806929E-02 -0.27806929E-02
-0.25398417E+01  0.79316670E-03  0.79316670E-03 -0.28760589E-02 -0.28760589E-02
-0.24491375E+01  0.88430259E-03  0.88430259E-03 -0.29773344E-02 -0.29773344E-02
-0.23584333E+01  0.99210306E-03  0.99210306E-03 -0.30842156E-02 -0.30842156E-02
-0.22677292E+01  0.11204814E-02  0.11204814E-02 -0.31958077E-02 -0.31958077E-02
-0.21770250E+01  0.12743029E-02  0.12743029E-02 -0.33102264E-02 -0.33102264E-02
-0.20863208E+01  0.14594626E-02  0.14594626E-02 -0.34239474E-02 -0.34239474E-02
-0.19956167E+01  0.16827686E-02  0.16827686E-02 -0.35308298E-02 -0.35308298E-02
-0.19049125E+01  0.19513039E-02  0.19513039E-02 -0.36207016E-02 -0.36207016E-02
-0.18142083E+01  0.22707323E-02  0.22707323E-02 -0.36776066E-02 -0.36776066E-02
-0.17235042E+01  0.26416227E-02  0.26416227E-02 -0.36782819E-02 -0.36782819E-02
-0.16328000E+01  0.30531050E-02  0.30531050E-02 -0.35927228E-02 -0.35927228E-02
-0.15420958E+01  0.34747044E-02  0.34747044E-02 -0.33903527E-02 -0.33903527E-02
-0.14513917E+01  0.38520625E-02  0.38520625E-02 -0.30553671E-02 -0.30553671E-02
-0.13606875E+01  0.41175397E-02  0.41175397E-02 -0.26077676E-02 -0.26077676E-02
-0.12699833E+01  0.42211355E-02  0.42211355E-02 -0.21122106E-02 -0.21122106E-02
-0.11792792E+01  0.41628810E-02  0.41628810E-02 -0.16554486E-02 -0.16554486E-02
-0.10885750E+01  0.39946232E-02  0.39946232E-02 -0.13035365E-02 -0.13035365E-02
-0.99787083E+00  0.37887004E-02  0.37887004E-02 -0.10756352E-02 -0.10756352E-02
-0.90716667E+00  0.36039866E-02  0.36039866E-02 -0.95012302E-03 -0.95012302E-03
-0.81646250E+00  0.34708589E-02  0.34708589E-02 -0.88634036E-03 -0.88634036E-03
-0.72575833E+00  0.33924621E-02  0.33924621E-02 -0.84403880E-03 -0.84403880E-03
-0.63505417E+00  0.33535588E-02  0.33535588E-02 -0.79571870E-03 -0.79571870E-03
-0.54435000E+00  0.33331130E-02  0.33331130E-02 -0.73178288E-03 -0.73178288E-03
-0.45364583E+00  0.33167510E-02  0.33167510E-02 -0.65649688E-03 -0.65649688E-03
-0.36294167E+00  0.33014617E-02  0.33014617E-02 -0.57671820E-03 -0.57671820E-03
-0.27223750E+00  0.32897078E-02  0.32897078E-02 -0.49312997E-03 -0.49312997E-03
-0.18153333E+00  0.32808670E-02  0.32808670E-02 -0.40102887E-03 -0.40102887E-03
-0.90829167E-01  0.32688045E-02  0.32688045E-02 -0.29678641E-03 -0.29678641E-03
-0.12500000E-03  0.32457148E-02  0.32457148E-02 -0.18187427E-03 -0.18187427E-03
 0.90579167E-01  0.32063450E-02  0.32063450E-02 -0.61583999E-04 -0.61583999E-04
 0.18128333E+00  0.31484706E-02  0.31484706E-02  0.58054304E-04  0.58054304E-04
 0.27198750E+00  0.30713625E-02  0.30713625E-02  0.17093912E-03  0.17093912E-03
 0.36269167E+00  0.29760964E-02  0.29760964E-02  0.26985291E-03  0.26985291E-03
 0.45339583E+00  0.28676229E-02  0.28676229E-02  0.34725837E-03  0.34725837E-03
 0.54410000E+00  0.27552521E-02  0.27552521E-02  0.39853269E-03  0.39853269E-03
 0.63480417E+00  0.26500095E-02  0.26500095E-02  0.42481787E-03  0.42481787E-03
 0.72550833E+00  0.25605625E-02  0.25605625E-02  0.43310428E-03  0.43310428E-03
 0.81621250E+00  0.24900993E-02  0.24900993E-02  0.43356194E-03  0.43356194E-03
 0.90691667E+00  0.24356657E-02  0.24356657E-02  0.43547815E-03  0.43547815E-03
 0.99762083E+00  0.23903372E-02  0.23903372E-02  0.44371159E-03  0.44371159E-03
 0.10883250E+01  0.23472890E-02  0.23472890E-02  0.45761668E-03  0.45761668E-03
 0.11790292E+01  0.23032399E-02  0.23032399E-02  0.47325554E-03  0.47325554E-03
 0.12697333E+01  0.22588858E-02  0.22588858E-02  0.48715196E-03  0.48715196E-03
 0.13604375E+01  0.22165294E-02  0.22165294E-02  0.49853673E-03  0.49853673E-03
 0.14511417E+01  0.21774178E-02  0.21774178E-02  0.50883582E-03  0.50883582E-03
 0.15418458E+01  0.21408568E-02  0.21408568E-02  0.51966256E-03  0.51966256E-03
 0.16325500E+01  0.21051406E-02  0.21051406E-02  0.53124886E-03  0.53124886E-03
 0.17232542E+01  0.20691488E-02  0.20691488E-02  0.54229096E-03  0.54229096E-03
 0.18139583E+01  0.20333732E-02  0.20333732E-02  0.55101926E-03  0.55101926E-03
 0.19046625E+01  0.19998081E-02  0.19998081E-02  0.55667560E-03  0.55667560E-03
 0.19953667E+01  0.19707354E-02  0.19707354E-02  0.56049240E-03  0.56049240E-03
 0.20860708E+01  0.19470251E-02  0.19470251E-02  0.56551843E-03  0.56551843E-03
 0.21767750E+01  0.19268952E-02  0.19268952E-02  0.57512527E-03  0.57512527E-03
 0.22674792E+01  0.19060880E-02  0.19060880E-02  0.59076213E-03  0.59076213E-03
 0.23581833E+01  0.18798961E-02  0.18798961E-02  0.61027039E-03  0.61027039E-03
 0.24488875E+01  0.18461573E-02  0.18461573E-02  0.62825613E-03  0.62825613E-03
 0.25395917E+01  0.18071537E-02  0.18071537E-02  0.63882039E-03  0.63882039E-03
 0.26302958E+01  0.17688106E-02  0.17688106E-02  0.63890240E-03  0.63890240E-03
 0.27210000E+01  0.17378037E-02  0.17378037E-02  0.62993438E-03  0.62993438E-03
 0.28117042E+01  0.17185958E-02  0.17185958E-02  0.61706694E-03  0.61706694E-03
 0.29024083E+01  0.17118952E-02  0.17118952E-02  0.60693525E-03  0.60693525E-03
 0.29931125E+01  0.17147813E-02  0.17147813E-02  0.60523236E-03  0.60523236E-03
 0.30838167E+01  0.17221246E-02  0.17221246E-02  0.61498116E-03  0.61498116E-03
 0.31745208E+01  0.17286403E-02  0.17286403E-02  0.63606770E-03  0.63606770E-03
 0.32652250E+01  0.17306366E-02  0.17306366E-02  0.66616972E-03  0.66616972E-03
 0.33559292E+01  0.17265576E-02  0.17265576E-02  0.70245820E-03  0.70245820E-03
 0.34466333E+01  0.17162390E-02  0.17162390E-02  0.74292109E-03  0.74292109E-03
 0.35373375E+01  0.16997080E-02  0.16997080E-02  0.78661450E-03  0.78661450E-03
 0.36280417E+01  0.16764390E-02  0.16764390E-02  0.83306279E-03  0.83306279E-03
 0.37187458E+01  0.16453378E-02  0.16453378E-02  0.88154187E-03  0.88154187E-03
 0.38094500E+01  0.16051121E-02  0.16051121E-02  0.93070056E-03  0.93070056E-03
 0.39001542E+01  0.15546314E-02  0.15546314E-02  0.97847967E-03  0.97847967E-03
 0.39908583E+01  0.14932447E-02  0.14932447E-02  0.10220861E-02  0.10220861E-02
 0.40815625E+01  0.14212457E-02  0.14212457E-02  0.10580574E-02  0.10580574E-02
 0.41722667E+01  0.13404252E-02  0.13404252E-02  0.10827038E-02  0.10827038E-02
 0.42629708E+01  0.12542784E-02  0.12542784E-02  0.10930329E-02  0.10930329E-02
 0.43536750E+01  0.11674802E-02  0.11674802E-02  0.10877236E-02  0.10877236E-02
 0.44443792E+01  0.10847980E-02  0.10847980E-02  0.10675387E-02  0.10675387E-02
 0.45350833E+01  0.10100459E-02  0.10100459E-02  0.10349619E-02  0.10349619E-02
 0.46257875E+01  0.94554839E-03  0.94554839E-03  0.99339596E-03  0.99339596E-03
 0.47164917E+01  0.89214414E-03  0.89214414E-03  0.94637101E-03  0.94637101E-03
 0.48071958E+01  0.84949674E-03  0.84949674E-03  0.89701214E-03  0.89701214E-03
 0.48979000E+01  0.81647649E-03  0.81647649E-03  0.84777388E-03  0.84777388E-03
 0.49886042E+01  0.79151143E-03  0.79151143E-03  0.80034598E-03  0.80034598E-03
 0.50793083E+01  0.77288355E-03  0.77288355E-03  0.75565817E-03  0.75565817E-03
 0.51700125E+01  0.75899094E-03  0.75899094E-03  0.71396006E-03  0.71396006E-03
 0.52607167E+01  0.74855255E-03  0.74855255E-03  0.67497830E-03  0.67497830E-03
 0.53514208E+01  0.74072459E-03  0.74072459E-03  0.63812801E-03  0.63812801E-03
 0.54421250E+01  0.73510687E-03  0.73510687E-03  0.60272429E-03  0.60272429E-03
 0.55328292E+01  0.73167187E-03  0.73167187E-03  0.56813445E-03  0.56813445E-03
 0.56235333E+01  0.73067929E-03  0.73067929E-03  0.53385268E-03  0.53385268E-03
 0.57142375E+01  0.73262140E-03  0.73262140E-03  0.49953136E-03  0.49953136E-03
 0.58049417E+01  0.73820896E-03  0.73820896E-03  0.46502153E-03  0.46502153E-03
 0.58956458E+01  0.74835599E-03  0.74835599E-03  0.43045049E-03  0.43045049E-03
 0.59863500E+01  0.76413204E-03  0.76413204E-03  0.39633637E-03  0.39633637E-03
 0.60770542E+01  0.78664698E-03  0.78664698E-03  0.36371248E-03  0.36371248E-03
 0.61677583E+01  0.81686383E-03  0.81686383E-03  0.33422756E-03  0.33422756E-03
 0.62584625E+01  0.85533335E-03  0.85533335E-03  0.31019353E-03  0.31019353E-03
 0.63491667E+01  0.90184869E-03  0.90184869E-03  0.29453210E-03  0.29453210E-03
 0.64398708E+01  0.95504599E-03  0.95504599E-03  0.29054546E-03  0.29054546E-03
 0.65305750E+01  0.10120440E-02  0.10120440E-02  0.30141717E-03  0.30141717E-03
 0.66212792E+01  0.10683240E-02  0.10683240E-02  0.32941754E-03  0.32941754E-03
 0.67119833E+01  0.11181147E-02  0.11181147E-02  0.37494558E-03  0.37494558E-03
 0.68026875E+01  0.11554242E-02  0.11554242E-02  0.43582019E-03  0.43582019E-03
 0.68933917E+01  0.11754770E-02  0.11754770E-02  0.50729561E-03  0.50729561E-03
 0.69840958E+01  0.11759478E-02  0.11759478E-02  0.58299903E-03  0.58299903E-03
 0.70748000E+01  0.11573823E-02  0.11573823E-02  0.65642903E-03  0.65642903E-03
 0.71655042E+01  0.11226806E-02  0.11226806E-02  0.72231484E-03  0.72231484E-03
 0.72562083E+01  0.10760389E-02  0.10760389E-02  0.77733759E-03  0.77733759E-03
 0.73469125E+01  0.10218827E-02  0.10218827E-02  0.82015536E-03  0.82015536E-03
 0.74376167E+01  0.96411264E-03  0.96411264E-03  0.85099269E-03  0.85099269E-03
 0.75283208E+01  0.90572516E-03  0.90572516E-03  0.87107467E-03  0.87107467E-03
 0.76190250E+01  0.84872554E-03  0.84872554E-03  0.88209497E-03  0.88209497E-03
 0.77097292E+01  0.79423868E-03  0.79423868E-03  0.88578993E-03  0.88578993E-03
 0.78004333E+01  0.74273818E-03  0.74273818E-03  0.88365521E-03  0.88365521E-03
 0.78911375E+01  0.69431967E-03  0.69431967E-03  0.87681318E-03  0.87681318E-03
 0.79818417E+01  0.64895892E-03  0.64895892E-03  0.86602418E-03  0.86602418E-03
 0.80725458E+01  0.60668722E-03  0.60668722E-03  0.85180241E-03  0.85180241E-03
 0.81632500E+01  0.56766053E-03  0.56766053E-03  0.83457648E-03  0.83457648E-03
 0.82539542E+01  0.53212272E-03  0.53212272E-03  0.81482658E-03  0.81482658E-03
 0.83446583E+01  0.50031566E-03  0.50031566E-03  0.79315888E-03  0.79315888E-03
 0.84353625E+01  0.47237403E-03  0.47237403E-03  0.77030408E-03  0.77030408E-03
 0.85260667E+01  0.44824979E-03  0.44824979E-03  0.74706698E-03  0.74706698E-03
 0.86167708E+01  0.42767143E-03  0.42767143E-03  0.72425107E-03  0.72425107E-03
 0.87074750E+01  0.41013532E-03  0.41013532E-03  0.70257201E-03  0.70257201E-03
 0.87981792E+01  0.39492842E-03  0.39492842E-03  0.68256869E-03  0.68256869E-03
 0.88888833E+01  0.38118949E-03  0.38118949E-03  0.66451164E-03  0.66451164E-03
 0.89795875E+01  0.36802351E-03  0.36802351E-03  0.64833565E-03  0.64833565E-03
 0.90702917E+01  0.35465659E-03  0.35465659E-03  0.63363018E-03  0.63363018E-03
 0.91609958E+01  0.34059606E-03  0.34059606E-03  0.61972795E-03  0.61972795E-03
 0.92517000E+01  0.32571810E-03  0.32571810E-03  0.60587353E-03  0.60587353E-03
 0.93424042E+01  0.31024224E-03  0.31024224E-03  0.59141738E-03  0.59141738E-03
 0.94331083E+01  0.29460618E-03  0.29460618E-03  0.57594927E-03  0.57594927E-03
 0.95238125E+01  0.27930556E-03  0.27930556E-03  0.55933033E-03  0.55933033E-03
 0.96145167E+01  0.26476884E-03  0.26476884E-03  0.54164080E-03  0.54164080E-03
 0.97052208E+01  0.25129614E-03  0.25129614E-03  0.52308890E-03  0.52308890E-03
 0.97959250E+01  0.23905552E-03  0.23905552E-03  0.50392841E-03  0.50392841E-03
 0.98866292E+01  0.22811048E-03  0.22811048E-03  0.48440164E-03  0.48440164E-03
 0.99773333E+01  0.21845820E-03  0.21845820E-03  0.46471569E-03  0.46471569E-03
 0.10068038E+02  0.21006158E-03  0.21006158E-03  0.44503678E-03  0.44503678E-03
 0.10158742E+02  0.20287115E-03  0.20287115E-03  0.42549884E-03  0.42549884E-03
 0.10249446E+02  0.19683686E-03  0.19683686E-03  0.40621659E-03  0.40621659E-03
 0.10340150E+02  0.19190980E-03  0.19190980E-03  0.38729812E-03  0.38729812E-03
 0.10430854E+02  0.18803760E-03  0.18803760E-03  0.36885609E-03  0.36885609E-03
 0.10521558E+02  0.18515430E-03  0.18515430E-03  0.35101257E-03  0.35101257E-03
 0.10612263E+02  0.18316700E-03  0.18316700E-03  0.33389911E-03  0.33389911E-03
 0.10702967E+02  0.18194064E-03  0.18194064E-03  0.31764680E-03  0.31764680E-03
 0.10793671E+02  0.18128699E-03  0.18128699E-03  0.30236817E-03  0.30236817E-03
 0.10884375E+02  0.18096230E-03  0.18096230E-03  0.28812620E-03  0.28812620E-03
 0.10975079E+02  0.18068482E-03  0.18068482E-03  0.27489900E-03  0.27489900E-03
 0.11065783E+02  0.18017685E-03  0.18017685E-03  0.26255299E-03  0.26255299E-03
 0.11156488E+02  0.17922487E-03  0.17922487E-03  0.25084257E-03  0.25084257E-03
 0.11247192E+02  0.17773690E-03  0.17773690E-03  0.23945000E-03  0.23945000E-03
 0.11337896E+02  0.17576918E-03  0.17576918E-03  0.22805502E-03  0.22805502E-03
 0.11428600E+02  0.17350695E-03  0.17350695E-03  0.21640952E-03  0.21640952E-03
 0.11519304E+02  0.17120903E-03  0.17120903E-03  0.20438497E-03  0.20438497E-03
 0.11610008E+02  0.16914252E-03  0.16914252E-03  0.19198359E-03  0.19198359E-03
 0.11700713E+02  0.16752956E-03  0.16752956E-03  0.17931607E-03  0.17931607E-03
 0.11791417E+02  0.16651613E-03  0.16651613E-03  0.16656689E-03  0.16656689E-03
 0.11882121E+02  0.16615835E-03  0.16615835E-03  0.15395918E-03  0.15395918E-03
 0.11972825E+02  0.16641857E-03  0.16641857E-03  0.14172149E-03  0.14172149E-03
 0.12063529E+02  0.16716739E-03  0.16716739E-03  0.13005784E-03  0.13005784E-03
 0.12154233E+02  0.16819318E-03  0.16819318E-03  0.11911309E-03  0.11911309E-03
 0.12244938E+02  0.16922580E-03  0.16922580E-03  0.10893862E-03  0.10893862E-03
 0.12335642E+02  0.16997969E-03  0.16997969E-03  0.99465213E-04  0.99465213E-04
 0.12426346E+02  0.17021350E-03  0.17021350E-03  0.90500354E-04  0.90500354E-04
 0.12517050E+02  0.16978898E-03  0.16978898E-03  0.81758921E-04  0.81758921E-04
 0.12607754E+02  0.16870490E-03  0.16870490E-03  0.72925772E-04  0.72925772E-04
 0.12698458E+02  0.16709073E-03  0.16709073E-03  0.63726105E-04  0.63726105E-04
 0.12789163E+02  0.16516370E-03  0.16516370E-03  0.53978171E-04  0.53978171E-04
 0.12879867E+02  0.16317084E-03  0.16317084E-03  0.43610815E-04  0.43610815E-04
 0.12970571E+02  0.16133887E-03  0.16133887E-03  0.32650321E-04  0.32650321E-04
 0.13061275E+02  0.15984431E-03  0.15984431E-03  0.21190496E-04  0.21190496E-04
 0.13151979E+02  0.15880328E-03  0.15880328E-03  0.93604297E-05  0.93604297E-05
 0.13242683E+02  0.15827493E-03  0.15827493E-03 -0.27008370E-05 -0.27008370E-05
 0.13333388E+02  0.15827119E-03  0.15827119E-03 -0.14861680E-04 -0.14861680E-04
 0.13424092E+02  0.15876782E-03  0.15876782E-03 -0.27007367E-04 -0.27007367E-04
 0.13514796E+02  0.15971432E-03  0.15971432E-03 -0.39045300E-04 -0.39045300E-04
 0.13605500E+02  0.16104221E-03  0.16104221E-03 -0.50906540E-04 -0.50906540E-04
 0.13696204E+02  0.16267162E-03  0.16267162E-03 -0.62546812E-04 -0.62546812E-04
 0.13786908E+02  0.16451673E-03  0.16451673E-03 -0.73946443E-04 -0.73946443E-04
 0.13877613E+02  0.16649075E-03  0.16649075E-03 -0.85110168E-04 -0.85110168E-04
 0.13968317E+02  0.16851045E-03  0.16851045E-03 -0.96067398E-04 -0.96067398E-04
 0.14059021E+02  0.17050169E-03  0.17050169E-03 -0.10687150E-03 -0.10687150E-03
 0.14149725E+02  0.17240578E-03  0.17240578E-03 -0.11759898E-03 -0.11759898E-03
 0.14240429E+02  0.17418688E-03  0.17418688E-03 -0.12834604E-03 -0.12834604E-03
 0.14331133E+02  0.17583895E-03  0.17583895E-03 -0.13922268E-03 -0.13922268E-03
 0.14421838E+02  0.17739122E-03  0.17739122E-03 -0.15034248E-03 -0.15034248E-03
 0.14512542E+02  0.17890947E-03  0.17890947E-03 -0.16181101E-03 -0.16181101E-03
 0.14603246E+02  0.18049273E-03  0.18049273E-03 -0.17371324E-03 -0.17371324E-03
 0.14693950E+02  0.18226520E-03  0.18226520E-03 -0.18610297E-03 -0.18610297E-03
 0.14784654E+02  0.18436497E-03  0.18436497E-03 -0.19899637E-03 -0.19899637E-03
 0.14875358E+02  0.18693124E-03  0.18693124E-03 -0.21236934E-03 -0.21236934E-03
 0.14966063E+02  0.19009266E-03  0.19009266E-03 -0.22615979E-03 -0.22615979E-03
 0.15056767E+02  0.19395716E-03  0.19395716E-03 -0.24027153E-03 -0.24027153E-03
 0.15147471E+02  0.19860273E-03  0.19860273E-03 -0.25458138E-03 -0.25458138E-03
 0.15238175E+02  0.20406951E-03  0.20406951E-03 -0.26894671E-03 -0.26894671E-03
 0.15328879E+02  0.21035258E-03  0.21035258E-03 -0.28321702E-03 -0.28321702E-03
 0.15419583E+02  0.21739688E-03  0.21739688E-03 -0.29724859E-03 -0.29724859E-03
 0.15510288E+02  0.22509705E-03  0.22509705E-03 -0.31092403E-03 -0.31092403E-03
 0.15600992E+02  0.23330565E-03  0.23330565E-03 -0.32417503E-03 -0.32417503E-03
 0.15691696E+02  0.24185314E-03  0.24185314E-03 -0.33700314E-03 -0.33700314E-03
 0.15782400E+02  0.25058121E-03  0.25058121E-03 -0.34949267E-03 -0.34949267E-03
 0.15873104E+02  0.25938280E-03  0.25938280E-03 -0.36180485E-03 -0.36180485E-03
 0.15963808E+02  0.26823921E-03  0.26823921E-03 -0.37415175E-03 -0.37415175E-03
 0.16054513E+02  0.27724148E-03  0.27724148E-03 -0.38675204E-03 -0.38675204E-03
 0.16145217E+02  0.28658851E-03  0.28658851E-03 -0.39978024E-03 -0.39978024E-03
 0.16235921E+02  0.29656129E-03  0.29656129E-03 -0.41332072E-03 -0.41332072E-03
 0.16326625E+02  0.30748165E-03  0.30748165E-03 -0.42733931E-03 -0.42733931E-03
 0.16417329E+02  0.31966476E-03  0.31966476E-03 -0.44167279E-03 -0.44167279E-03
 0.16508033E+02  0.33337167E-03  0.33337167E-03 -0.45603410E-03 -0.45603410E-03
 0.16598738E+02  0.34876564E-03  0.34876564E-03 -0.47003194E-03 -0.47003194E-03
 0.16689442E+02  0.36587164E-03  0.36587164E-03 -0.48320249E-03 -0.48320249E-03
 0.16780146E+02  0.38454188E-03  0.38454188E-03 -0.49505792E-03 -0.49505792E-03
 0.16870850E+02  0.40443494E-03  0.40443494E-03 -0.50515589E-03 -0.50515589E-03
 0.16961554E+02  0.42502468E-03  0.42502468E-03 -0.51318790E-03 -0.51318790E-03
 0.17052258E+02  0.44565459E-03  0.44565459E-03 -0.51907114E-03 -0.51907114E-03
 0.17142963E+02  0.46564667E-03  0.46564667E-03 -0.52301813E-03 -0.52301813E-03
 0.17233667E+02  0.48445103E-03  0.48445103E-03 -0.52554477E-03 -0.52554477E-03
 0.17324371E+02  0.50179372E-03  0.50179372E-03 -0.52739348E-03 -0.52739348E-03
 0.17415075E+02  0.51777115E-03  0.51777115E-03 -0.52938142E-03 -0.52938142E-03
 0.17505779E+02  0.53285244E-03  0.53285244E-03 -0.53221684E-03 -0.53221684E-03
 0.17596483E+02  0.54779052E-03  0.54779052E-03 -0.53634343E-03 -0.53634343E-03
 0.17687188E+02  0.56348164E-03  0.56348164E-03 -0.54185100E-03 -0.54185100E-03
 0.17777892E+02  0.58081442E-03  0.58081442E-03 -0.54846037E-03 -0.54846037E-03
 0.17868596E+02  0.60054291E-03  0.60054291E-03 -0.55555982E-03 -0.55555982E-03
 0.17959300E+02  0.62319164E-03  0.62319164E-03 -0.56227036E-03 -0.56227036E-03
 0.18050004E+02  0.64898467E-03  0.64898467E-03 -0.56752254E-03 -0.56752254E-03
 0.18140708E+02  0.67778695E-03  0.67778695E-03 -0.57014322E-03 -0.57014322E-03
 0.18231412E+02  0.70905913E-03  0.70905913E-03 -0.56896334E-03 -0.56896334E-03
 0.18322117E+02  0.74183649E-03  0.74183649E-03 -0.56295396E-03 -0.56295396E-03
 0.18412821E+02  0.77475643E-03  0.77475643E-03 -0.55139329E-03 -0.55139329E-03
 0.18503525E+02  0.80616442E-03  0.80616442E-03 -0.53403697E-03 -0.53403697E-03
 0.18594229E+02  0.83431194E-03  0.83431194E-03 -0.51125097E-03 -0.51125097E-03
 0.18684933E+02  0.85762254E-03  0.85762254E-03 -0.48404297E-03 -0.48404297E-03
 0.18775638E+02  0.87496636E-03  0.87496636E-03 -0.45395415E-03 -0.45395415E-03
 0.18866342E+02  0.88585533E-03  0.88585533E-03 -0.42281790E-03 -0.42281790E-03
 0.18957046E+02  0.89049114E-03  0.89049114E-03 -0.39245298E-03 -0.39245298E-03
 0.19047750E+02  0.88965762E-03  0.88965762E-03 -0.36438197E-03 -0.36438197E-03
 0.19138454E+02  0.88450398E-03  0.88450398E-03 -0.33965354E-03 -0.33965354E-03
 0.19229158E+02  0.87629840E-03  0.87629840E-03 -0.31879836E-03 -0.31879836E-03
 0.19319863E+02  0.86621905E-03  0.86621905E-03 -0.30189343E-03 -0.30189343E-03
 0.19410567E+02  0.85522126E-03  0.85522126E-03 -0.28869215E-03 -0.28869215E-03
 0.19501271E+02  0.84398134E-03  0.84398134E-03 -0.27876992E-03 -0.27876992E-03
 0.19591975E+02  0.83290279E-03  0.83290279E-03 -0.27165574E-03 -0.27165574E-03
 0.19682679E+02  0.82216433E-03  0.82216433E-03 -0.26693091E-03 -0.26693091E-03
 0.19773383E+02  0.81179014E-03  0.81179014E-03 -0.26429575E-03 -0.26429575E-03
 0.19864088E+02  0.80172811E-03  0.80172811E-03 -0.26359796E-03 -0.26359796E-03
 0.19954792E+02  0.79192509E-03  0.79192509E-03 -0.26483158E-03 -0.26483158E-03
 0.20045496E+02  0.78238990E-03  0.78238990E-03 -0.26810914E-03 -0.26810914E-03
 0.20136200E+02  0.77323597E-03  0.77323597E-03 -0.27361521E-03 -0.27361521E-03
 0.20226904E+02  0.76470205E-03  0.76470205E-03 -0.28155089E-03 -0.28155089E-03
 0.20317608E+02  0.75714703E-03  0.75714703E-03 -0.29207830E-03 -0.29207830E-03
 0.20408312E+02  0.75102621E-03  0.75102621E-03 -0.30527713E-03 -0.30527713E-03
 0.20499017E+02  0.74685477E-03  0.74685477E-03 -0.32111514E-03 -0.32111514E-03
 0.20589721E+02  0.74517059E-03  0.74517059E-03 -0.33943741E-03 -0.33943741E-03
 0.20680425E+02  0.74649695E-03  0.74649695E-03 -0.35996749E-03 -0.35996749E-03
 0.20771129E+02  0.75131624E-03  0.75131624E-03 -0.38231913E-03 -0.38231913E-03
 0.20861833E+02  0.76004953E-03  0.76004953E-03 -0.40600984E-03 -0.40600984E-03
 0.20952538E+02  0.77304171E-03  0.77304171E-03 -0.43047612E-03 -0.43047612E-03
 0.21043242E+02  0.79055176E-03  0.79055176E-03 -0.45508547E-03 -0.45508547E-03
 0.21133946E+02  0.81273904E-03  0.81273904E-03 -0.47914824E-03 -0.47914824E-03
 0.21224650E+02  0.83965229E-03  0.83965229E-03 -0.50193228E-03 -0.50193228E-03
 0.21315354E+02  0.87121472E-03  0.87121472E-03 -0.52268118E-03 -0.52268118E-03
 0.21406058E+02  0.90721510E-03  0.90721510E-03 -0.54064032E-03 -0.54064032E-03
 0.21496763E+02  0.94730294E-03  0.94730294E-03 -0.55508880E-03 -0.55508880E-03
 0.21587467E+02  0.99099881E-03  0.99099881E-03 -0.56537611E-03 -0.56537611E-03
 0.21678171E+02  0.10377196E-02  0.10377196E-02 -0.57095395E-03 -0.57095395E-03
 0.21768875E+02  0.10868165E-02  0.10868165E-02 -0.57139581E-03 -0.57139581E-03
 0.21859579E+02  0.11376207E-02  0.11376207E-02 -0.56639334E-03 -0.56639334E-03
 0.21950283E+02  0.11894762E-02  0.11894762E-02 -0.55573053E-03 -0.55573053E-03
 0.22040988E+02  0.12417530E-02  0.12417530E-02 -0.53923895E-03 -0.53923895E-03
 0.22131692E+02  0.12938239E-02  0.12938239E-02 -0.51675527E-03 -0.51675527E-03
 0.22222396E+02  0.13450096E-02  0.13450096E-02 -0.48809891E-03 -0.48809891E-03
 0.22313100E+02  0.13945068E-02  0.13945068E-02 -0.45309455E-03 -0.45309455E-03
 0.22403804E+02  0.14413288E-02  0.14413288E-02 -0.41164872E-03 -0.41164872E-03
 0.22494508E+02  0.14842930E-02  0.14842930E-02 -0.36387049E-03 -0.36387049E-03
 0.22585213E+02  0.15220833E-02  0.15220833E-02 -0.31021055E-03 -0.31021055E-03
 0.22675917E+02  0.15533992E-02  0.15533992E-02 -0.25156872E-03 -0.25156872E-03
 0.22766621E+02  0.15771700E-02  0.15771700E-02 -0.18932013E-03 -0.18932013E-03
 0.22857325E+02  0.15927808E-02  0.15927808E-02 -0.12521984E-03 -0.12521984E-03
 0.22948029E+02  0.16002428E-02  0.16002428E-02 -0.61188087E-04 -0.61188087E-04
 0.23038733E+02  0.16002357E-02  0.16002357E-02  0.97678782E-06  0.97678782E-06
 0.23129438E+02  0.15940030E-02  0.15940030E-02  0.59881741E-04  0.59881741E-04
 0.23220142E+02  0.15831248E-02  0.15831248E-02  0.11473785E-03  0.11473785E-03
 0.23310846E+02  0.15692264E-02  0.15692264E-02  0.16543052E-03  0.16543052E-03
 0.23401550E+02  0.15536987E-02  0.15536987E-02  0.21245438E-03  0.21245438E-03
 0.23492254E+02  0.15374848E-02  0.15374848E-02  0.25673997E-03  0.25673997E-03
 0.23582958E+02  0.15209596E-02  0.15209596E-02  0.29941858E-03  0.29941858E-03
 0.23673663E+02  0.15039165E-02  0.15039165E-02  0.34156618E-03  0.34156618E-03
 0.23764367E+02  0.14856546E-02  0.14856546E-02  0.38396826E-03  0.38396826E-03
 0.23855071E+02  0.14651541E-02  0.14651541E-02  0.42693615E-03  0.42693615E-03
 0.23945775E+02  0.14413193E-02  0.14413193E-02  0.47021091E-03  0.47021091E-03
 0.24036479E+02  0.14132441E-02  0.14132441E-02  0.51298555E-03  0.51298555E-03
 0.24127183E+02  0.13804439E-02  0.13804439E-02  0.55404556E-03  0.55404556E-03
 0.24217888E+02  0.13429959E-02  0.13429959E-02  0.59200736E-03  0.59200736E-03
 0.24308592E+02  0.13015460E-02  0.13015460E-02  0.62558926E-03  0.62558926E-03
 0.24399296E+02  0.12571924E-02  0.12571924E-02  0.65384447E-03  0.65384447E-03
 0.24490000E+02  0.12112799E-02  0.12112799E-02  0.67629995E-03  0.67629995E-03
 0.24580704E+02  0.11651751E-02  0.11651751E-02  0.69298152E-03  0.69298152E-03
 0.24671408E+02  0.11200761E-02  0.11200761E-02  0.70434006E-03  0.70434006E-03
 0.24762113E+02  0.10768933E-02  0.10768933E-02  0.71112006E-03  0.71112006E-03
 0.24852817E+02  0.10362000E-02  0.10362000E-02  0.71421290E-03  0.71421290E-03
 0.24943521E+02  0.99824589E-03  0.99824589E-03  0.71452343E-03  0.71452343E-03
 0.25034225E+02  0.96301056E-03  0.96301056E-03  0.71286811E-03  0.71286811E-03
 0.25124929E+02  0.93027871E-03  0.93027871E-03  0.70991009E-03  0.70991009E-03
 0.25215633E+02  0.89972346E-03  0.89972346E-03  0.70613078E-03  0.70613078E-03
 0.25306338E+02  0.87098278E-03  0.87098278E-03  0.70183143E-03  0.70183143E-03
 0.25397042E+02  0.84372157E-03  0.84372157E-03  0.69716102E-03  0.69716102E-03
 0.25487746E+02  0.81767362E-03  0.81767362E-03  0.69216084E-03  0.69216084E-03
 0.25578450E+02  0.79266009E-03  0.79266009E-03  0.68681649E-03  0.68681649E-03
 0.25669154E+02  0.76858209E-03  0.76858209E-03  0.68110670E-03  0.68110670E-03
 0.25759858E+02  0.74539520E-03  0.74539520E-03  0.67503875E-03  0.67503875E-03
 0.25850563E+02  0.72307414E-03  0.72307414E-03  0.66866617E-03  0.66866617E-03
 0.25941267E+02  0.70157466E-03  0.70157466E-03  0.66208526E-03  0.66208526E-03
 0.26031971E+02  0.68080436E-03  0.68080436E-03  0.65541476E-03  0.65541476E-03
 0.26122675E+02  0.66060825E-03  0.66060825E-03  0.64876224E-03  0.64876224E-03
 0.26213379E+02  0.64077134E-03  0.64077134E-03  0.64218637E-03  0.64218637E-03
 0.26304083E+02  0.62104184E-03  0.62104184E-03  0.63566333E-03  0.63566333E-03
 0.26394788E+02  0.60116991E-03  0.60116991E-03  0.62906646E-03  0.62906646E-03
 0.26485492E+02  0.58095443E-03  0.58095443E-03  0.62216576E-03  0.62216576E-03
 0.26576196E+02  0.56028859E-03  0.56028859E-03  0.61465029E-03  0.61465029E-03
 0.26666900E+02  0.53919150E-03  0.53919150E-03  0.60617160E-03  0.60617160E-03
 0.26757604E+02  0.51781666E-03  0.51781666E-03  0.59639854E-03  0.59639854E-03
 0.26848308E+02  0.49643434E-03  0.49643434E-03  0.58506985E-03  0.58506985E-03
 0.26939013E+02  0.47539299E-03  0.47539299E-03  0.57203332E-03  0.57203332E-03
 0.27029717E+02  0.45507001E-03  0.45507001E-03  0.55726075E-03  0.55726075E-03
 0.27120421E+02  0.43582428E-03  0.43582428E-03  0.54084289E-03  0.54084289E-03
 0.27211125E+02  0.41796020E-03  0.41796020E-03  0.52296584E-03  0.52296584E-03
 0.27301829E+02  0.40170659E-03  0.40170659E-03  0.50388083E-03  0.50388083E-03
 0.27392533E+02  0.38721003E-03  0.38721003E-03  0.48387220E-03  0.48387220E-03
 0.27483238E+02  0.37453896E-03  0.37453896E-03  0.46323216E-03  0.46323216E-03
 0.27573942E+02  0.36369314E-03  0.36369314E-03  0.44224070E-03  0.44224070E-03
 0.27664646E+02  0.35461558E-03  0.35461558E-03  0.42115310E-03  0.42115310E-03
 0.27755350E+02  0.34720376E-03  0.34720376E-03  0.40019223E-03  0.40019223E-03
 0.27846054E+02  0.34131979E-03  0.34131979E-03  0.37954249E-03  0.37954249E-03
 0.27936758E+02  0.33679900E-03  0.33679900E-03  0.35934682E-03  0.35934682E-03
 0.28027463E+02  0.33345895E-03  0.33345895E-03  0.33970213E-03  0.33970213E-03
 0.28118167E+02  0.33110889E-03  0.33110889E-03  0.32065661E-03  0.32065661E-03
 0.28208871E+02  0.32956177E-03  0.32956177E-03  0.30220670E-03  0.30220670E-03
 0.28299575E+02  0.32864774E-03  0.32864774E-03  0.28429875E-03  0.28429875E-03
 0.28390279E+02  0.32822902E-03  0.32822902E-03  0.26683317E-03  0.26683317E-03
 0.28480983E+02  0.32821332E-03  0.32821332E-03  0.24967543E-03  0.24967543E-03
 0.28571688E+02  0.32856394E-03  0.32856394E-03  0.23267176E-03  0.23267176E-03
 0.28662392E+02  0.32930390E-03  0.32930390E-03  0.21566683E-03  0.21566683E-03
 0.28753096E+02  0.33051270E-03  0.33051270E-03  0.19852404E-03  0.19852404E-03
 0.28843800E+02  0.33231761E-03  0.33231761E-03  0.18114100E-03  0.18114100E-03
 0.28934504E+02  0.33487973E-03  0.33487973E-03  0.16346183E-03  0.16346183E-03
 0.29025208E+02  0.33837929E-03  0.33837929E-03  0.14548302E-03  0.14548302E-03
 0.29115913E+02  0.34300022E-03  0.34300022E-03  0.12725559E-03  0.12725559E-03
 0.29206617E+02  0.34891723E-03  0.34891723E-03  0.10888303E-03  0.10888303E-03
 0.29297321E+02  0.35628367E-03  0.35628367E-03  0.90517374E-04  0.90517374E-04
 0.29388025E+02  0.36522132E-03  0.36522132E-03  0.72354223E-04  0.72354223E-04
 0.29478729E+02  0.37580985E-03  0.37580985E-03  0.54625974E-04  0.54625974E-04
 0.29569433E+02  0.38807638E-03  0.38807638E-03  0.37593731E-04  0.37593731E-04
 0.29660137E+02  0.40198527E-03  0.40198527E-03  0.21534191E-04  0.21534191E-04
 0.29750842E+02  0.41742992E-03  0.41742992E-03  0.67228235E-05  0.67228235E-05
 0.29841546E+02  0.43422975E-03  0.43422975E-03 -0.65897305E-05 -0.65897305E-05
 0.29932250E+02  0.45213530E-03  0.45213530E-03 -0.18204197E-04 -0.18204197E-04
 0.30022954E+02  0.47084689E-03  0.47084689E-03 -0.28000326E-04 -0.28000326E-04
 0.30113658E+02  0.49004588E-03  0.49004588E-03 -0.35957315E-04 -0.35957315E-04
 0.30204363E+02  0.50943797E-03  0.50943797E-03 -0.42160249E-04 -0.42160249E-04
 0.30295067E+02  0.52879905E-03  0.52879905E-03 -0.46785163E-04 -0.46785163E-04
 0.30385771E+02  0.54801305E-03  0.54801305E-03 -0.50061800E-04 -0.50061800E-04
 0.30476475E+02  0.56709132E-03  0.56709132E-03 -0.52220050E-04 -0.52220050E-04
 0.30567179E+02  0.58616438E-03  0.58616438E-03 -0.53428857E-04 -0.53428857E-04
 0.30657883E+02  0.60544758E-03  0.60544758E-03 -0.53742862E-04 -0.53742862E-04
 0.30748588E+02  0.62518318E-03  0.62518318E-03 -0.53066599E-04 -0.53066599E-04
 0.30839292E+02  0.64557131E-03  0.64557131E-03 -0.51144476E-04 -0.51144476E-04
 0.30929996E+02  0.66669756E-03  0.66669756E-03 -0.47579247E-04 -0.47579247E-04
 0.31020700E+02  0.68846774E-03  0.68846774E-03 -0.41879536E-04 -0.41879536E-04
 0.31111404E+02  0.71056000E-03  0.71056000E-03 -0.33534339E-04 -0.33534339E-04
 0.31202108E+02  0.73240549E-03  0.73240549E-03 -0.22112374E-04 -0.22112374E-04
 0.31292813E+02  0.75321227E-03  0.75321227E-03 -0.73745963E-05 -0.73745963E-05
 0.31383517E+02  0.77204269E-03  0.77204269E-03  0.10618072E-04  0.10618072E-04
 0.31474221E+02  0.78794602E-03  0.78794602E-03  0.31430995E-04  0.31430995E-04
 0.31564925E+02  0.80012927E-03  0.80012927E-03  0.54247990E-04  0.54247990E-04
 0.31655629E+02  0.80812807E-03  0.80812807E-03  0.77950323E-04  0.77950323E-04
 0.31746333E+02  0.81192896E-03  0.81192896E-03  0.10127788E-03  0.10127788E-03
 0.31837037E+02  0.81200161E-03  0.81200161E-03  0.12303513E-03  0.12303513E-03
 0.31927742E+02  0.80922942E-03  0.80922942E-03  0.14228962E-03  0.14228962E-03
 0.32018446E+02  0.80476357E-03  0.80476357E-03  0.15851081E-03  0.15851081E-03
 0.32109150E+02  0.79984182E-03  0.79984182E-03  0.17162614E-03  0.17162614E-03
 0.32199854E+02  0.79561986E-03  0.79561986E-03  0.18200238E-03  0.18200238E-03
 0.32290558E+02  0.79303684E-03  0.79303684E-03  0.19037294E-03  0.19037294E-03
 0.32381263E+02  0.79272332E-03  0.79272332E-03  0.19774355E-03  0.19774355E-03
 0.32471967E+02  0.79494139E-03  0.79494139E-03  0.20528853E-03  0.20528853E-03
 0.32562671E+02  0.79954442E-03  0.79954442E-03  0.21424496E-03  0.21424496E-03
 0.32653375E+02  0.80595390E-03  0.80595390E-03  0.22579442E-03  0.22579442E-03
 0.32744079E+02  0.81315727E-03  0.81315727E-03  0.24092348E-03  0.24092348E-03
 0.32834783E+02  0.81975337E-03  0.81975337E-03  0.26026075E-03  0.26026075E-03
 0.32925488E+02  0.82407096E-03  0.82407096E-03  0.28390627E-03  0.28390627E-03
 0.33016192E+02  0.82438051E-03  0.82438051E-03  0.31130036E-03  0.31130036E-03
 0.33106896E+02  0.81918664E-03  0.81918664E-03  0.34119203E-03  0.34119203E-03
 0.33197600E+02  0.80753510E-03  0.80753510E-03  0.37176340E-03  0.37176340E-03
 0.33288304E+02  0.78923988E-03  0.78923988E-03  0.40091154E-03  0.40091154E-03
 0.33379008E+02  0.76493582E-03  0.76493582E-03  0.42662123E-03  0.42662123E-03
 0.33469713E+02  0.73593528E-03  0.73593528E-03  0.44731050E-03  0.44731050E-03
 0.33560417E+02  0.70394240E-03  0.70394240E-03  0.46204116E-03  0.46204116E-03
 0.33651121E+02  0.67073353E-03  0.67073353E-03  0.47055605E-03  0.47055605E-03
 0.33741825E+02  0.63789821E-03  0.63789821E-03  0.47316965E-03  0.47316965E-03
 0.33832529E+02  0.60668885E-03  0.60668885E-03  0.47058755E-03  0.47058755E-03
 0.33923233E+02  0.57797581E-03  0.57797581E-03  0.46371969E-03  0.46371969E-03
 0.34013937E+02  0.55227465E-03  0.55227465E-03  0.45353113E-03  0.45353113E-03
 0.34104642E+02  0.52981013E-03  0.52981013E-03  0.44094216E-03  0.44094216E-03
 0.34195346E+02  0.51058747E-03  0.51058747E-03  0.42677337E-03  0.42677337E-03
 0.34286050E+02  0.49445678E-03  0.49445678E-03  0.41172231E-03  0.41172231E-03
 0.34376754E+02  0.48116379E-03  0.48116379E-03  0.39635891E-03  0.39635891E-03
 0.34467458E+02  0.47038786E-03  0.47038786E-03  0.38112996E-03  0.38112996E-03
 0.34558163E+02  0.46177067E-03  0.46177067E-03  0.36636592E-03  0.36636592E-03
 0.34648867E+02  0.45493873E-03  0.45493873E-03  0.35228854E-03  0.35228854E-03
 0.34739571E+02  0.44952426E-03  0.44952426E-03  0.33901809E-03  0.33901809E-03
 0.34830275E+02  0.44518433E-03  0.44518433E-03  0.32658281E-03  0.32658281E-03
 0.34920979E+02  0.44162040E-03  0.44162040E-03  0.31493153E-03  0.31493153E-03
 0.35011683E+02  0.43859411E-03  0.43859411E-03  0.30395157E-03  0.30395157E-03
 0.35102388E+02  0.43593877E-03  0.43593877E-03  0.29349159E-03  0.29349159E-03
 0.35193092E+02  0.43356231E-03  0.43356231E-03  0.28338696E-03  0.28338696E-03
 0.35283796E+02  0.43144168E-03  0.43144168E-03  0.27348511E-03  0.27348511E-03
 0.35374500E+02  0.42960856E-03  0.42960856E-03  0.26366632E-03  0.26366632E-03
 0.35465204E+02  0.42812914E-03  0.42812914E-03  0.25385737E-03  0.25385737E-03
 0.35555908E+02  0.42708123E-03  0.42708123E-03  0.24403617E-03  0.24403617E-03
 0.35646613E+02  0.42653251E-03  0.42653251E-03  0.23422776E-03  0.23422776E-03
 0.35737317E+02  0.42652242E-03  0.42652242E-03  0.22449276E-03  0.22449276E-03
 0.35828021E+02  0.42705008E-03  0.42705008E-03  0.21491021E-03  0.21491021E-03
 0.35918725E+02  0.42806943E-03  0.42806943E-03  0.20555741E-03  0.20555741E-03
 0.36009429E+02  0.42949247E-03  0.42949247E-03  0.19648844E-03  0.19648844E-03
 0.36100133E+02  0.43120049E-03  0.43120049E-03  0.18771524E-03  0.18771524E-03
 0.36190838E+02  0.43306315E-03  0.43306315E-03  0.17919263E-03  0.17919263E-03
 0.36281542E+02  0.43496330E-03  0.43496330E-03  0.17081250E-03  0.17081250E-03
 0.36372246E+02  0.43682431E-03  0.43682431E-03  0.16240686E-03  0.16240686E-03
 0.36462950E+02  0.43863527E-03  0.43863527E-03  0.15376372E-03  0.15376372E-03
 0.36553654E+02  0.44046922E-03  0.44046922E-03  0.14465164E-03  0.14465164E-03
 0.36644358E+02  0.44249039E-03  0.44249039E-03  0.13485075E-03  0.13485075E-03
 0.36735063E+02  0.44494966E-03  0.44494966E-03  0.12418411E-03  0.12418411E-03
 0.36825767E+02  0.44816956E-03  0.44816956E-03  0.11254453E-03  0.11254453E-03
 0.36916471E+02  0.45252241E-03  0.45252241E-03  0.99913726E-04  0.99913726E-04
 0.37007175E+02  0.45840680E-03  0.45840680E-03  0.86373565E-04  0.86373565E-04
 0.37097879E+02  0.46622432E-03  0.46622432E-03  0.72111051E-04  0.72111051E-04
 0.37188583E+02  0.47635949E-03  0.47635949E-03  0.57419931E-04  0.57419931E-04
 0.37279288E+02  0.48915970E-03  0.48915970E-03  0.42702484E-04  0.42702484E-04
 0.37369992E+02  0.50491409E-03  0.50491409E-03  0.28472074E-04  0.28472074E-04
 0.37460696E+02  0.52382603E-03  0.52382603E-03  0.15356178E-04  0.15356178E-04
 0.37551400E+02  0.54597584E-03  0.54597584E-03  0.40956962E-05  0.40956962E-05
 0.37642104E+02  0.57127202E-03  0.57127202E-03 -0.44663270E-05 -0.44663270E-05
 0.37732808E+02  0.59939183E-03  0.59939183E-03 -0.94169574E-05 -0.94169574E-05
 0.37823512E+02  0.62972109E-03  0.62972109E-03 -0.98376419E-05 -0.98376419E-05
 0.37914217E+02  0.66130967E-03  0.66130967E-03 -0.49091867E-05 -0.49091867E-05
 0.38004921E+02  0.69287109E-03  0.69287109E-03  0.59446832E-05  0.59446832E-05
 0.38095625E+02  0.72285430E-03  0.72285430E-03  0.22895789E-04  0.22895789E-04
 0.38186329E+02  0.74960638E-03  0.74960638E-03  0.45576548E-04  0.45576548E-04
 0.38277033E+02  0.77161109E-03  0.77161109E-03  0.73027902E-04  0.73027902E-04
 0.38367737E+02  0.78775004E-03  0.78775004E-03  0.10377812E-03  0.10377812E-03
 0.38458442E+02  0.79750293E-03  0.79750293E-03  0.13605357E-03  0.13605357E-03
 0.38549146E+02  0.80101582E-03  0.80101582E-03  0.16806918E-03  0.16806918E-03
 0.38639850E+02  0.79901499E-03  0.79901499E-03  0.19830791E-03  0.19830791E-03
 0.38730554E+02  0.79260487E-03  0.79260487E-03  0.22570753E-03  0.22570753E-03
 0.38821258E+02  0.78302596E-03  0.78302596E-03  0.24971876E-03  0.24971876E-03
 0.38911963E+02  0.77144358E-03  0.77144358E-03  0.27024892E-03  0.27024892E-03
 0.39002667E+02  0.75880920E-03  0.75880920E-03  0.28753739E-03  0.28753739E-03
 0.39093371E+02  0.74580177E-03  0.74580177E-03  0.30200983E-03  0.30200983E-03
 0.39184075E+02  0.73283358E-03  0.73283358E-03  0.31414818E-03  0.31414818E-03
 0.39274779E+02  0.72009914E-03  0.72009914E-03  0.32439356E-03  0.32439356E-03
 0.39365483E+02  0.70764467E-03  0.70764467E-03  0.33308787E-03  0.33308787E-03
 0.39456188E+02  0.69544202E-03  0.69544202E-03  0.34045256E-03  0.34045256E-03
 0.39546892E+02  0.68345356E-03  0.68345356E-03  0.34659753E-03  0.34659753E-03
 0.39637596E+02  0.67168009E-03  0.67168009E-03  0.35155267E-03  0.35155267E-03
 0.39728300E+02  0.66018609E-03  0.66018609E-03  0.35531081E-03  0.35531081E-03
 0.39819004E+02  0.64910221E-03  0.64910221E-03  0.35787275E-03  0.35787275E-03
 0.39909708E+02  0.63860856E-03  0.63860856E-03  0.35928427E-03  0.35928427E-03
 0.40000413E+02  0.62890461E-03  0.62890461E-03  0.35965964E-03  0.35965964E-03
 0.40091117E+02  0.62017411E-03  0.62017411E-03  0.35918874E-03  0.35918874E-03
 0.40181821E+02  0.61255117E-03  0.61255117E-03  0.35812889E-03  0.35812889E-03
 0.40272525E+02  0.60609331E-03  0.60609331E-03  0.35678404E-03  0.35678404E-03
 0.40363229E+02  0.60076361E-03  0.60076361E-03  0.35547538E-03  0.35547538E-03
 0.40453933E+02  0.59642497E-03  0.59642497E-03  0.35450647E-03  0.35450647E-03
 0.40544638E+02  0.59284664E-03  0.59284664E-03  0.35412698E-03  0.35412698E-03
 0.40635342E+02  0.58972472E-03  0.58972472E-03  0.35449860E-03  0.35449860E-03
 0.40726046E+02  0.58671579E-03  0.58671579E-03  0.35566879E-03  0.35566879E-03
 0.40816750E+02  0.58348145E-03  0.58348145E-03  0.35755776E-03  0.35755776E-03
 0.40907454E+02  0.57973838E-03  0.57973838E-03  0.35996427E-03  0.35996427E-03
 0.40998158E+02  0.57530480E-03  0.57530480E-03  0.36259293E-03  0.36259293E-03
 0.41088862E+02  0.57013322E-03  0.57013322E-03  0.36510054E-03  0.36510054E-03
 0.41179567E+02  0.56432114E-03  0.56432114E-03  0.36715394E-03  0.36715394E-03
 0.41270271E+02  0.55809631E-03  0.55809631E-03  0.36848785E-03  0.36848785E-03
 0.41360975E+02  0.55177991E-03  0.55177991E-03  0.36895115E-03  0.36895115E-03
 0.41451679E+02  0.54573517E-03  0.54573517E-03  0.36853414E-03  0.36853414E-03
 0.41542383E+02  0.54031180E-03  0.54031180E-03  0.36737409E-03  0.36737409E-03
 0.41633088E+02  0.53579426E-03  0.53579426E-03  0.36574140E-03  0.36574140E-03
 0.41723792E+02  0.53235841E-03  0.53235841E-03  0.36401128E-03  0.36401128E-03
 0.41814496E+02  0.53003899E-03  0.53003899E-03  0.36262447E-03  0.36262447E-03
 0.41905200E+02  0.52870774E-03  0.52870774E-03  0.36203969E-03  0.36203969E-03
 0.41995904E+02  0.52806448E-03  0.52806448E-03  0.36267804E-03  0.36267804E-03
 0.42086608E+02  0.52764511E-03  0.52764511E-03  0.36486065E-03  0.36486065E-03
 0.42177313E+02  0.52685332E-03  0.52685332E-03  0.36874365E-03  0.36874365E-03
 0.42268017E+02  0.52502129E-03  0.52502129E-03  0.37426092E-03  0.37426092E-03
 0.42358721E+02  0.52149973E-03  0.52149973E-03  0.38109088E-03  0.38109088E-03
 0.42449425E+02  0.51576592E-03  0.51576592E-03  0.38866517E-03  0.38866517E-03
 0.42540129E+02  0.50752564E-03  0.50752564E-03  0.39623019E-03  0.39623019E-03
 0.42630833E+02  0.49677948E-03  0.49677948E-03  0.40295538E-03  0.40295538E-03
 0.42721538E+02  0.48382984E-03  0.48382984E-03  0.40806351E-03  0.40806351E-03
 0.42812242E+02  0.46922567E-03  0.46922567E-03  0.41094734E-03  0.41094734E-03
 0.42902946E+02  0.45366329E-03  0.45366329E-03  0.41124229E-03  0.41124229E-03
 0.42993650E+02  0.43787525E-03  0.43787525E-03  0.40884315E-03  0.40884315E-03
 0.43084354E+02  0.42253550E-03  0.42253550E-03  0.40387294E-03  0.40387294E-03
 0.43175058E+02  0.40819781E-03  0.40819781E-03  0.39662381E-03  0.39662381E-03
 0.43265763E+02  0.39526863E-03  0.39526863E-03  0.38749143E-03  0.38749143E-03
 0.43356467E+02  0.38400696E-03  0.38400696E-03  0.37691736E-03  0.37691736E-03
 0.43447171E+02  0.37453936E-03  0.37453936E-03  0.36534604E-03  0.36534604E-03
 0.43537875E+02  0.36688116E-03  0.36688116E-03  0.35319618E-03  0.35319618E-03
 0.43628579E+02  0.36095739E-03  0.36095739E-03  0.34084322E-03  0.34084322E-03
 0.43719283E+02  0.35662080E-03  0.35662080E-03  0.32860827E-03  0.32860827E-03
 0.43809988E+02  0.35366748E-03  0.35366748E-03  0.31674986E-03  0.31674986E-03
 0.43900692E+02  0.35185126E-03  0.35185126E-03  0.30545620E-03  0.30545620E-03
 0.43991396E+02  0.35089978E-03  0.35089978E-03  0.29483775E-03  0.29483775E-03
 0.44082100E+02  0.35053391E-03  0.35053391E-03  0.28492133E-03  0.28492133E-03
 0.44172804E+02  0.35049131E-03  0.35049131E-03  0.27564898E-03  0.27564898E-03
 0.44263508E+02  0.35055201E-03  0.35055201E-03  0.26688442E-03  0.26688442E-03
 0.44354213E+02  0.35056276E-03  0.35056276E-03  0.25842923E-03  0.25842923E-03
 0.44444917E+02  0.35045499E-03  0.35045499E-03  0.25004823E-03  0.25004823E-03
 0.44535621E+02  0.35025196E-03  0.35025196E-03  0.24150074E-03  0.24150074E-03
 0.44626325E+02  0.35006370E-03  0.35006370E-03  0.23257204E-03  0.23257204E-03
 0.44717029E+02  0.35007066E-03  0.35007066E-03  0.22309953E-03  0.22309953E-03
 0.44807733E+02  0.35050046E-03  0.35050046E-03  0.21298978E-03  0.21298978E-03
 0.44898438E+02  0.35160273E-03  0.35160273E-03  0.20222522E-03  0.20222522E-03
 0.44989142E+02  0.35362631E-03  0.35362631E-03  0.19086226E-03  0.19086226E-03
 0.45079846E+02  0.35680118E-03  0.35680118E-03  0.17902385E-03  0.17902385E-03
 0.45170550E+02  0.36132550E-03  0.36132550E-03  0.16688962E-03  0.16688962E-03
 0.45261254E+02  0.36735666E-03  0.36735666E-03  0.15468583E-03  0.15468583E-03
 0.45351958E+02  0.37500463E-03  0.37500463E-03  0.14267631E-03  0.14267631E-03
 0.45442662E+02  0.38432597E-03  0.38432597E-03  0.13115390E-03  0.13115390E-03
 0.45533367E+02  0.39531758E-03  0.39531758E-03  0.12043157E-03  0.12043157E-03
 0.45624071E+02  0.40791016E-03  0.40791016E-03  0.11083157E-03  0.11083157E-03
 0.45714775E+02  0.42196263E-03  0.42196263E-03  0.10267141E-03  0.10267141E-03
 0.45805479E+02  0.43725956E-03  0.43725956E-03  0.96245792E-04  0.96245792E-04
 0.45896183E+02  0.45351398E-03  0.45351398E-03  0.91805688E-04  0.91805688E-04
 0.45986888E+02  0.47037847E-03  0.47037847E-03  0.89536395E-04  0.89536395E-04
 0.46077592E+02  0.48746486E-03  0.48746486E-03  0.89539215E-04  0.89539215E-04
 0.46168296E+02  0.50437173E-03  0.50437173E-03  0.91820872E-04  0.91820872E-04
 0.46259000E+02  0.52071526E-03  0.52071526E-03  0.96294609E-04  0.96294609E-04
 0.46349704E+02  0.53615716E-03  0.53615716E-03  0.10279448E-03  0.10279448E-03
 0.46440408E+02  0.55042355E-03  0.55042355E-03  0.11109978E-03  0.11109978E-03
 0.46531113E+02  0.56331014E-03  0.56331014E-03  0.12096413E-03  0.12096413E-03
 0.46621817E+02  0.57467383E-03  0.57467383E-03  0.13214112E-03  0.13214112E-03
 0.46712521E+02  0.58441400E-03  0.58441400E-03  0.14440031E-03  0.14440031E-03
 0.46803225E+02  0.59245101E-03  0.59245101E-03  0.15752984E-03  0.15752984E-03
 0.46893929E+02  0.59870902E-03  0.59870902E-03  0.17132637E-03  0.17132637E-03
 0.46984633E+02  0.60310954E-03  0.60310954E-03  0.18557725E-03  0.18557725E-03
 0.47075338E+02  0.60557824E-03  0.60557824E-03  0.20004117E-03  0.20004117E-03
 0.47166042E+02  0.60606395E-03  0.60606395E-03  0.21443588E-03  0.21443588E-03
 0.47256746E+02  0.60456453E-03  0.60456453E-03  0.22843819E-03  0.22843819E-03
 0.47347450E+02  0.60115188E-03  0.60115188E-03  0.24169899E-03  0.24169899E-03
 0.47438154E+02  0.59598893E-03  0.59598893E-03  0.25387108E-03  0.25387108E-03
 0.47528858E+02  0.58933142E-03  0.58933142E-03  0.26464407E-03  0.26464407E-03
 0.47619563E+02  0.58151411E-03  0.58151411E-03  0.27377822E-03  0.27377822E-03
 0.47710267E+02  0.57292316E-03  0.57292316E-03  0.28112940E-03  0.28112940E-03
 0.47800971E+02  0.56396118E-03  0.56396118E-03  0.28666091E-03  0.28666091E-03
 0.47891675E+02  0.55501171E-03  0.55501171E-03  0.29043994E-03  0.29043994E-03
 0.47982379E+02  0.54640912E-03  0.54640912E-03  0.29262244E-03  0.29262244E-03
 0.48073083E+02  0.53841758E-03  0.53841758E-03  0.29342927E-03  0.29342927E-03
 0.48163788E+02  0.53122017E-03  0.53122017E-03  0.29311909E-03  0.29311909E-03
 0.48254492E+02  0.52491795E-03  0.52491795E-03  0.29196120E-03  0.29196120E-03
 0.48345196E+02  0.51953661E-03  0.51953661E-03  0.29021123E-03  0.29021123E-03
 0.48435900E+02  0.51503989E-03  0.51503989E-03  0.28809158E-03  0.28809158E-03
 0.48526604E+02  0.51134696E-03  0.51134696E-03  0.28577738E-03  0.28577738E-03
 0.48617308E+02  0.50835320E-03  0.50835320E-03  0.28338907E-03  0.28338907E-03
 0.48708013E+02  0.50595154E-03  0.50595154E-03  0.28099186E-03  0.28099186E-03
 0.48798717E+02  0.50405269E-03  0.50405269E-03  0.27860290E-03  0.27860290E-03
 0.48889421E+02  0.50260156E-03  0.50260156E-03  0.27620471E-03  0.27620471E-03
 0.48980125E+02  0.50158758E-03  0.50158758E-03  0.27376440E-03  0.27376440E-03
 0.49070829E+02  0.50104734E-03  0.50104734E-03  0.27125538E-03  0.27125538E-03
 0.49161533E+02  0.50105862E-03  0.50105862E-03  0.26867894E-03  0.26867894E-03
 0.49252237E+02  0.50172664E-03  0.50172664E-03  0.26608262E-03  0.26608262E-03
 0.49342942E+02  0.50316382E-03  0.50316382E-03  0.26357304E-03  0.26357304E-03
 0.49433646E+02  0.50546576E-03  0.50546576E-03  0.26132115E-03  0.26132115E-03
 0.49524350E+02  0.50868477E-03  0.50868477E-03  0.25955932E-03  0.25955932E-03
 0.49615054E+02  0.51280403E-03  0.51280403E-03  0.25856960E-03  0.25856960E-03
 0.49705758E+02  0.51771386E-03  0.51771386E-03  0.25866255E-03  0.25866255E-03
 0.49796462E+02  0.52319353E-03  0.52319353E-03  0.26014650E-03  0.26014650E-03
 0.49887167E+02  0.52890272E-03  0.52890272E-03  0.26328662E-03  0.26328662E-03
 0.49977871E+02  0.53438750E-03  0.53438750E-03  0.26825742E-03  0.26825742E-03
 0.50068575E+02  0.53910722E-03  0.53910722E-03  0.27509293E-03  0.27509293E-03
 0.50159279E+02  0.54248448E-03  0.54248448E-03  0.28364479E-03  0.28364479E-03
 0.50249983E+02  0.54397725E-03  0.54397725E-03  0.29356159E-03  0.29356159E-03
 0.50340687E+02  0.54316162E-03  0.54316162E-03  0.30430088E-03  0.30430088E-03
 0.50431392E+02  0.53980774E-03  0.53980774E-03  0.31518053E-03  0.31518053E-03
 0.50522096E+02  0.53392808E-03  0.53392808E-03  0.32546315E-03  0.32546315E-03
 0.50612800E+02  0.52578251E-03  0.52578251E-03  0.33445566E-03  0.33445566E-03
 0.50703504E+02  0.51583876E-03  0.51583876E-03  0.34160006E-03  0.34160006E-03
 0.50794208E+02  0.50469922E-03  0.50469922E-03  0.34653454E-03  0.34653454E-03
 0.50884913E+02  0.49301523E-03  0.49301523E-03  0.34911502E-03  0.34911502E-03
 0.50975617E+02  0.48140896E-03  0.48140896E-03  0.34940053E-03  0.34940053E-03
 0.51066321E+02  0.47041540E-03  0.47041540E-03  0.34761371E-03  0.34761371E-03
 0.51157025E+02  0.46044941E-03  0.46044941E-03  0.34409168E-03  0.34409168E-03
 0.51247729E+02  0.45179331E-03  0.45179331E-03  0.33923683E-03  0.33923683E-03
 0.51338433E+02  0.44459979E-03  0.44459979E-03  0.33347604E-03  0.33347604E-03
 0.51429138E+02  0.44054088E-03  0.43890272E-03  0.32591437E-03  0.32722781E-03
 0.51519842E+02  0.43777979E-03  0.43463172E-03  0.31894614E-03  0.32087716E-03
 0.51610546E+02  0.43460722E-03  0.43162801E-03  0.31340494E-03  0.31475669E-03
 0.51701250E+02  0.43486888E-03  0.42966168E-03  0.30718269E-03  0.30912917E-03
 0.51791954E+02  0.43408996E-03  0.42845139E-03  0.30239731E-03  0.30417433E-03
 0.51882658E+02  0.43346086E-03  0.42768792E-03  0.29821688E-03  0.29997744E-03
 0.51973363E+02  0.43202229E-03  0.42706187E-03  0.29486007E-03  0.29652475E-03
 0.52064067E+02  0.43214648E-03  0.42629435E-03  0.29105317E-03  0.29370647E-03
 0.52154771E+02  0.43128647E-03  0.42516651E-03  0.28777647E-03  0.29133142E-03
 0.52245475E+02  0.43031885E-03  0.42354372E-03  0.28450670E-03  0.28915209E-03
 0.52336179E+02  0.42856237E-03  0.42138868E-03  0.28157145E-03  0.28689775E-03
 0.52426883E+02  0.42840659E-03  0.41876055E-03  0.27755083E-03  0.28431060E-03
 0.52517588E+02  0.42755518E-03  0.41580106E-03  0.27380982E-03  0.28117726E-03
 0.52608292E+02  0.42601698E-03  0.41270978E-03  0.27021197E-03  0.27735217E-03
 0.52698996E+02  0.42561140E-03  0.40971494E-03  0.26602978E-03  0.27276798E-03
 0.52789700E+02  0.42668683E-03  0.40704470E-03  0.26148566E-03  0.26743538E-03
 0.52880404E+02  0.42706270E-03  0.40490311E-03  0.25718685E-03  0.26143272E-03
 0.52971108E+02  0.42682625E-03  0.40345305E-03  0.25288653E-03  0.25489065E-03
 0.53061813E+02  0.42801124E-03  0.40280552E-03  0.24853754E-03  0.24797377E-03
 0.53152517E+02  0.42960232E-03  0.40301615E-03  0.24429827E-03  0.24086194E-03
 0.53243221E+02  0.43177241E-03  0.40408604E-03  0.24027274E-03  0.23373311E-03
 0.53333925E+02  0.43410707E-03  0.40596756E-03  0.23641113E-03  0.22674718E-03
 0.53424629E+02  0.43676594E-03  0.40857340E-03  0.23277821E-03  0.22003295E-03
 0.53515333E+02  0.43886700E-03  0.41178965E-03  0.22888372E-03  0.21367748E-03
 0.53606037E+02  0.44313023E-03  0.41549143E-03  0.22641872E-03  0.20771995E-03
 0.53696742E+02  0.44658655E-03  0.41956077E-03  0.22360197E-03  0.20215034E-03
 0.53787446E+02  0.45026302E-03  0.42390493E-03  0.22107453E-03  0.19691512E-03
 0.53878150E+02  0.45352373E-03  0.42847186E-03  0.21810476E-03  0.19192867E-03
 0.53968854E+02  0.45765388E-03  0.43326195E-03  0.21614608E-03  0.18709154E-03
 0.54059558E+02  0.46257957E-03  0.43833126E-03  0.21559903E-03  0.18231152E-03
 0.54150263E+02  0.46653405E-03  0.44378823E-03  0.21351433E-03  0.17752630E-03
 0.54240967E+02  0.47109662E-03  0.44978085E-03  0.21263864E-03  0.17272311E-03
 0.54331671E+02  0.47575468E-03  0.45647870E-03  0.21215832E-03  0.16795428E-03
 0.54422375E+02  0.48052673E-03  0.46404910E-03  0.21241288E-03  0.16334582E-03
 0.54513079E+02  0.48522995E-03  0.47263184E-03  0.21279032E-03  0.15909898E-03
 0.54603783E+02  0.48989754E-03  0.48231201E-03  0.21360224E-03  0.15548408E-03
 0.54694488E+02  0.49458602E-03  0.49309397E-03  0.21388243E-03  0.15282590E-03
 0.54785192E+02  0.49911470E-03  0.50487758E-03  0.21557654E-03  0.15148060E-03
 0.54875896E+02  0.50304917E-03  0.51743944E-03  0.21893763E-03  0.15180125E-03
 0.54966600E+02  0.50738085E-03  0.53042499E-03  0.22051496E-03  0.15409470E-03
 0.55057304E+02  0.51113557E-03  0.54335641E-03  0.22333267E-03  0.15856811E-03
 0.55148008E+02  0.51456513E-03  0.55566344E-03  0.22643923E-03  0.16527678E-03
 0.55238713E+02  0.51820521E-03  0.56674054E-03  0.22909151E-03  0.17407933E-03
 0.55329417E+02  0.52010407E-03  0.57602693E-03  0.23358077E-03  0.18461967E-03
 0.55420121E+02  0.52243903E-03  0.58309612E-03  0.23721585E-03  0.19634511E-03
 0.55510825E+02  0.52506895E-03  0.58773489E-03  0.24045582E-03  0.20856813E-03
 0.55601529E+02  0.52672094E-03  0.58998864E-03  0.24428411E-03  0.22056121E-03
 0.55692233E+02  0.52804338E-03  0.59015960E-03  0.24811649E-03  0.23166511E-03
 0.55782938E+02  0.52872772E-03  0.58875698E-03  0.25206846E-03  0.24138444E-03
 0.55873642E+02  0.52945136E-03  0.58641395E-03  0.25580740E-03  0.24944853E-03
 0.55964346E+02  0.52991107E-03  0.58379235E-03  0.25948676E-03  0.25583291E-03
 0.56055050E+02  0.53077746E-03  0.58149593E-03  0.26295903E-03  0.26074104E-03
 0.56145754E+02  0.53074368E-03  0.58000118E-03  0.26653382E-03  0.26456281E-03
 0.56236458E+02  0.53112383E-03  0.57961170E-03  0.26997289E-03  0.26781679E-03
 0.56327163E+02  0.52966666E-03  0.58043116E-03  0.27340419E-03  0.27108972E-03
 0.56417867E+02  0.52898171E-03  0.58235294E-03  0.27665516E-03  0.27497261E-03
 0.56508571E+02  0.52867207E-03  0.58506467E-03  0.27986356E-03  0.27999632E-03
 0.56599275E+02  0.52755770E-03  0.58806927E-03  0.28289019E-03  0.28656497E-03
 0.56689979E+02  0.52624922E-03  0.59072928E-03  0.28575632E-03  0.29489270E-03
 0.56780683E+02  0.52445318E-03  0.59233557E-03  0.28832133E-03  0.30495254E-03
 0.56871388E+02  0.52281051E-03  0.59220206E-03  0.29078121E-03  0.31645128E-03
 0.56962092E+02  0.52145012E-03  0.58977043E-03  0.29328174E-03  0.32884604E-03
 0.57052796E+02  0.51949793E-03  0.58470590E-03  0.29530607E-03  0.34140798E-03
 0.57143500E+02  0.51744968E-03  0.57695607E-03  0.29707117E-03  0.35332680E-03
 0.57234204E+02  0.51563158E-03  0.56675687E-03  0.29889551E-03  0.36383151E-03
 0.57324908E+02  0.51302658E-03  0.55458280E-03  0.29955771E-03  0.37229842E-03
 0.57415613E+02  0.51091456E-03  0.54105906E-03  0.30049001E-03  0.37831926E-03
 0.57506317E+02  0.50898512E-03  0.52686124E-03  0.30148444E-03  0.38172182E-03
 0.57597021E+02  0.50693142E-03  0.51262701E-03  0.30187244E-03  0.38254633E-03
 0.57687725E+02  0.50503180E-03  0.49889636E-03  0.30232389E-03  0.38099562E-03
 0.57778429E+02  0.50316631E-03  0.48608144E-03  0.30219706E-03  0.37737484E-03
 0.57869133E+02  0.50150996E-03  0.47446350E-03  0.30137102E-03  0.37203610E-03
 0.57959837E+02  0.49998193E-03  0.46420628E-03  0.30110972E-03  0.36533465E-03
 0.58050542E+02  0.49867760E-03  0.45537995E-03  0.30040401E-03  0.35759929E-03
 0.58141246E+02  0.49745612E-03  0.44798694E-03  0.29973749E-03  0.34911549E-03
 0.58231950E+02  0.49655795E-03  0.44198752E-03  0.29872643E-03  0.34011946E-03
 0.58322654E+02  0.49589075E-03  0.43732110E-03  0.29761702E-03  0.33080095E-03
 0.58413358E+02  0.49560707E-03  0.43392253E-03  0.29637007E-03  0.32131145E-03
 0.58504063E+02  0.49542168E-03  0.43173215E-03  0.29516686E-03  0.31177603E-03
 0.58594767E+02  0.49526497E-03  0.43069989E-03  0.29394230E-03  0.30230649E-03
 0.58685471E+02  0.49553732E-03  0.43078351E-03  0.29266923E-03  0.29301377E-03
 0.58776175E+02  0.49603770E-03  0.43194029E-03  0.29140927E-03  0.28401816E-03
 0.58866879E+02  0.49654910E-03  0.43411534E-03  0.29007845E-03  0.27545426E-03
 0.58957583E+02  0.49787729E-03  0.43722717E-03  0.28911578E-03  0.26746971E-03
 0.59048288E+02  0.49882712E-03  0.44115308E-03  0.28785432E-03  0.26021641E-03
 0.59138992E+02  0.50018363E-03  0.44571778E-03  0.28680317E-03  0.25383469E-03
 0.59229696E+02  0.50173766E-03  0.45068828E-03  0.28583787E-03  0.24842961E-03
 0.59320400E+02  0.50331523E-03  0.45577965E-03  0.28470639E-03  0.24404239E-03
 0.59411104E+02  0.50526223E-03  0.46067486E-03  0.28391703E-03  0.24062261E-03
 0.59501808E+02  0.50752359E-03  0.46505956E-03  0.28355157E-03  0.23800687E-03
 0.59592513E+02  0.50981770E-03  0.46866721E-03  0.28304237E-03  0.23591399E-03
 0.59683217E+02  0.51218311E-03  0.47132884E-03  0.28229714E-03  0.23396050E-03
 0.59773921E+02  0.51483959E-03  0.47301436E-03  0.28205832E-03  0.23169975E-03
 0.59864625E+02  0.51766134E-03  0.47385455E-03  0.28198757E-03  0.22867764E-03
 0.59955329E+02  0.52060750E-03  0.47413534E-03  0.28164126E-03  0.22449455E-03
 0.60046033E+02  0.52376994E-03  0.47426775E-03  0.28192770E-03  0.21885746E-03
 0.60136738E+02  0.52705571E-03  0.47474089E-03  0.28294821E-03  0.21161295E-03
 0.60227442E+02  0.53046767E-03  0.47606989E-03  0.28370964E-03  0.20275862E-03
 0.60318146E+02  0.53409261E-03  0.47874992E-03  0.28417163E-03  0.19243417E-03
 0.60408850E+02  0.53777031E-03  0.48321985E-03  0.28542944E-03  0.18090083E-03
 0.60499554E+02  0.54153958E-03  0.48984020E-03  0.28697038E-03  0.16851512E-03
 0.60590258E+02  0.54558915E-03  0.49887941E-03  0.28821466E-03  0.15570347E-03
 0.60680962E+02  0.54898772E-03  0.51050751E-03  0.29162251E-03  0.14293845E-03
 0.60771667E+02  0.55314981E-03  0.52479102E-03  0.29350982E-03  0.13071734E-03
 0.60862371E+02  0.55705045E-03  0.54169204E-03  0.29633041E-03  0.11953923E-03
 0.60953075E+02  0.56131443E-03  0.56107102E-03  0.29888500E-03  0.10988114E-03
 0.61043779E+02  0.56516513E-03  0.58269694E-03  0.30239992E-03  0.10217213E-03
 0.61134483E+02  0.56891992E-03  0.60626688E-03  0.30626325E-03  0.96770352E-04
 0.61225188E+02  0.57308933E-03  0.63143711E-03  0.30989624E-03  0.93947290E-04
 0.61315892E+02  0.57531079E-03  0.65786244E-03  0.31566586E-03  0.93889030E-04
 0.61406596E+02  0.57915541E-03  0.68523202E-03  0.31999251E-03  0.96718677E-04
 0.61497300E+02  0.58218513E-03  0.71329125E-03  0.32517453E-03  0.10254046E-03
 0.61588004E+02  0.58568226E-03  0.74183241E-03  0.33018458E-03  0.11149543E-03
 0.61678708E+02  0.58821394E-03  0.77065108E-03  0.33596213E-03  0.12381161E-03
 0.61769412E+02  0.59123529E-03  0.79946694E-03  0.34159650E-03  0.13982743E-03
 0.61860117E+02  0.59315937E-03  0.82782642E-03  0.34787940E-03  0.15996751E-03
 0.61950821E+02  0.59365479E-03  0.85501087E-03  0.35472268E-03  0.18465612E-03
 0.62041525E+02  0.59483015E-03  0.87998959E-03  0.36128731E-03  0.21416948E-03
 0.62132229E+02  0.59563945E-03  0.90145595E-03  0.36796937E-03  0.24845129E-03
 0.62222933E+02  0.59697508E-03  0.91797259E-03  0.37459016E-03  0.28693701E-03
 0.62313638E+02  0.59704621E-03  0.92822418E-03  0.38145794E-03  0.32845984E-03
 0.62404342E+02  0.59765793E-03  0.93132112E-03  0.38829679E-03  0.37130281E-03
 0.62495046E+02  0.59698569E-03  0.92706013E-03  0.39521915E-03  0.41342460E-03
 0.62585750E+02  0.59686626E-03  0.91603333E-03  0.40214695E-03  0.45280873E-03
 0.62676454E+02  0.59334770E-03  0.89953775E-03  0.40877570E-03  0.48782788E-03
 0.62767158E+02  0.59252763E-03  0.87931283E-03  0.41556593E-03  0.51750207E-03
 0.62857863E+02  0.59049766E-03  0.85720589E-03  0.42214385E-03  0.54158424E-03
 0.62948567E+02  0.58902970E-03  0.83486555E-03  0.42880565E-03  0.56048198E-03
 0.63039271E+02  0.58641024E-03  0.81353337E-03  0.43513267E-03  0.57506967E-03
 0.63129975E+02  0.58435395E-03  0.79394776E-03  0.44158409E-03  0.58646290E-03
 0.63220679E+02  0.58121871E-03  0.77634393E-03  0.44759853E-03  0.59580226E-03
 0.63311383E+02  0.57598405E-03  0.76052377E-03  0.45257345E-03  0.60407401E-03
 0.63402088E+02  0.57322889E-03  0.74597496E-03  0.45851521E-03  0.61197381E-03
 0.63492792E+02  0.56953183E-03  0.73202598E-03  0.46392002E-03  0.61982590E-03
 0.63583496E+02  0.56636702E-03  0.71802150E-03  0.46954940E-03  0.62756486E-03
 0.63674200E+02  0.56233891E-03  0.70349245E-03  0.47458802E-03  0.63479486E-03
 0.63764904E+02  0.55882618E-03  0.68828331E-03  0.47988899E-03  0.64091960E-03
 0.63855608E+02  0.55452536E-03  0.67260657E-03  0.48455983E-03  0.64531560E-03
 0.63946313E+02  0.55071847E-03  0.65700782E-03  0.48952815E-03  0.64750942E-03
 0.64037017E+02  0.54472715E-03  0.64225740E-03  0.49257120E-03  0.64730889E-03
 0.64127721E+02  0.54072019E-03  0.62920514E-03  0.49717188E-03  0.64486782E-03
 0.64218425E+02  0.53606261E-03  0.61863795E-03  0.50110195E-03  0.64068336E-03
 0.64309129E+02  0.53183977E-03  0.61116131E-03  0.50538495E-03  0.63554850E-03
 0.64399833E+02  0.52702338E-03  0.60711135E-03  0.50898024E-03  0.63048022E-03
 0.64490538E+02  0.52261144E-03  0.60648550E-03  0.51295096E-03  0.62663671E-03
 0.64581242E+02  0.51765860E-03  0.60888275E-03  0.51621911E-03  0.62521783E-03
 0.64671946E+02  0.51307848E-03  0.61345925E-03  0.51988062E-03  0.62733326E-03
 0.64762650E+02  0.50694122E-03  0.61891940E-03  0.52133340E-03  0.63382579E-03
 0.64853354E+02  0.50225970E-03  0.62359060E-03  0.52466157E-03  0.64505375E-03
 0.64944058E+02  0.49714000E-03  0.62562649E-03  0.52726709E-03  0.66068527E-03
 0.65034762E+02  0.49232767E-03  0.62334625E-03  0.53028503E-03  0.67959772E-03
 0.65125467E+02  0.48712695E-03  0.61563276E-03  0.53256857E-03  0.69998314E-03
 0.65216171E+02  0.48220401E-03  0.60224067E-03  0.53527111E-03  0.71968683E-03
 0.65306875E+02  0.47694382E-03  0.58386323E-03  0.53722984E-03  0.73668234E-03
 0.65397579E+02  0.47193306E-03  0.56192065E-03  0.53961171E-03  0.74949635E-03
 0.65488283E+02  0.46597475E-03  0.53817707E-03  0.53962981E-03  0.75742591E-03
 0.65578988E+02  0.46095280E-03  0.51434892E-03  0.54167807E-03  0.76051500E-03
 0.65669692E+02  0.45569915E-03  0.49183842E-03  0.54298358E-03  0.75936627E-03
 0.65760396E+02  0.45064113E-03  0.47161770E-03  0.54471159E-03  0.75490488E-03
 0.65851100E+02  0.44540269E-03  0.45423118E-03  0.54570035E-03  0.74817534E-03
 0.65941804E+02  0.44033478E-03  0.43985721E-03  0.54711124E-03  0.74020047E-03
 0.66032508E+02  0.43513619E-03  0.42838627E-03  0.54779100E-03  0.73189955E-03
 0.66123212E+02  0.43008351E-03  0.41949113E-03  0.54889099E-03  0.72404288E-03
 0.66213917E+02  0.42494743E-03  0.41268642E-03  0.54927191E-03  0.71722629E-03
 0.66304621E+02  0.41971859E-03  0.40738236E-03  0.54846608E-03  0.71185186E-03
 0.66395325E+02  0.41471181E-03  0.40294016E-03  0.54857348E-03  0.70811504E-03
 0.66486029E+02  0.40980335E-03  0.39873519E-03  0.54908899E-03  0.70600424E-03
 0.66576733E+02  0.40489598E-03  0.39422135E-03  0.54892512E-03  0.70532127E-03
 0.66667438E+02  0.40006442E-03  0.38898710E-03  0.54916267E-03  0.70572693E-03
 0.66758142E+02  0.39527295E-03  0.38278796E-03  0.54874025E-03  0.70680730E-03
 0.66848846E+02  0.39053598E-03  0.37554594E-03  0.54871081E-03  0.70814575E-03
 0.66939550E+02  0.38587587E-03  0.36731768E-03  0.54804262E-03  0.70938246E-03
 0.67030254E+02  0.38137782E-03  0.35824337E-03  0.54627726E-03  0.71024820E-03
 0.67120958E+02  0.37690174E-03  0.34849471E-03  0.54540015E-03  0.71056752E-03
 0.67211663E+02  0.37244253E-03  0.33823491E-03  0.54489176E-03  0.71023924E-03
 0.67302367E+02  0.36812471E-03  0.32759999E-03  0.54379775E-03  0.70920681E-03
 0.67393071E+02  0.36380699E-03  0.31669873E-03  0.54306047E-03  0.70742933E-03
 0.67483775E+02  0.35966128E-03  0.30562701E-03  0.54176407E-03  0.70486380E-03
 0.67574479E+02  0.35550045E-03  0.29448552E-03  0.54081153E-03  0.70146130E-03
 0.67665183E+02  0.35154018E-03  0.28339437E-03  0.53932836E-03  0.69717562E-03
 0.67755888E+02  0.34755107E-03  0.27249723E-03  0.53817573E-03  0.69197794E-03
 0.67846592E+02  0.34421890E-03  0.26195622E-03  0.53527935E-03  0.68587244E-03
 0.67937296E+02  0.34044447E-03  0.25193839E-03  0.53397380E-03  0.67890583E-03
 0.68028000E+02  0.33691492E-03  0.24259928E-03  0.53220409E-03  0.67116909E-03
