#   iter=  100   gam= 0.69823715E-02   kpref= 0.96964203E-03
     #   Energy           Spect        Spect(0)            SPKK         SPKK(0)
-0.40817000E+02  0.28504359E-05  0.28504359E-05 -0.62383049E-03 -0.62383049E-03
-0.40726296E+02  0.28630956E-05  0.28630956E-05 -0.62519422E-03 -0.62519422E-03
-0.40635592E+02  0.28758410E-05  0.28758410E-05 -0.62656402E-03 -0.62656402E-03
-0.40544887E+02  0.28886726E-05  0.28886726E-05 -0.62793992E-03 -0.62793992E-03
-0.40454183E+02  0.29015911E-05  0.29015911E-05 -0.62932192E-03 -0.62932192E-03
-0.40363479E+02  0.29145979E-05  0.29145979E-05 -0.63071016E-03 -0.63071016E-03
-0.40272775E+02  0.29276935E-05  0.29276935E-05 -0.63210463E-03 -0.63210463E-03
-0.40182071E+02  0.29408787E-05  0.29408787E-05 -0.63350536E-03 -0.63350536E-03
-0.40091367E+02  0.29541544E-05  0.29541544E-05 -0.63491242E-03 -0.63491242E-03
-0.40000662E+02  0.29675213E-05  0.29675213E-05 -0.63632583E-03 -0.63632583E-03
-0.39909958E+02  0.29809803E-05  0.29809803E-05 -0.63774565E-03 -0.63774565E-03
-0.39819254E+02  0.29945324E-05  0.29945324E-05 -0.63917191E-03 -0.63917191E-03
-0.39728550E+02  0.30081782E-05  0.30081782E-05 -0.64060466E-03 -0.64060466E-03
-0.39637846E+02  0.30219183E-05  0.30219183E-05 -0.64204390E-03 -0.64204390E-03
-0.39547142E+02  0.30357545E-05  0.30357545E-05 -0.64348978E-03 -0.64348978E-03
-0.39456437E+02  0.30496871E-05  0.30496871E-05 -0.64494228E-03 -0.64494228E-03
-0.39365733E+02  0.30637172E-05  0.30637172E-05 -0.64640145E-03 -0.64640145E-03
-0.39275029E+02  0.30778457E-05  0.30778457E-05 -0.64786734E-03 -0.64786734E-03
-0.39184325E+02  0.30920734E-05  0.30920734E-05 -0.64934001E-03 -0.64934001E-03
-0.39093621E+02  0.31064013E-05  0.31064013E-05 -0.65081948E-03 -0.65081948E-03
-0.39002917E+02  0.31208304E-05  0.31208304E-05 -0.65230583E-03 -0.65230583E-03
-0.38912212E+02  0.31353616E-05  0.31353616E-05 -0.65379908E-03 -0.65379908E-03
-0.38821508E+02  0.31499954E-05  0.31499954E-05 -0.65529924E-03 -0.65529924E-03
-0.38730804E+02  0.31647339E-05  0.31647339E-05 -0.65680646E-03 -0.65680646E-03
-0.38640100E+02  0.31795774E-05  0.31795774E-05 -0.65832075E-03 -0.65832075E-03
-0.38549396E+02  0.31945270E-05  0.31945270E-05 -0.65984214E-03 -0.65984214E-03
-0.38458692E+02  0.32095838E-05  0.32095838E-05 -0.66137070E-03 -0.66137070E-03
-0.38367987E+02  0.32247488E-05  0.32247488E-05 -0.66290647E-03 -0.66290647E-03
-0.38277283E+02  0.32400230E-05  0.32400230E-05 -0.66444950E-03 -0.66444950E-03
-0.38186579E+02  0.32554075E-05  0.32554075E-05 -0.66599986E-03 -0.66599986E-03
-0.38095875E+02  0.32709034E-05  0.32709034E-05 -0.66755758E-03 -0.66755758E-03
-0.38005171E+02  0.32865112E-05  0.32865112E-05 -0.66912267E-03 -0.66912267E-03
-0.37914467E+02  0.33022331E-05  0.33022331E-05 -0.67069529E-03 -0.67069529E-03
-0.37823762E+02  0.33180696E-05  0.33180696E-05 -0.67227545E-03 -0.67227545E-03
-0.37733058E+02  0.33340220E-05  0.33340220E-05 -0.67386319E-03 -0.67386319E-03
-0.37642354E+02  0.33500914E-05  0.33500914E-05 -0.67545858E-03 -0.67545858E-03
-0.37551650E+02  0.33662789E-05  0.33662789E-05 -0.67706166E-03 -0.67706166E-03
-0.37460946E+02  0.33825857E-05  0.33825857E-05 -0.67867250E-03 -0.67867250E-03
-0.37370242E+02  0.33990130E-05  0.33990130E-05 -0.68029115E-03 -0.68029115E-03
-0.37279537E+02  0.34155619E-05  0.34155619E-05 -0.68191767E-03 -0.68191767E-03
-0.37188833E+02  0.34322332E-05  0.34322332E-05 -0.68355207E-03 -0.68355207E-03
-0.37098129E+02  0.34490293E-05  0.34490293E-05 -0.68519451E-03 -0.68519451E-03
-0.37007425E+02  0.34659507E-05  0.34659507E-05 -0.68684499E-03 -0.68684499E-03
-0.36916721E+02  0.34829988E-05  0.34829988E-05 -0.68850358E-03 -0.68850358E-03
-0.36826017E+02  0.35001749E-05  0.35001749E-05 -0.69017035E-03 -0.69017035E-03
-0.36735312E+02  0.35174802E-05  0.35174802E-05 -0.69184534E-03 -0.69184534E-03
-0.36644608E+02  0.35349160E-05  0.35349160E-05 -0.69352862E-03 -0.69352862E-03
-0.36553904E+02  0.35524838E-05  0.35524838E-05 -0.69522026E-03 -0.69522026E-03
-0.36463200E+02  0.35701848E-05  0.35701848E-05 -0.69692031E-03 -0.69692031E-03
-0.36372496E+02  0.35880198E-05  0.35880198E-05 -0.69862879E-03 -0.69862879E-03
-0.36281792E+02  0.36059915E-05  0.36059915E-05 -0.70034587E-03 -0.70034587E-03
-0.36191087E+02  0.36241006E-05  0.36241006E-05 -0.70207156E-03 -0.70207156E-03
-0.36100383E+02  0.36423485E-05  0.36423485E-05 -0.70380593E-03 -0.70380593E-03
-0.36009679E+02  0.36607366E-05  0.36607366E-05 -0.70554905E-03 -0.70554905E-03
-0.35918975E+02  0.36792666E-05  0.36792666E-05 -0.70730097E-03 -0.70730097E-03
-0.35828271E+02  0.36979397E-05  0.36979397E-05 -0.70906178E-03 -0.70906178E-03
-0.35737567E+02  0.37167575E-05  0.37167575E-05 -0.71083153E-03 -0.71083153E-03
-0.35646862E+02  0.37357216E-05  0.37357216E-05 -0.71261030E-03 -0.71261030E-03
-0.35556158E+02  0.37548328E-05  0.37548328E-05 -0.71439809E-03 -0.71439809E-03
-0.35465454E+02  0.37740940E-05  0.37740940E-05 -0.71619510E-03 -0.71619510E-03
-0.35374750E+02  0.37935061E-05  0.37935061E-05 -0.71800135E-03 -0.71800135E-03
-0.35284046E+02  0.38130707E-05  0.38130707E-05 -0.71981690E-03 -0.71981690E-03
-0.35193342E+02  0.38327895E-05  0.38327895E-05 -0.72164182E-03 -0.72164182E-03
-0.35102638E+02  0.38526640E-05  0.38526640E-05 -0.72347619E-03 -0.72347619E-03
-0.35011933E+02  0.38726960E-05  0.38726960E-05 -0.72532009E-03 -0.72532009E-03
-0.34921229E+02  0.38928872E-05  0.38928872E-05 -0.72717359E-03 -0.72717359E-03
-0.34830525E+02  0.39132392E-05  0.39132392E-05 -0.72903676E-03 -0.72903676E-03
-0.34739821E+02  0.39337531E-05  0.39337531E-05 -0.73090962E-03 -0.73090962E-03
-0.34649117E+02  0.39544320E-05  0.39544320E-05 -0.73279237E-03 -0.73279237E-03
-0.34558413E+02  0.39752771E-05  0.39752771E-05 -0.73468504E-03 -0.73468504E-03
-0.34467708E+02  0.39962902E-05  0.39962902E-05 -0.73658770E-03 -0.73658770E-03
-0.34377004E+02  0.40174730E-05  0.40174730E-05 -0.73850043E-03 -0.73850043E-03
-0.34286300E+02  0.40388275E-05  0.40388275E-05 -0.74042331E-03 -0.74042331E-03
-0.34195596E+02  0.40603555E-05  0.40603555E-05 -0.74235642E-03 -0.74235642E-03
-0.34104892E+02  0.40820589E-05  0.40820589E-05 -0.74429985E-03 -0.74429985E-03
-0.34014187E+02  0.41039398E-05  0.41039398E-05 -0.74625369E-03 -0.74625369E-03
-0.33923483E+02  0.41259992E-05  0.41259992E-05 -0.74821794E-03 -0.74821794E-03
-0.33832779E+02  0.41482407E-05  0.41482407E-05 -0.75019284E-03 -0.75019284E-03
-0.33742075E+02  0.41706656E-05  0.41706656E-05 -0.75217839E-03 -0.75217839E-03
-0.33651371E+02  0.41932759E-05  0.41932759E-05 -0.75417469E-03 -0.75417469E-03
-0.33560667E+02  0.42160737E-05  0.42160737E-05 -0.75618183E-03 -0.75618183E-03
-0.33469962E+02  0.42390611E-05  0.42390611E-05 -0.75819990E-03 -0.75819990E-03
-0.33379258E+02  0.42622402E-05  0.42622402E-05 -0.76022899E-03 -0.76022899E-03
-0.33288554E+02  0.42856133E-05  0.42856133E-05 -0.76226918E-03 -0.76226918E-03
-0.33197850E+02  0.43091816E-05  0.43091816E-05 -0.76432051E-03 -0.76432051E-03
-0.33107146E+02  0.43329491E-05  0.43329491E-05 -0.76638320E-03 -0.76638320E-03
-0.33016442E+02  0.43569172E-05  0.43569172E-05 -0.76845729E-03 -0.76845729E-03
-0.32925737E+02  0.43810883E-05  0.43810883E-05 -0.77054287E-03 -0.77054287E-03
-0.32835033E+02  0.44054645E-05  0.44054645E-05 -0.77264003E-03 -0.77264003E-03
-0.32744329E+02  0.44300484E-05  0.44300484E-05 -0.77474888E-03 -0.77474888E-03
-0.32653625E+02  0.44548423E-05  0.44548423E-05 -0.77686951E-03 -0.77686951E-03
-0.32562921E+02  0.44798486E-05  0.44798486E-05 -0.77900203E-03 -0.77900203E-03
-0.32472217E+02  0.45050698E-05  0.45050698E-05 -0.78114654E-03 -0.78114654E-03
-0.32381512E+02  0.45305076E-05  0.45305076E-05 -0.78330306E-03 -0.78330306E-03
-0.32290808E+02  0.45561662E-05  0.45561662E-05 -0.78547185E-03 -0.78547185E-03
-0.32200104E+02  0.45820473E-05  0.45820473E-05 -0.78765294E-03 -0.78765294E-03
-0.32109400E+02  0.46081537E-05  0.46081537E-05 -0.78984644E-03 -0.78984644E-03
-0.32018696E+02  0.46344878E-05  0.46344878E-05 -0.79205245E-03 -0.79205245E-03
-0.31927992E+02  0.46610525E-05  0.46610525E-05 -0.79427109E-03 -0.79427109E-03
-0.31837287E+02  0.46878504E-05  0.46878504E-05 -0.79650246E-03 -0.79650246E-03
-0.31746583E+02  0.47148844E-05  0.47148844E-05 -0.79874668E-03 -0.79874668E-03
-0.31655879E+02  0.47421573E-05  0.47421573E-05 -0.80100386E-03 -0.80100386E-03
-0.31565175E+02  0.47696710E-05  0.47696710E-05 -0.80327404E-03 -0.80327404E-03
-0.31474471E+02  0.47974302E-05  0.47974302E-05 -0.80555749E-03 -0.80555749E-03
-0.31383767E+02  0.48254371E-05  0.48254371E-05 -0.80785425E-03 -0.80785425E-03
-0.31293062E+02  0.48536946E-05  0.48536946E-05 -0.81016443E-03 -0.81016443E-03
-0.31202358E+02  0.48822058E-05  0.48822058E-05 -0.81248817E-03 -0.81248817E-03
-0.31111654E+02  0.49109737E-05  0.49109737E-05 -0.81482557E-03 -0.81482557E-03
-0.31020950E+02  0.49400015E-05  0.49400015E-05 -0.81717677E-03 -0.81717677E-03
-0.30930246E+02  0.49692924E-05  0.49692924E-05 -0.81954188E-03 -0.81954188E-03
-0.30839542E+02  0.49988495E-05  0.49988495E-05 -0.82192104E-03 -0.82192104E-03
-0.30748837E+02  0.50286754E-05  0.50286754E-05 -0.82431428E-03 -0.82431428E-03
-0.30658133E+02  0.50587752E-05  0.50587752E-05 -0.82672192E-03 -0.82672192E-03
-0.30567429E+02  0.50891514E-05  0.50891514E-05 -0.82914398E-03 -0.82914398E-03
-0.30476725E+02  0.51198073E-05  0.51198073E-05 -0.83158061E-03 -0.83158061E-03
-0.30386021E+02  0.51507466E-05  0.51507466E-05 -0.83403195E-03 -0.83403195E-03
-0.30295317E+02  0.51819728E-05  0.51819728E-05 -0.83649811E-03 -0.83649811E-03
-0.30204612E+02  0.52134895E-05  0.52134895E-05 -0.83897925E-03 -0.83897925E-03
-0.30113908E+02  0.52453004E-05  0.52453004E-05 -0.84147551E-03 -0.84147551E-03
-0.30023204E+02  0.52774091E-05  0.52774091E-05 -0.84398701E-03 -0.84398701E-03
-0.29932500E+02  0.53098184E-05  0.53098184E-05 -0.84651383E-03 -0.84651383E-03
-0.29841796E+02  0.53425345E-05  0.53425345E-05 -0.84905628E-03 -0.84905628E-03
-0.29751092E+02  0.53755600E-05  0.53755600E-05 -0.85161442E-03 -0.85161442E-03
-0.29660387E+02  0.54088989E-05  0.54088989E-05 -0.85418839E-03 -0.85418839E-03
-0.29569683E+02  0.54425554E-05  0.54425554E-05 -0.85677836E-03 -0.85677836E-03
-0.29478979E+02  0.54765336E-05  0.54765336E-05 -0.85938446E-03 -0.85938446E-03
-0.29388275E+02  0.55108375E-05  0.55108375E-05 -0.86200686E-03 -0.86200686E-03
-0.29297571E+02  0.55454715E-05  0.55454715E-05 -0.86464572E-03 -0.86464572E-03
-0.29206867E+02  0.55804398E-05  0.55804398E-05 -0.86730118E-03 -0.86730118E-03
-0.29116162E+02  0.56157458E-05  0.56157458E-05 -0.86997332E-03 -0.86997332E-03
-0.29025458E+02  0.56513963E-05  0.56513963E-05 -0.87266249E-03 -0.87266249E-03
-0.28934754E+02  0.56873945E-05  0.56873945E-05 -0.87536875E-03 -0.87536875E-03
-0.28844050E+02  0.57237452E-05  0.57237452E-05 -0.87809229E-03 -0.87809229E-03
-0.28753346E+02  0.57604529E-05  0.57604529E-05 -0.88083326E-03 -0.88083326E-03
-0.28662642E+02  0.57975226E-05  0.57975226E-05 -0.88359183E-03 -0.88359183E-03
-0.28571937E+02  0.58349591E-05  0.58349591E-05 -0.88636819E-03 -0.88636819E-03
-0.28481233E+02  0.58727672E-05  0.58727672E-05 -0.88916250E-03 -0.88916250E-03
-0.28390529E+02  0.59109521E-05  0.59109521E-05 -0.89197494E-03 -0.89197494E-03
-0.28299825E+02  0.59495175E-05  0.59495175E-05 -0.89480561E-03 -0.89480561E-03
-0.28209121E+02  0.59884713E-05  0.59884713E-05 -0.89765488E-03 -0.89765488E-03
-0.28118417E+02  0.60278175E-05  0.60278175E-05 -0.90052283E-03 -0.90052283E-03
-0.28027712E+02  0.60675614E-05  0.60675614E-05 -0.90340965E-03 -0.90340965E-03
-0.27937008E+02  0.61077085E-05  0.61077085E-05 -0.90631554E-03 -0.90631554E-03
-0.27846304E+02  0.61482644E-05  0.61482644E-05 -0.90924069E-03 -0.90924069E-03
-0.27755600E+02  0.61892347E-05  0.61892347E-05 -0.91218529E-03 -0.91218529E-03
-0.27664896E+02  0.62306254E-05  0.62306254E-05 -0.91514955E-03 -0.91514955E-03
-0.27574192E+02  0.62724421E-05  0.62724421E-05 -0.91813367E-03 -0.91813367E-03
-0.27483487E+02  0.63146895E-05  0.63146895E-05 -0.92113774E-03 -0.92113774E-03
-0.27392783E+02  0.63573766E-05  0.63573766E-05 -0.92416219E-03 -0.92416219E-03
-0.27302079E+02  0.64005080E-05  0.64005080E-05 -0.92720712E-03 -0.92720712E-03
-0.27211375E+02  0.64440902E-05  0.64440902E-05 -0.93027274E-03 -0.93027274E-03
-0.27120671E+02  0.64881296E-05  0.64881296E-05 -0.93335927E-03 -0.93335927E-03
-0.27029967E+02  0.65326326E-05  0.65326326E-05 -0.93646693E-03 -0.93646693E-03
-0.26939262E+02  0.65776060E-05  0.65776060E-05 -0.93959594E-03 -0.93959594E-03
-0.26848558E+02  0.66230565E-05  0.66230565E-05 -0.94274654E-03 -0.94274654E-03
-0.26757854E+02  0.66689909E-05  0.66689909E-05 -0.94591893E-03 -0.94591893E-03
-0.26667150E+02  0.67154150E-05  0.67154150E-05 -0.94911326E-03 -0.94911326E-03
-0.26576446E+02  0.67623389E-05  0.67623389E-05 -0.95232998E-03 -0.95232998E-03
-0.26485742E+02  0.68097684E-05  0.68097684E-05 -0.95556921E-03 -0.95556921E-03
-0.26395037E+02  0.68577108E-05  0.68577108E-05 -0.95883121E-03 -0.95883121E-03
-0.26304333E+02  0.69061739E-05  0.69061739E-05 -0.96211621E-03 -0.96211621E-03
-0.26213629E+02  0.69551652E-05  0.69551652E-05 -0.96542446E-03 -0.96542446E-03
-0.26122925E+02  0.70046927E-05  0.70046927E-05 -0.96875623E-03 -0.96875623E-03
-0.26032221E+02  0.70547644E-05  0.70547644E-05 -0.97211176E-03 -0.97211176E-03
-0.25941517E+02  0.71053883E-05  0.71053883E-05 -0.97549132E-03 -0.97549132E-03
-0.25850812E+02  0.71565714E-05  0.71565714E-05 -0.97889506E-03 -0.97889506E-03
-0.25760108E+02  0.72083253E-05  0.72083253E-05 -0.98232348E-03 -0.98232348E-03
-0.25669404E+02  0.72606570E-05  0.72606570E-05 -0.98577674E-03 -0.98577674E-03
-0.25578700E+02  0.73135754E-05  0.73135754E-05 -0.98925512E-03 -0.98925512E-03
-0.25487996E+02  0.73670894E-05  0.73670894E-05 -0.99275889E-03 -0.99275889E-03
-0.25397292E+02  0.74212082E-05  0.74212082E-05 -0.99628835E-03 -0.99628835E-03
-0.25306587E+02  0.74759413E-05  0.74759413E-05 -0.99984379E-03 -0.99984379E-03
-0.25215883E+02  0.75312980E-05  0.75312980E-05 -0.10034255E-02 -0.10034255E-02
-0.25125179E+02  0.75872880E-05  0.75872880E-05 -0.10070338E-02 -0.10070338E-02
-0.25034475E+02  0.76439195E-05  0.76439195E-05 -0.10106688E-02 -0.10106688E-02
-0.24943771E+02  0.77012064E-05  0.77012064E-05 -0.10143311E-02 -0.10143311E-02
-0.24853067E+02  0.77591571E-05  0.77591571E-05 -0.10180210E-02 -0.10180210E-02
-0.24762362E+02  0.78177821E-05  0.78177821E-05 -0.10217386E-02 -0.10217386E-02
-0.24671658E+02  0.78770922E-05  0.78770922E-05 -0.10254844E-02 -0.10254844E-02
-0.24580954E+02  0.79370982E-05  0.79370982E-05 -0.10292587E-02 -0.10292587E-02
-0.24490250E+02  0.79978105E-05  0.79978105E-05 -0.10330617E-02 -0.10330617E-02
-0.24399546E+02  0.80592423E-05  0.80592423E-05 -0.10368939E-02 -0.10368939E-02
-0.24308842E+02  0.81214043E-05  0.81214043E-05 -0.10407556E-02 -0.10407556E-02
-0.24218137E+02  0.81843086E-05  0.81843086E-05 -0.10446472E-02 -0.10446472E-02
-0.24127433E+02  0.82479671E-05  0.82479671E-05 -0.10485689E-02 -0.10485689E-02
-0.24036729E+02  0.83123913E-05  0.83123913E-05 -0.10525212E-02 -0.10525212E-02
-0.23946025E+02  0.83775959E-05  0.83775959E-05 -0.10565044E-02 -0.10565044E-02
-0.23855321E+02  0.84435928E-05  0.84435928E-05 -0.10605190E-02 -0.10605190E-02
-0.23764617E+02  0.85103952E-05  0.85103952E-05 -0.10645653E-02 -0.10645653E-02
-0.23673912E+02  0.85780154E-05  0.85780154E-05 -0.10686435E-02 -0.10686435E-02
-0.23583208E+02  0.86464693E-05  0.86464693E-05 -0.10727543E-02 -0.10727543E-02
-0.23492504E+02  0.87157701E-05  0.87157701E-05 -0.10768980E-02 -0.10768980E-02
-0.23401800E+02  0.87859321E-05  0.87859321E-05 -0.10810749E-02 -0.10810749E-02
-0.23311096E+02  0.88569700E-05  0.88569700E-05 -0.10852856E-02 -0.10852856E-02
-0.23220392E+02  0.89288975E-05  0.89288975E-05 -0.10895303E-02 -0.10895303E-02
-0.23129687E+02  0.90017324E-05  0.90017324E-05 -0.10938095E-02 -0.10938095E-02
-0.23038983E+02  0.90754891E-05  0.90754891E-05 -0.10981238E-02 -0.10981238E-02
-0.22948279E+02  0.91501838E-05  0.91501838E-05 -0.11024735E-02 -0.11024735E-02
-0.22857575E+02  0.92258314E-05  0.92258314E-05 -0.11068590E-02 -0.11068590E-02
-0.22766871E+02  0.93024511E-05  0.93024511E-05 -0.11112809E-02 -0.11112809E-02
-0.22676167E+02  0.93800591E-05  0.93800591E-05 -0.11157396E-02 -0.11157396E-02
-0.22585462E+02  0.94586728E-05  0.94586728E-05 -0.11202356E-02 -0.11202356E-02
-0.22494758E+02  0.95383100E-05  0.95383100E-05 -0.11247694E-02 -0.11247694E-02
-0.22404054E+02  0.96189878E-05  0.96189878E-05 -0.11293413E-02 -0.11293413E-02
-0.22313350E+02  0.97007275E-05  0.97007275E-05 -0.11339520E-02 -0.11339520E-02
-0.22222646E+02  0.97835469E-05  0.97835469E-05 -0.11386020E-02 -0.11386020E-02
-0.22131942E+02  0.98674658E-05  0.98674658E-05 -0.11432918E-02 -0.11432918E-02
-0.22041237E+02  0.99525027E-05  0.99525027E-05 -0.11480219E-02 -0.11480219E-02
-0.21950533E+02  0.10038681E-04  0.10038681E-04 -0.11527928E-02 -0.11527928E-02
-0.21859829E+02  0.10126020E-04  0.10126020E-04 -0.11576052E-02 -0.11576052E-02
-0.21769125E+02  0.10214542E-04  0.10214542E-04 -0.11624595E-02 -0.11624595E-02
-0.21678421E+02  0.10304269E-04  0.10304269E-04 -0.11673564E-02 -0.11673564E-02
-0.21587717E+02  0.10395221E-04  0.10395221E-04 -0.11722963E-02 -0.11722963E-02
-0.21497012E+02  0.10487425E-04  0.10487425E-04 -0.11772800E-02 -0.11772800E-02
-0.21406308E+02  0.10580903E-04  0.10580903E-04 -0.11823080E-02 -0.11823080E-02
-0.21315604E+02  0.10675679E-04  0.10675679E-04 -0.11873808E-02 -0.11873808E-02
-0.21224900E+02  0.10771776E-04  0.10771776E-04 -0.11924992E-02 -0.11924992E-02
-0.21134196E+02  0.10869224E-04  0.10869224E-04 -0.11976638E-02 -0.11976638E-02
-0.21043492E+02  0.10968046E-04  0.10968046E-04 -0.12028753E-02 -0.12028753E-02
-0.20952787E+02  0.11068270E-04  0.11068270E-04 -0.12081342E-02 -0.12081342E-02
-0.20862083E+02  0.11169920E-04  0.11169920E-04 -0.12134412E-02 -0.12134412E-02
-0.20771379E+02  0.11273030E-04  0.11273030E-04 -0.12187972E-02 -0.12187972E-02
-0.20680675E+02  0.11377624E-04  0.11377624E-04 -0.12242027E-02 -0.12242027E-02
-0.20589971E+02  0.11483734E-04  0.11483734E-04 -0.12296585E-02 -0.12296585E-02
-0.20499267E+02  0.11591390E-04  0.11591390E-04 -0.12351653E-02 -0.12351653E-02
-0.20408562E+02  0.11700620E-04  0.11700620E-04 -0.12407237E-02 -0.12407237E-02
-0.20317858E+02  0.11811460E-04  0.11811460E-04 -0.12463347E-02 -0.12463347E-02
-0.20227154E+02  0.11923941E-04  0.11923941E-04 -0.12519991E-02 -0.12519991E-02
-0.20136450E+02  0.12038097E-04  0.12038097E-04 -0.12577175E-02 -0.12577175E-02
-0.20045746E+02  0.12153961E-04  0.12153961E-04 -0.12634906E-02 -0.12634906E-02
-0.19955042E+02  0.12271570E-04  0.12271570E-04 -0.12693196E-02 -0.12693196E-02
-0.19864337E+02  0.12390961E-04  0.12390961E-04 -0.12752051E-02 -0.12752051E-02
-0.19773633E+02  0.12512170E-04  0.12512170E-04 -0.12811481E-02 -0.12811481E-02
-0.19682929E+02  0.12635235E-04  0.12635235E-04 -0.12871493E-02 -0.12871493E-02
-0.19592225E+02  0.12760194E-04  0.12760194E-04 -0.12932095E-02 -0.12932095E-02
-0.19501521E+02  0.12887090E-04  0.12887090E-04 -0.12993300E-02 -0.12993300E-02
-0.19410817E+02  0.13015965E-04  0.13015965E-04 -0.13055115E-02 -0.13055115E-02
-0.19320112E+02  0.13146860E-04  0.13146860E-04 -0.13117549E-02 -0.13117549E-02
-0.19229408E+02  0.13279817E-04  0.13279817E-04 -0.13180612E-02 -0.13180612E-02
-0.19138704E+02  0.13414885E-04  0.13414885E-04 -0.13244316E-02 -0.13244316E-02
-0.19048000E+02  0.13552109E-04  0.13552109E-04 -0.13308669E-02 -0.13308669E-02
-0.18957296E+02  0.13691536E-04  0.13691536E-04 -0.13373682E-02 -0.13373682E-02
-0.18866592E+02  0.13833216E-04  0.13833216E-04 -0.13439366E-02 -0.13439366E-02
-0.18775887E+02  0.13977197E-04  0.13977197E-04 -0.13505730E-02 -0.13505730E-02
-0.18685183E+02  0.14123533E-04  0.14123533E-04 -0.13572787E-02 -0.13572787E-02
-0.18594479E+02  0.14272279E-04  0.14272279E-04 -0.13640549E-02 -0.13640549E-02
-0.18503775E+02  0.14423488E-04  0.14423488E-04 -0.13709026E-02 -0.13709026E-02
-0.18413071E+02  0.14577214E-04  0.14577214E-04 -0.13778230E-02 -0.13778230E-02
-0.18322367E+02  0.14733521E-04  0.14733521E-04 -0.13848174E-02 -0.13848174E-02
-0.18231662E+02  0.14892466E-04  0.14892466E-04 -0.13918871E-02 -0.13918871E-02
-0.18140958E+02  0.15054111E-04  0.15054111E-04 -0.13990332E-02 -0.13990332E-02
-0.18050254E+02  0.15218519E-04  0.15218519E-04 -0.14062571E-02 -0.14062571E-02
-0.17959550E+02  0.15385755E-04  0.15385755E-04 -0.14135600E-02 -0.14135600E-02
-0.17868846E+02  0.15555890E-04  0.15555890E-04 -0.14209434E-02 -0.14209434E-02
-0.17778142E+02  0.15728993E-04  0.15728993E-04 -0.14284088E-02 -0.14284088E-02
-0.17687437E+02  0.15905134E-04  0.15905134E-04 -0.14359575E-02 -0.14359575E-02
-0.17596733E+02  0.16084387E-04  0.16084387E-04 -0.14435908E-02 -0.14435908E-02
-0.17506029E+02  0.16266832E-04  0.16266832E-04 -0.14513105E-02 -0.14513105E-02
-0.17415325E+02  0.16452546E-04  0.16452546E-04 -0.14591181E-02 -0.14591181E-02
-0.17324621E+02  0.16641611E-04  0.16641611E-04 -0.14670150E-02 -0.14670150E-02
-0.17233917E+02  0.16834111E-04  0.16834111E-04 -0.14750030E-02 -0.14750030E-02
-0.17143212E+02  0.17030130E-04  0.17030130E-04 -0.14830835E-02 -0.14830835E-02
-0.17052508E+02  0.17229763E-04  0.17229763E-04 -0.14912585E-02 -0.14912585E-02
-0.16961804E+02  0.17433101E-04  0.17433101E-04 -0.14995296E-02 -0.14995296E-02
-0.16871100E+02  0.17640241E-04  0.17640241E-04 -0.15078986E-02 -0.15078986E-02
-0.16780396E+02  0.17851277E-04  0.17851277E-04 -0.15163672E-02 -0.15163672E-02
-0.16689692E+02  0.18066318E-04  0.18066318E-04 -0.15249376E-02 -0.15249376E-02
-0.16598987E+02  0.18285469E-04  0.18285469E-04 -0.15336116E-02 -0.15336116E-02
-0.16508283E+02  0.18508837E-04  0.18508837E-04 -0.15423911E-02 -0.15423911E-02
-0.16417579E+02  0.18736538E-04  0.18736538E-04 -0.15512782E-02 -0.15512782E-02
-0.16326875E+02  0.18968684E-04  0.18968684E-04 -0.15602748E-02 -0.15602748E-02
-0.16236171E+02  0.19205404E-04  0.19205404E-04 -0.15693834E-02 -0.15693834E-02
-0.16145467E+02  0.19446822E-04  0.19446822E-04 -0.15786060E-02 -0.15786060E-02
-0.16054762E+02  0.19693068E-04  0.19693068E-04 -0.15879449E-02 -0.15879449E-02
-0.15964058E+02  0.19944273E-04  0.19944273E-04 -0.15974023E-02 -0.15974023E-02
-0.15873354E+02  0.20200585E-04  0.20200585E-04 -0.16069809E-02 -0.16069809E-02
-0.15782650E+02  0.20462145E-04  0.20462145E-04 -0.16166830E-02 -0.16166830E-02
-0.15691946E+02  0.20729105E-04  0.20729105E-04 -0.16265112E-02 -0.16265112E-02
-0.15601242E+02  0.21001617E-04  0.21001617E-04 -0.16364678E-02 -0.16364678E-02
-0.15510537E+02  0.21279851E-04  0.21279851E-04 -0.16465559E-02 -0.16465559E-02
-0.15419833E+02  0.21563971E-04  0.21563971E-04 -0.16567782E-02 -0.16567782E-02
-0.15329129E+02  0.21854153E-04  0.21854153E-04 -0.16671374E-02 -0.16671374E-02
-0.15238425E+02  0.22150578E-04  0.22150578E-04 -0.16776364E-02 -0.16776364E-02
-0.15147721E+02  0.22453433E-04  0.22453433E-04 -0.16882782E-02 -0.16882782E-02
-0.15057017E+02  0.22762920E-04  0.22762920E-04 -0.16990662E-02 -0.16990662E-02
-0.14966312E+02  0.23079242E-04  0.23079242E-04 -0.17100035E-02 -0.17100035E-02
-0.14875608E+02  0.23402608E-04  0.23402608E-04 -0.17210932E-02 -0.17210932E-02
-0.14784904E+02  0.23733238E-04  0.23733238E-04 -0.17323387E-02 -0.17323387E-02
-0.14694200E+02  0.24071370E-04  0.24071370E-04 -0.17437439E-02 -0.17437439E-02
-0.14603496E+02  0.24417239E-04  0.24417239E-04 -0.17553121E-02 -0.17553121E-02
-0.14512792E+02  0.24771096E-04  0.24771096E-04 -0.17670472E-02 -0.17670472E-02
-0.14422087E+02  0.25133199E-04  0.25133199E-04 -0.17789529E-02 -0.17789529E-02
-0.14331383E+02  0.25503818E-04  0.25503818E-04 -0.17910332E-02 -0.17910332E-02
-0.14240679E+02  0.25883245E-04  0.25883245E-04 -0.18032925E-02 -0.18032925E-02
-0.14149975E+02  0.26271771E-04  0.26271771E-04 -0.18157349E-02 -0.18157349E-02
-0.14059271E+02  0.26669703E-04  0.26669703E-04 -0.18283647E-02 -0.18283647E-02
-0.13968567E+02  0.27077361E-04  0.27077361E-04 -0.18411864E-02 -0.18411864E-02
-0.13877862E+02  0.27495091E-04  0.27495091E-04 -0.18542051E-02 -0.18542051E-02
-0.13787158E+02  0.27923242E-04  0.27923242E-04 -0.18674254E-02 -0.18674254E-02
-0.13696454E+02  0.28362181E-04  0.28362181E-04 -0.18808524E-02 -0.18808524E-02
-0.13605750E+02  0.28812292E-04  0.28812292E-04 -0.18944913E-02 -0.18944913E-02
-0.13515046E+02  0.29273977E-04  0.29273977E-04 -0.19083473E-02 -0.19083473E-02
-0.13424342E+02  0.29747670E-04  0.29747670E-04 -0.19224266E-02 -0.19224266E-02
-0.13333637E+02  0.30233809E-04  0.30233809E-04 -0.19367345E-02 -0.19367345E-02
-0.13242933E+02  0.30732856E-04  0.30732856E-04 -0.19512773E-02 -0.19512773E-02
-0.13152229E+02  0.31245296E-04  0.31245296E-04 -0.19660609E-02 -0.19660609E-02
-0.13061525E+02  0.31771655E-04  0.31771655E-04 -0.19810924E-02 -0.19810924E-02
-0.12970821E+02  0.32312464E-04  0.32312464E-04 -0.19963781E-02 -0.19963781E-02
-0.12880117E+02  0.32868289E-04  0.32868289E-04 -0.20119252E-02 -0.20119252E-02
-0.12789412E+02  0.33439723E-04  0.33439723E-04 -0.20277409E-02 -0.20277409E-02
-0.12698708E+02  0.34027387E-04  0.34027387E-04 -0.20438326E-02 -0.20438326E-02
-0.12608004E+02  0.34631956E-04  0.34631956E-04 -0.20602085E-02 -0.20602085E-02
-0.12517300E+02  0.35254118E-04  0.35254118E-04 -0.20768768E-02 -0.20768768E-02
-0.12426596E+02  0.35894603E-04  0.35894603E-04 -0.20938459E-02 -0.20938459E-02
-0.12335892E+02  0.36554178E-04  0.36554178E-04 -0.21111245E-02 -0.21111245E-02
-0.12245187E+02  0.37233677E-04  0.37233677E-04 -0.21287223E-02 -0.21287223E-02
-0.12154483E+02  0.37933954E-04  0.37933954E-04 -0.21466489E-02 -0.21466489E-02
-0.12063779E+02  0.38655921E-04  0.38655921E-04 -0.21649142E-02 -0.21649142E-02
-0.11973075E+02  0.39400541E-04  0.39400541E-04 -0.21835288E-02 -0.21835288E-02
-0.11882371E+02  0.40168830E-04  0.40168830E-04 -0.22025036E-02 -0.22025036E-02
-0.11791667E+02  0.40961892E-04  0.40961892E-04 -0.22218504E-02 -0.22218504E-02
-0.11700962E+02  0.41780866E-04  0.41780866E-04 -0.22415812E-02 -0.22415812E-02
-0.11610258E+02  0.42626969E-04  0.42626969E-04 -0.22617085E-02 -0.22617085E-02
-0.11519554E+02  0.43501492E-04  0.43501492E-04 -0.22822452E-02 -0.22822452E-02
-0.11428850E+02  0.44405837E-04  0.44405837E-04 -0.23032058E-02 -0.23032058E-02
-0.11338146E+02  0.45341460E-04  0.45341460E-04 -0.23246045E-02 -0.23246045E-02
-0.11247442E+02  0.46309918E-04  0.46309918E-04 -0.23464562E-02 -0.23464562E-02
-0.11156737E+02  0.47312898E-04  0.47312898E-04 -0.23687775E-02 -0.23687775E-02
-0.11066033E+02  0.48352175E-04  0.48352175E-04 -0.23915849E-02 -0.23915849E-02
-0.10975329E+02  0.49429649E-04  0.49429649E-04 -0.24148959E-02 -0.24148959E-02
-0.10884625E+02  0.50547373E-04  0.50547373E-04 -0.24387295E-02 -0.24387295E-02
-0.10793921E+02  0.51707512E-04  0.51707512E-04 -0.24631049E-02 -0.24631049E-02
-0.10703217E+02  0.52912436E-04  0.52912436E-04 -0.24880433E-02 -0.24880433E-02
-0.10612512E+02  0.54164643E-04  0.54164643E-04 -0.25135660E-02 -0.25135660E-02
-0.10521808E+02  0.55466855E-04  0.55466855E-04 -0.25396967E-02 -0.25396967E-02
-0.10431104E+02  0.56821967E-04  0.56821967E-04 -0.25664591E-02 -0.25664591E-02
-0.10340400E+02  0.58233145E-04  0.58233145E-04 -0.25938796E-02 -0.25938796E-02
-0.10249696E+02  0.59703774E-04  0.59703774E-04 -0.26219855E-02 -0.26219855E-02
-0.10158992E+02  0.61237512E-04  0.61237512E-04 -0.26508054E-02 -0.26508054E-02
-0.10068287E+02  0.62838353E-04  0.62838353E-04 -0.26803707E-02 -0.26803707E-02
-0.99775833E+01  0.64510580E-04  0.64510580E-04 -0.27107136E-02 -0.27107136E-02
-0.98868792E+01  0.66258914E-04  0.66258914E-04 -0.27418697E-02 -0.27418697E-02
-0.97961750E+01  0.68088424E-04  0.68088424E-04 -0.27738756E-02 -0.27738756E-02
-0.97054708E+01  0.70004693E-04  0.70004693E-04 -0.28067716E-02 -0.28067716E-02
-0.96147667E+01  0.72013762E-04  0.72013762E-04 -0.28405995E-02 -0.28405995E-02
-0.95240625E+01  0.74122324E-04  0.74122324E-04 -0.28754055E-02 -0.28754055E-02
-0.94333583E+01  0.76337641E-04  0.76337641E-04 -0.29112376E-02 -0.29112376E-02
-0.93426542E+01  0.78667760E-04  0.78667760E-04 -0.29481487E-02 -0.29481487E-02
-0.92519500E+01  0.81121506E-04  0.81121506E-04 -0.29861949E-02 -0.29861949E-02
-0.91612458E+01  0.83708614E-04  0.83708614E-04 -0.30254363E-02 -0.30254363E-02
-0.90705417E+01  0.86439959E-04  0.86439959E-04 -0.30659391E-02 -0.30659391E-02
-0.89798375E+01  0.89327504E-04  0.89327504E-04 -0.31077735E-02 -0.31077735E-02
-0.88891333E+01  0.92384660E-04  0.92384660E-04 -0.31510166E-02 -0.31510166E-02
-0.87984292E+01  0.95626321E-04  0.95626321E-04 -0.31957511E-02 -0.31957511E-02
-0.87077250E+01  0.99069308E-04  0.99069308E-04 -0.32420685E-02 -0.32420685E-02
-0.86170208E+01  0.10273241E-03  0.10273241E-03 -0.32900669E-02 -0.32900669E-02
-0.85263167E+01  0.10663694E-03  0.10663694E-03 -0.33398553E-02 -0.33398553E-02
-0.84356125E+01  0.11080700E-03  0.11080700E-03 -0.33915519E-02 -0.33915519E-02
-0.83449083E+01  0.11526997E-03  0.11526997E-03 -0.34452868E-02 -0.34452868E-02
-0.82542042E+01  0.12005736E-03  0.12005736E-03 -0.35012054E-02 -0.35012054E-02
-0.81635000E+01  0.12520517E-03  0.12520517E-03 -0.35594663E-02 -0.35594663E-02
-0.80727958E+01  0.13075517E-03  0.13075517E-03 -0.36202478E-02 -0.36202478E-02
-0.79820917E+01  0.13675574E-03  0.13675574E-03 -0.36837466E-02 -0.36837466E-02
-0.78913875E+01  0.14326376E-03  0.14326376E-03 -0.37501860E-02 -0.37501860E-02
-0.78006833E+01  0.15034603E-03  0.15034603E-03 -0.38198147E-02 -0.38198147E-02
-0.77099792E+01  0.15808210E-03  0.15808210E-03 -0.38929161E-02 -0.38929161E-02
-0.76192750E+01  0.16656721E-03  0.16656721E-03 -0.39698113E-02 -0.39698113E-02
-0.75285708E+01  0.17591664E-03  0.17591664E-03 -0.40508673E-02 -0.40508673E-02
-0.74378667E+01  0.18627190E-03  0.18627190E-03 -0.41365099E-02 -0.41365099E-02
-0.73471625E+01  0.19780809E-03  0.19780809E-03 -0.42272300E-02 -0.42272300E-02
-0.72564583E+01  0.21074593E-03  0.21074593E-03 -0.43236050E-02 -0.43236050E-02
-0.71657542E+01  0.22536755E-03  0.22536755E-03 -0.44263141E-02 -0.44263141E-02
-0.70750500E+01  0.24204179E-03  0.24204179E-03 -0.45361721E-02 -0.45361721E-02
-0.69843458E+01  0.26126052E-03  0.26126052E-03 -0.46541584E-02 -0.46541584E-02
-0.68936417E+01  0.28369860E-03  0.28369860E-03 -0.47814731E-02 -0.47814731E-02
-0.68029375E+01  0.31031041E-03  0.31031041E-03 -0.49195981E-02 -0.49195981E-02
-0.67122333E+01  0.34249765E-03  0.34249765E-03 -0.50703934E-02 -0.50703934E-02
-0.66215292E+01  0.38240914E-03  0.38240914E-03 -0.52362033E-02 -0.52362033E-02
-0.65308250E+01  0.43350892E-03  0.43350892E-03 -0.54199657E-02 -0.54199657E-02
-0.64401208E+01  0.50170720E-03  0.50170720E-03 -0.56251902E-02 -0.56251902E-02
-0.63494167E+01  0.59767669E-03  0.59767669E-03 -0.58552324E-02 -0.58552324E-02
-0.62587125E+01  0.74142617E-03  0.74142617E-03 -0.61096670E-02 -0.61096670E-02
-0.61680083E+01  0.96808386E-03  0.96808386E-03 -0.63693298E-02 -0.63693298E-02
-0.60773042E+01  0.13079759E-02  0.13079759E-02 -0.65511166E-02 -0.65511166E-02
-0.59866000E+01  0.16330085E-02  0.16330085E-02 -0.65093523E-02 -0.65093523E-02
-0.58958958E+01  0.16563689E-02  0.16563689E-02 -0.64217759E-02 -0.64217759E-02
-0.58051917E+01  0.15737913E-02  0.15737913E-02 -0.66307407E-02 -0.66307407E-02
-0.57144875E+01  0.16763848E-02  0.16763848E-02 -0.70362241E-02 -0.70362241E-02
-0.56237833E+01  0.20322195E-02  0.20322195E-02 -0.74359378E-02 -0.74359378E-02
-0.55330792E+01  0.25449655E-02  0.25449655E-02 -0.75933029E-02 -0.75933029E-02
-0.54423750E+01  0.28055193E-02  0.28055193E-02 -0.75085153E-02 -0.75085153E-02
-0.53516708E+01  0.27717531E-02  0.27717531E-02 -0.77228512E-02 -0.77228512E-02
-0.52609667E+01  0.29517779E-02  0.29517779E-02 -0.83152053E-02 -0.83152053E-02
-0.51702625E+01  0.34944299E-02  0.34944299E-02 -0.89418731E-02 -0.89418731E-02
-0.50795583E+01  0.41421828E-02  0.41421828E-02 -0.94760185E-02 -0.94760185E-02
-0.49888542E+01  0.49084614E-02  0.49084614E-02 -0.10325637E-01 -0.10325637E-01
-0.48981500E+01  0.64661540E-02  0.64661540E-02 -0.11554865E-01 -0.11554865E-01
-0.48074458E+01  0.95486027E-02  0.95486027E-02 -0.12562638E-01 -0.12562638E-01
-0.47167417E+01  0.14654304E-01  0.14654304E-01 -0.11581009E-01 -0.11581009E-01
-0.46260375E+01  0.19212947E-01  0.19212947E-01 -0.55452324E-02 -0.55452324E-02
-0.45353333E+01  0.17123329E-01  0.17123329E-01  0.24450030E-02  0.24450030E-02
-0.44446292E+01  0.11467346E-01  0.11467346E-01  0.54415305E-02  0.54415305E-02
-0.43539250E+01  0.73092134E-02  0.73092134E-02  0.50176725E-02  0.50176725E-02
-0.42632208E+01  0.48986051E-02  0.48986051E-02  0.37492529E-02  0.37492529E-02
-0.41725167E+01  0.35144104E-02  0.35144104E-02  0.24773129E-02  0.24773129E-02
-0.40818125E+01  0.26905227E-02  0.26905227E-02  0.13655149E-02  0.13655149E-02
-0.39911083E+01  0.21865251E-02  0.21865251E-02  0.40911994E-03  0.40911994E-03
-0.39004042E+01  0.18816687E-02  0.18816687E-02 -0.42791475E-03 -0.42791475E-03
-0.38097000E+01  0.17182113E-02  0.17182113E-02 -0.11797165E-02 -0.11797165E-02
-0.37189958E+01  0.16763524E-02  0.16763524E-02 -0.18664875E-02 -0.18664875E-02
-0.36282917E+01  0.17539805E-02  0.17539805E-02 -0.24747804E-02 -0.24747804E-02
-0.35375875E+01  0.18954119E-02  0.18954119E-02 -0.29535001E-02 -0.29535001E-02
-0.34468833E+01  0.19724119E-02  0.19724119E-02 -0.33812042E-02 -0.33812042E-02
-0.33561792E+01  0.20850565E-02  0.20850565E-02 -0.39273162E-02 -0.39273162E-02
-0.32654750E+01  0.24303118E-02  0.24303118E-02 -0.45119073E-02 -0.45119073E-02
-0.31747708E+01  0.30416142E-02  0.30416142E-02 -0.48669777E-02 -0.48669777E-02
-0.30840667E+01  0.35279492E-02  0.35279492E-02 -0.47540628E-02 -0.47540628E-02
-0.29933625E+01  0.34653780E-02  0.34653780E-02 -0.47028386E-02 -0.47028386E-02
-0.29026583E+01  0.33784167E-02  0.33784167E-02 -0.51788935E-02 -0.51788935E-02
-0.28119542E+01  0.36932977E-02  0.36932977E-02 -0.58901323E-02 -0.58901323E-02
-0.27212500E+01  0.43857660E-02  0.43857660E-02 -0.64851344E-02 -0.64851344E-02
-0.26305458E+01  0.52142715E-02  0.52142715E-02 -0.69210156E-02 -0.69210156E-02
-0.25398417E+01  0.63613397E-02  0.63613397E-02 -0.74117068E-02 -0.74117068E-02
-0.24491375E+01  0.82887783E-02  0.82887783E-02 -0.74455146E-02 -0.74455146E-02
-0.23584333E+01  0.10363004E-01  0.10363004E-01 -0.59465696E-02 -0.59465696E-02
-0.22677292E+01  0.10829154E-01  0.10829154E-01 -0.33709675E-02 -0.33709675E-02
-0.21770250E+01  0.97482325E-02  0.97482325E-02 -0.16335420E-02 -0.16335420E-02
-0.20863208E+01  0.85289097E-02  0.85289097E-02 -0.11708470E-02 -0.11708470E-02
-0.19956167E+01  0.79293934E-02  0.79293934E-02 -0.13082989E-02 -0.13082989E-02
-0.19049125E+01  0.78113088E-02  0.78113088E-02 -0.12949186E-02 -0.12949186E-02
-0.18142083E+01  0.75833967E-02  0.75833967E-02 -0.11003848E-02 -0.11003848E-02
-0.17235042E+01  0.73102001E-02  0.73102001E-02 -0.12063743E-02 -0.12063743E-02
-0.16328000E+01  0.74567676E-02  0.74567676E-02 -0.14658229E-02 -0.14658229E-02
-0.15420958E+01  0.79559477E-02  0.79559477E-02 -0.14231948E-02 -0.14231948E-02
-0.14513917E+01  0.85045515E-02  0.85045515E-02 -0.10079471E-02 -0.10079471E-02
-0.13606875E+01  0.90326680E-02  0.90326680E-02 -0.17920934E-03 -0.17920934E-03
-0.12699833E+01  0.91281103E-02  0.91281103E-02  0.12126933E-02  0.12126933E-02
-0.11792792E+01  0.83550236E-02  0.83550236E-02  0.26200665E-02  0.26200665E-02
-0.10885750E+01  0.70200310E-02  0.70200310E-02  0.35256309E-02  0.35256309E-02
-0.99787083E+00  0.54242725E-02  0.54242725E-02  0.37851472E-02  0.37851472E-02
-0.90716667E+00  0.39925195E-02  0.39925195E-02  0.33510363E-02  0.33510363E-02
-0.81646250E+00  0.30149395E-02  0.30149395E-02  0.25632956E-02  0.25632956E-02
-0.72575833E+00  0.24212296E-02  0.24212296E-02  0.17247359E-02  0.17247359E-02
-0.63505417E+00  0.20619798E-02  0.20619798E-02  0.93806152E-03  0.93806152E-03
-0.54435000E+00  0.18371937E-02  0.18371937E-02  0.19918564E-03  0.19918564E-03
-0.45364583E+00  0.17099373E-02  0.17099373E-02 -0.52075061E-03 -0.52075061E-03
-0.36294167E+00  0.16709947E-02  0.16709947E-02 -0.12379539E-02 -0.12379539E-02
-0.27223750E+00  0.17182687E-02  0.17182687E-02 -0.19658795E-02 -0.19658795E-02
-0.18153333E+00  0.18632180E-02  0.18632180E-02 -0.27213173E-02 -0.27213173E-02
-0.90829167E-01  0.21420659E-02  0.21420659E-02 -0.35178065E-02 -0.35178065E-02
-0.12500000E-03  0.26315257E-02  0.26315257E-02 -0.43413359E-02 -0.43413359E-02
 0.90579167E-01  0.34452166E-02  0.34452166E-02 -0.50675532E-02 -0.50675532E-02
 0.18128333E+00  0.45139400E-02  0.45139400E-02 -0.53240441E-02 -0.53240441E-02
 0.27198750E+00  0.50836194E-02  0.50836194E-02 -0.50247309E-02 -0.50247309E-02
 0.36269167E+00  0.49399029E-02  0.49399029E-02 -0.52538145E-02 -0.52538145E-02
 0.45339583E+00  0.50714531E-02  0.50714531E-02 -0.63575346E-02 -0.63575346E-02
 0.54410000E+00  0.59871504E-02  0.59871504E-02 -0.79321934E-02 -0.79321934E-02
 0.63480417E+00  0.80093941E-02  0.80093941E-02 -0.96854926E-02 -0.96854926E-02
 0.72550833E+00  0.11744636E-01  0.11744636E-01 -0.11071828E-01 -0.11071828E-01
 0.81621250E+00  0.17708104E-01  0.17708104E-01 -0.10319660E-01 -0.10319660E-01
 0.90691667E+00  0.23571474E-01  0.23571474E-01 -0.43235822E-02 -0.43235822E-02
 0.99762083E+00  0.23219859E-01  0.23219859E-01  0.49330832E-02  0.49330832E-02
 0.10883250E+01  0.17688288E-01  0.17688288E-01  0.10271477E-01  0.10271477E-01
 0.11790292E+01  0.12378482E-01  0.12378482E-01  0.11278382E-01  0.11278382E-01
 0.12697333E+01  0.87900746E-02  0.87900746E-02  0.10503145E-01  0.10503145E-01
 0.13604375E+01  0.65156622E-02  0.65156622E-02  0.93212666E-02  0.93212666E-02
 0.14511417E+01  0.50028303E-02  0.50028303E-02  0.81589938E-02  0.81589938E-02
 0.15418458E+01  0.39348953E-02  0.39348953E-02  0.70613178E-02  0.70613178E-02
 0.16325500E+01  0.31879853E-02  0.31879853E-02  0.60182255E-02  0.60182255E-02
 0.17232542E+01  0.26921651E-02  0.26921651E-02  0.50462220E-02  0.50462220E-02
 0.18139583E+01  0.23815072E-02  0.23815072E-02  0.41564356E-02  0.41564356E-02
 0.19046625E+01  0.22002192E-02  0.22002192E-02  0.33392216E-02  0.33392216E-02
 0.19953667E+01  0.21142985E-02  0.21142985E-02  0.25645536E-02  0.25645536E-02
 0.20860708E+01  0.21259952E-02  0.21259952E-02  0.17947244E-02  0.17947244E-02
 0.21767750E+01  0.22760691E-02  0.22760691E-02  0.10083802E-02  0.10083802E-02
 0.22674792E+01  0.26425454E-02  0.26425454E-02  0.22222151E-03  0.22222151E-03
 0.23581833E+01  0.33425545E-02  0.33425545E-02 -0.44443247E-03 -0.44443247E-03
 0.24488875E+01  0.43753176E-02  0.43753176E-02 -0.61017417E-03 -0.61017417E-03
 0.25395917E+01  0.50254818E-02  0.50254818E-02  0.77270034E-04  0.77270034E-04
 0.26302958E+01  0.45625591E-02  0.45625591E-02  0.62751025E-03  0.62751025E-03
 0.27210000E+01  0.38978031E-02  0.38978031E-02  0.21001662E-03  0.21001662E-03
 0.28117042E+01  0.37065989E-02  0.37065989E-02 -0.76532770E-03 -0.76532770E-03
 0.29024083E+01  0.40652855E-02  0.40652855E-02 -0.19620636E-02 -0.19620636E-02
 0.29931125E+01  0.50663978E-02  0.50663978E-02 -0.32434353E-02 -0.32434353E-02
 0.30838167E+01  0.69922781E-02  0.69922781E-02 -0.43663556E-02 -0.43663556E-02
 0.31745208E+01  0.10137161E-01  0.10137161E-01 -0.45150407E-02 -0.45150407E-02
 0.32652250E+01  0.13580394E-01  0.13580394E-01 -0.21290533E-02 -0.21290533E-02
 0.33559292E+01  0.14332377E-01  0.14332377E-01  0.23191379E-02  0.23191379E-02
 0.34466333E+01  0.12247603E-01  0.12247603E-01  0.53168918E-02  0.53168918E-02
 0.35373375E+01  0.99569725E-02  0.99569725E-02  0.61570707E-02  0.61570707E-02
 0.36280417E+01  0.84507897E-02  0.84507897E-02  0.59973602E-02  0.59973602E-02
 0.37187458E+01  0.76737631E-02  0.76737631E-02  0.55966802E-02  0.55966802E-02
 0.38094500E+01  0.73677754E-02  0.73677754E-02  0.53217672E-02  0.53217672E-02
 0.39001542E+01  0.72214131E-02  0.72214131E-02  0.52675689E-02  0.52675689E-02
 0.39908583E+01  0.70680475E-02  0.70680475E-02  0.52757114E-02  0.52757114E-02
 0.40815625E+01  0.70394664E-02  0.70394664E-02  0.52242230E-02  0.52242230E-02
 0.41722667E+01  0.73063038E-02  0.73063038E-02  0.53023458E-02  0.53023458E-02
 0.42629708E+01  0.77047527E-02  0.77047527E-02  0.58629138E-02  0.58629138E-02
 0.43536750E+01  0.77078244E-02  0.77078244E-02  0.69269078E-02  0.69269078E-02
 0.44443792E+01  0.70582622E-02  0.70582622E-02  0.79759612E-02  0.79759612E-02
 0.45350833E+01  0.60492082E-02  0.60492082E-02  0.86530261E-02  0.86530261E-02
 0.46257875E+01  0.49146731E-02  0.49146731E-02  0.89712491E-02  0.89712491E-02
 0.47164917E+01  0.37703769E-02  0.37703769E-02  0.89152765E-02  0.89152765E-02
 0.48071958E+01  0.28076796E-02  0.28076796E-02  0.85304084E-02  0.85304084E-02
 0.48979000E+01  0.21193497E-02  0.21193497E-02  0.79946403E-02  0.79946403E-02
 0.49886042E+01  0.16616027E-02  0.16616027E-02  0.74497766E-02  0.74497766E-02
 0.50793083E+01  0.13599015E-02  0.13599015E-02  0.69546788E-02  0.69546788E-02
 0.51700125E+01  0.11562939E-02  0.11562939E-02  0.65234162E-02  0.65234162E-02
 0.52607167E+01  0.10106219E-02  0.10106219E-02  0.61525809E-02  0.61525809E-02
 0.53514208E+01  0.89588677E-03  0.89588677E-03  0.58295724E-02  0.58295724E-02
 0.54421250E+01  0.79928913E-03  0.79928913E-03  0.55375907E-02  0.55375907E-02
 0.55328292E+01  0.71990572E-03  0.71990572E-03  0.52646097E-02  0.52646097E-02
 0.56235333E+01  0.65987268E-03  0.65987268E-03  0.50064066E-02  0.50064066E-02
 0.57142375E+01  0.61968430E-03  0.61968430E-03  0.47622889E-02  0.47622889E-02
 0.58049417E+01  0.59900296E-03  0.59900296E-03  0.45319307E-02  0.45319307E-02
 0.58956458E+01  0.59820473E-03  0.59820473E-03  0.43151541E-02  0.43151541E-02
 0.59863500E+01  0.61904732E-03  0.61904732E-03  0.41129486E-02  0.41129486E-02
 0.60770542E+01  0.66457133E-03  0.66457133E-03  0.39291683E-02  0.39291683E-02
 0.61677583E+01  0.73742691E-03  0.73742691E-03  0.37733512E-02  0.37733512E-02
 0.62584625E+01  0.83326225E-03  0.83326225E-03  0.36634469E-02  0.36634469E-02
 0.63491667E+01  0.92711534E-03  0.92711534E-03  0.36188475E-02  0.36188475E-02
 0.64398708E+01  0.97287142E-03  0.97287142E-03  0.36309568E-02  0.36309568E-02
 0.65305750E+01  0.94794488E-03  0.94794488E-03  0.36478213E-02  0.36478213E-02
 0.66212792E+01  0.88359857E-03  0.88359857E-03  0.36255000E-02  0.36255000E-02
 0.67119833E+01  0.82124374E-03  0.82124374E-03  0.35657857E-02  0.35657857E-02
 0.68026875E+01  0.77681843E-03  0.77681843E-03  0.34915083E-02  0.34915083E-02
 0.68933917E+01  0.74560639E-03  0.74560639E-03  0.34201207E-02  0.34201207E-02
 0.69840958E+01  0.71631139E-03  0.71631139E-03  0.33562345E-02  0.33562345E-02
 0.70748000E+01  0.68172014E-03  0.68172014E-03  0.32946890E-02  0.32946890E-02
 0.71655042E+01  0.64224052E-03  0.64224052E-03  0.32285866E-02  0.32285866E-02
 0.72562083E+01  0.60217578E-03  0.60217578E-03  0.31546764E-02  0.31546764E-02
 0.73469125E+01  0.56559517E-03  0.56559517E-03  0.30728248E-02  0.30728248E-02
 0.74376167E+01  0.53571467E-03  0.53571467E-03  0.29840161E-02  0.29840161E-02
 0.75283208E+01  0.51554572E-03  0.51554572E-03  0.28900646E-02  0.28900646E-02
 0.76190250E+01  0.50768425E-03  0.50768425E-03  0.27941572E-02  0.27941572E-02
 0.77097292E+01  0.51340397E-03  0.51340397E-03  0.27009912E-02  0.27009912E-02
 0.78004333E+01  0.53147803E-03  0.53147803E-03  0.26162898E-02  0.26162898E-02
 0.78911375E+01  0.55694083E-03  0.55694083E-03  0.25451542E-02  0.25451542E-02
 0.79818417E+01  0.58144358E-03  0.58144358E-03  0.24887086E-02  0.24887086E-02
 0.80725458E+01  0.59743533E-03  0.59743533E-03  0.24415845E-02  0.24415845E-02
 0.81632500E+01  0.60341087E-03  0.60341087E-03  0.23947015E-02  0.23947015E-02
 0.82539542E+01  0.60395993E-03  0.60395993E-03  0.23411744E-02  0.23411744E-02
 0.83446583E+01  0.60570059E-03  0.60570059E-03  0.22786025E-02  0.22786025E-02
 0.84353625E+01  0.61490439E-03  0.61490439E-03  0.22077554E-02  0.22077554E-02
 0.85260667E+01  0.63748811E-03  0.63748811E-03  0.21319067E-02  0.21319067E-02
 0.86167708E+01  0.67840364E-03  0.67840364E-03  0.20579900E-02  0.20579900E-02
 0.87074750E+01  0.73821948E-03  0.73821948E-03  0.19975837E-02  0.19975837E-02
 0.87981792E+01  0.80697755E-03  0.80697755E-03  0.19632869E-02  0.19632869E-02
 0.88888833E+01  0.86314368E-03  0.86314368E-03  0.19556282E-02  0.19556282E-02
 0.89795875E+01  0.89207134E-03  0.89207134E-03  0.19522281E-02  0.19522281E-02
 0.90702917E+01  0.90840104E-03  0.90840104E-03  0.19265060E-02  0.19265060E-02
 0.91609958E+01  0.94476669E-03  0.94476669E-03  0.18777677E-02  0.18777677E-02
 0.92517000E+01  0.10232417E-02  0.10232417E-02  0.18347136E-02  0.18347136E-02
 0.93424042E+01  0.11341370E-02  0.11341370E-02  0.18412405E-02  0.18412405E-02
 0.94331083E+01  0.12218049E-02  0.12218049E-02  0.19215647E-02  0.19215647E-02
 0.95238125E+01  0.12246258E-02  0.12246258E-02  0.20273681E-02  0.20273681E-02
 0.96145167E+01  0.11637842E-02  0.11637842E-02  0.20742824E-02  0.20742824E-02
 0.97052208E+01  0.11192341E-02  0.11192341E-02  0.20447255E-02  0.20447255E-02
 0.97959250E+01  0.11443252E-02  0.11443252E-02  0.19859540E-02  0.19859540E-02
 0.98866292E+01  0.12457803E-02  0.12457803E-02  0.19666174E-02  0.19666174E-02
 0.99773333E+01  0.13740990E-02  0.13740990E-02  0.20537240E-02  0.20537240E-02
 0.10068038E+02  0.14198026E-02  0.14198026E-02  0.22507552E-02  0.22507552E-02
 0.10158742E+02  0.13169226E-02  0.13169226E-02  0.24473285E-02  0.24473285E-02
 0.10249446E+02  0.11316487E-02  0.11316487E-02  0.25421395E-02  0.25421395E-02
 0.10340150E+02  0.95372737E-03  0.95372737E-03  0.25402890E-02  0.25402890E-02
 0.10430854E+02  0.81567583E-03  0.81567583E-03  0.24867838E-02  0.24867838E-02
 0.10521558E+02  0.71564894E-03  0.71564894E-03  0.24122921E-02  0.24122921E-02
 0.10612263E+02  0.64570546E-03  0.64570546E-03  0.23309445E-02  0.23309445E-02
 0.10702967E+02  0.60007491E-03  0.60007491E-03  0.22501134E-02  0.22501134E-02
 0.10793671E+02  0.57374973E-03  0.57374973E-03  0.21759187E-02  0.21759187E-02
 0.10884375E+02  0.55953158E-03  0.55953158E-03  0.21133220E-02  0.21133220E-02
 0.10975079E+02  0.54766305E-03  0.54766305E-03  0.20627436E-02  0.20627436E-02
 0.11065783E+02  0.53053911E-03  0.53053911E-03  0.20174629E-02  0.20174629E-02
 0.11156488E+02  0.50874651E-03  0.50874651E-03  0.19678690E-02  0.19678690E-02
 0.11247192E+02  0.48954094E-03  0.48954094E-03  0.19095992E-02  0.19095992E-02
 0.11337896E+02  0.47946187E-03  0.47946187E-03  0.18454802E-02  0.18454802E-02
 0.11428600E+02  0.47999341E-03  0.47999341E-03  0.17812210E-02  0.17812210E-02
 0.11519304E+02  0.48801891E-03  0.48801891E-03  0.17205605E-02  0.17205605E-02
 0.11610008E+02  0.49947738E-03  0.49947738E-03  0.16623383E-02  0.16623383E-02
 0.11700713E+02  0.51456466E-03  0.51456466E-03  0.16017143E-02  0.16017143E-02
 0.11791417E+02  0.53977457E-03  0.53977457E-03  0.15359041E-02  0.15359041E-02
 0.11882121E+02  0.58429223E-03  0.58429223E-03  0.14694447E-02  0.14694447E-02
 0.11972825E+02  0.65352325E-03  0.65352325E-03  0.14158675E-02  0.14158675E-02
 0.12063529E+02  0.74016532E-03  0.74016532E-03  0.13948185E-02  0.13948185E-02
 0.12154233E+02  0.81691716E-03  0.81691716E-03  0.14169168E-02  0.14169168E-02
 0.12244938E+02  0.85365024E-03  0.85365024E-03  0.14611758E-02  0.14611758E-02
 0.12335642E+02  0.85468683E-03  0.85468683E-03  0.14888010E-02  0.14888010E-02
 0.12426346E+02  0.85323644E-03  0.85323644E-03  0.14870844E-02  0.14870844E-02
 0.12517050E+02  0.87276219E-03  0.87276219E-03  0.14753121E-02  0.14753121E-02
 0.12607754E+02  0.90994907E-03  0.90994907E-03  0.14810440E-02  0.14810440E-02
 0.12698458E+02  0.93897429E-03  0.93897429E-03  0.15169107E-02  0.15169107E-02
 0.12789163E+02  0.93352270E-03  0.93352270E-03  0.15661568E-02  0.15661568E-02
 0.12879867E+02  0.89421016E-03  0.89421016E-03  0.15972567E-02  0.15972567E-02
 0.12970571E+02  0.84411235E-03  0.84411235E-03  0.15948815E-02  0.15948815E-02
 0.13061275E+02  0.80345145E-03  0.80345145E-03  0.15642348E-02  0.15642348E-02
 0.13151979E+02  0.78091783E-03  0.78091783E-03  0.15159043E-02  0.15159043E-02
 0.13242683E+02  0.78010739E-03  0.78010739E-03  0.14575604E-02  0.14575604E-02
 0.13333388E+02  0.80582530E-03  0.80582530E-03  0.13960233E-02  0.13960233E-02
 0.13424092E+02  0.86416678E-03  0.86416678E-03  0.13433941E-02  0.13433941E-02
 0.13514796E+02  0.95524871E-03  0.95524871E-03  0.13219630E-02  0.13219630E-02
 0.13605500E+02  0.10580876E-02  0.10580876E-02  0.13599722E-02  0.13599722E-02
 0.13696204E+02  0.11214903E-02  0.11214903E-02  0.14636779E-02  0.14636779E-02
 0.13786908E+02  0.11009946E-02  0.11009946E-02  0.15846897E-02  0.15846897E-02
 0.13877613E+02  0.10153612E-02  0.10153612E-02  0.16567479E-02  0.16567479E-02
 0.13968317E+02  0.92076015E-03  0.92076015E-03  0.16625472E-02  0.16625472E-02
 0.14059021E+02  0.85259034E-03  0.85259034E-03  0.16259979E-02  0.16259979E-02
 0.14149725E+02  0.81705456E-03  0.81705456E-03  0.15751065E-02  0.15751065E-02
 0.14240429E+02  0.80588355E-03  0.80588355E-03  0.15272105E-02  0.15272105E-02
 0.14331133E+02  0.80735989E-03  0.80735989E-03  0.14882157E-02  0.14882157E-02
 0.14421838E+02  0.81299757E-03  0.81299757E-03  0.14555731E-02  0.14555731E-02
 0.14512542E+02  0.82094983E-03  0.82094983E-03  0.14235684E-02  0.14235684E-02
 0.14603246E+02  0.83509828E-03  0.83509828E-03  0.13887640E-02  0.13887640E-02
 0.14693950E+02  0.86153860E-03  0.86153860E-03  0.13527622E-02  0.13527622E-02
 0.14784654E+02  0.90504069E-03  0.90504069E-03  0.13226605E-02  0.13226605E-02
 0.14875358E+02  0.96519441E-03  0.96519441E-03  0.13104435E-02  0.13104435E-02
 0.14966063E+02  0.10312167E-02  0.10312167E-02  0.13292288E-02  0.13292288E-02
 0.15056767E+02  0.10800718E-02  0.10800718E-02  0.13822753E-02  0.13822753E-02
 0.15147471E+02  0.10893384E-02  0.10893384E-02  0.14507368E-02  0.14507368E-02
 0.15238175E+02  0.10601224E-02  0.10601224E-02  0.15020799E-02  0.15020799E-02
 0.15328879E+02  0.10181495E-02  0.10181495E-02  0.15179324E-02  0.15179324E-02
 0.15419583E+02  0.99017476E-03  0.99017476E-03  0.15051562E-02  0.15051562E-02
 0.15510288E+02  0.98774973E-03  0.98774973E-03  0.14837498E-02  0.14837498E-02
 0.15600992E+02  0.10066839E-02  0.10066839E-02  0.14729522E-02  0.14729522E-02
 0.15691696E+02  0.10328221E-02  0.10328221E-02  0.14829602E-02  0.14829602E-02
 0.15782400E+02  0.10508469E-02  0.10508469E-02  0.15116569E-02  0.15116569E-02
 0.15873104E+02  0.10529051E-02  0.10529051E-02  0.15487535E-02  0.15487535E-02
 0.15963808E+02  0.10400680E-02  0.10400680E-02  0.15844794E-02  0.15844794E-02
 0.16054513E+02  0.10172085E-02  0.10172085E-02  0.16142098E-02  0.16142098E-02
 0.16145217E+02  0.98851267E-03  0.98851267E-03  0.16375973E-02  0.16375973E-02
 0.16235921E+02  0.95546981E-03  0.95546981E-03  0.16564634E-02  0.16564634E-02
 0.16326625E+02  0.91573074E-03  0.91573074E-03  0.16718464E-02  0.16718464E-02
 0.16417329E+02  0.86517981E-03  0.86517981E-03  0.16795374E-02  0.16795374E-02
 0.16508033E+02  0.80513756E-03  0.80513756E-03  0.16694952E-02  0.16694952E-02
 0.16598738E+02  0.74698761E-03  0.74698761E-03  0.16339721E-02  0.16339721E-02
 0.16689442E+02  0.70631393E-03  0.70631393E-03  0.15759771E-02  0.15759771E-02
 0.16780146E+02  0.69346980E-03  0.69346980E-03  0.15087897E-02  0.15087897E-02
 0.16870850E+02  0.70815309E-03  0.70815309E-03  0.14506540E-02  0.14506540E-02
 0.16961554E+02  0.73548320E-03  0.73548320E-03  0.14171082E-02  0.14171082E-02
 0.17052258E+02  0.74903276E-03  0.74903276E-03  0.14054334E-02  0.14054334E-02
 0.17142963E+02  0.73597892E-03  0.73597892E-03  0.13867088E-02  0.13867088E-02
 0.17233667E+02  0.71721015E-03  0.71721015E-03  0.13338135E-02  0.13338135E-02
 0.17324371E+02  0.72611143E-03  0.72611143E-03  0.12479323E-02  0.12479323E-02
 0.17415075E+02  0.78595775E-03  0.78595775E-03  0.11510517E-02  0.11510517E-02
 0.17505779E+02  0.90634885E-03  0.90634885E-03  0.10778278E-02  0.10778278E-02
 0.17596483E+02  0.10707643E-02  0.10707643E-02  0.10750142E-02  0.10750142E-02
 0.17687188E+02  0.12139514E-02  0.12139514E-02  0.11703109E-02  0.11703109E-02
 0.17777892E+02  0.12639236E-02  0.12639236E-02  0.13112179E-02  0.13112179E-02
 0.17868596E+02  0.12387426E-02  0.12387426E-02  0.14090287E-02  0.14090287E-02
 0.17959300E+02  0.12111813E-02  0.12111813E-02  0.14468590E-02  0.14468590E-02
 0.18050004E+02  0.12181467E-02  0.12181467E-02  0.14653680E-02  0.14653680E-02
 0.18140708E+02  0.12499999E-02  0.12499999E-02  0.15046656E-02  0.15046656E-02
 0.18231412E+02  0.12752574E-02  0.12752574E-02  0.15782332E-02  0.15782332E-02
 0.18322117E+02  0.12671932E-02  0.12671932E-02  0.16715229E-02  0.16715229E-02
 0.18412821E+02  0.12194999E-02  0.12194999E-02  0.17581377E-02  0.17581377E-02
 0.18503525E+02  0.11436891E-02  0.11436891E-02  0.18170949E-02  0.18170949E-02
 0.18594229E+02  0.10592426E-02  0.10592426E-02  0.18397855E-02  0.18397855E-02
 0.18684933E+02  0.98465414E-03  0.98465414E-03  0.18299814E-02  0.18299814E-02
 0.18775638E+02  0.93110714E-03  0.93110714E-03  0.17989986E-02  0.17989986E-02
 0.18866342E+02  0.90173163E-03  0.90173163E-03  0.17587340E-02  0.17587340E-02
 0.18957046E+02  0.89576773E-03  0.89576773E-03  0.17177723E-02  0.17177723E-02
 0.19047750E+02  0.91294230E-03  0.91294230E-03  0.16829017E-02  0.16829017E-02
 0.19138454E+02  0.95328149E-03  0.95328149E-03  0.16637596E-02  0.16637596E-02
 0.19229158E+02  0.10109856E-02  0.10109856E-02  0.16747265E-02  0.16747265E-02
 0.19319863E+02  0.10674511E-02  0.10674511E-02  0.17279959E-02  0.17279959E-02
 0.19410567E+02  0.10950594E-02  0.10950594E-02  0.18196663E-02  0.18196663E-02
 0.19501271E+02  0.10752799E-02  0.10752799E-02  0.19260414E-02  0.19260414E-02
 0.19591975E+02  0.10100259E-02  0.10100259E-02  0.20191210E-02  0.20191210E-02
 0.19682679E+02  0.91494287E-03  0.91494287E-03  0.20801772E-02  0.20801772E-02
 0.19773383E+02  0.81114308E-03  0.81114308E-03  0.21025222E-02  0.21025222E-02
 0.19864088E+02  0.71821276E-03  0.71821276E-03  0.20927893E-02  0.20927893E-02
 0.19954792E+02  0.64506648E-03  0.64506648E-03  0.20668028E-02  0.20668028E-02
 0.20045496E+02  0.58699874E-03  0.58699874E-03  0.20382513E-02  0.20382513E-02
 0.20136200E+02  0.53371535E-03  0.53371535E-03  0.20088392E-02  0.20088392E-02
 0.20226904E+02  0.48312836E-03  0.48312836E-03  0.19705167E-02  0.19705167E-02
 0.20317608E+02  0.44465088E-03  0.44465088E-03  0.19195513E-02  0.19195513E-02
 0.20408312E+02  0.42852782E-03  0.42852782E-03  0.18638349E-02  0.18638349E-02
 0.20499017E+02  0.43678049E-03  0.43678049E-03  0.18191958E-02  0.18191958E-02
 0.20589721E+02  0.45708224E-03  0.45708224E-03  0.18025398E-02  0.18025398E-02
 0.20680425E+02  0.46193271E-03  0.46193271E-03  0.18147154E-02  0.18147154E-02
 0.20771129E+02  0.43576766E-03  0.43576766E-03  0.18283378E-02  0.18283378E-02
 0.20861833E+02  0.39616569E-03  0.39616569E-03  0.18203876E-02  0.18203876E-02
 0.20952538E+02  0.36420753E-03  0.36420753E-03  0.17957059E-02  0.17957059E-02
 0.21043242E+02  0.34382382E-03  0.34382382E-03  0.17680109E-02  0.17680109E-02
 0.21133946E+02  0.32871617E-03  0.32871617E-03  0.17439295E-02  0.17439295E-02
 0.21224650E+02  0.31320965E-03  0.31320965E-03  0.17216829E-02  0.17216829E-02
 0.21315354E+02  0.29692844E-03  0.29692844E-03  0.16971686E-02  0.16971686E-02
 0.21406058E+02  0.28236070E-03  0.28236070E-03  0.16684021E-02  0.16684021E-02
 0.21496763E+02  0.27249689E-03  0.27249689E-03  0.16350657E-02  0.16350657E-02
 0.21587467E+02  0.27121828E-03  0.27121828E-03  0.15984058E-02  0.15984058E-02
 0.21678171E+02  0.28258043E-03  0.28258043E-03  0.15631808E-02  0.15631808E-02
 0.21768875E+02  0.30698495E-03  0.30698495E-03  0.15389283E-02  0.15389283E-02
 0.21859579E+02  0.33466291E-03  0.33466291E-03  0.15360002E-02  0.15360002E-02
 0.21950283E+02  0.34674349E-03  0.34674349E-03  0.15514512E-02  0.15514512E-02
 0.22040988E+02  0.33681625E-03  0.33681625E-03  0.15655754E-02  0.15655754E-02
 0.22131692E+02  0.31733173E-03  0.31733173E-03  0.15669577E-02  0.15669577E-02
 0.22222396E+02  0.29728489E-03  0.29728489E-03  0.15589818E-02  0.15589818E-02
 0.22313100E+02  0.27718105E-03  0.27718105E-03  0.15438508E-02  0.15438508E-02
 0.22403804E+02  0.25965680E-03  0.25965680E-03  0.15195211E-02  0.15195211E-02
 0.22494508E+02  0.25104515E-03  0.25104515E-03  0.14875188E-02  0.14875188E-02
 0.22585213E+02  0.25531644E-03  0.25531644E-03  0.14546466E-02  0.14546466E-02
 0.22675917E+02  0.27071905E-03  0.27071905E-03  0.14298095E-02  0.14298095E-02
 0.22766621E+02  0.28763860E-03  0.28763860E-03  0.14195057E-02  0.14195057E-02
 0.22857325E+02  0.29141677E-03  0.29141677E-03  0.14180584E-02  0.14180584E-02
 0.22948029E+02  0.28024036E-03  0.28024036E-03  0.14054907E-02  0.14054907E-02
 0.23038733E+02  0.27311527E-03  0.27311527E-03  0.13700837E-02  0.13700837E-02
 0.23129438E+02  0.29076867E-03  0.29076867E-03  0.13198686E-02  0.13198686E-02
 0.23220142E+02  0.34620183E-03  0.34620183E-03  0.12758070E-02  0.12758070E-02
 0.23310846E+02  0.43513077E-03  0.43513077E-03  0.12757826E-02  0.12757826E-02
 0.23401550E+02  0.49897905E-03  0.49897905E-03  0.13469164E-02  0.13469164E-02
 0.23492254E+02  0.48406788E-03  0.48406788E-03  0.14196947E-02  0.14196947E-02
 0.23582958E+02  0.45371905E-03  0.45371905E-03  0.14373727E-02  0.14373727E-02
 0.23673663E+02  0.45195423E-03  0.45195423E-03  0.14435007E-02  0.14435007E-02
 0.23764367E+02  0.45001136E-03  0.45001136E-03  0.14670612E-02  0.14670612E-02
 0.23855071E+02  0.43425384E-03  0.43425384E-03  0.14826913E-02  0.14826913E-02
 0.23945775E+02  0.43127462E-03  0.43127462E-03  0.14911964E-02  0.14911964E-02
 0.24036479E+02  0.42893790E-03  0.42893790E-03  0.15225478E-02  0.15225478E-02
 0.24127183E+02  0.39255342E-03  0.39255342E-03  0.15560537E-02  0.15560537E-02
 0.24217888E+02  0.34537915E-03  0.34537915E-03  0.15571067E-02  0.15571067E-02
 0.24308592E+02  0.31481464E-03  0.31481464E-03  0.15426094E-02  0.15426094E-02
 0.24399296E+02  0.29194559E-03  0.29194559E-03  0.15285688E-02  0.15285688E-02
 0.24490000E+02  0.27272016E-03  0.27272016E-03  0.15080452E-02  0.15080452E-02
 0.24580704E+02  0.26706861E-03  0.26706861E-03  0.14842872E-02  0.14842872E-02
 0.24671408E+02  0.27112260E-03  0.27112260E-03  0.14699508E-02  0.14699508E-02
 0.24762113E+02  0.27370151E-03  0.27370151E-03  0.14628716E-02  0.14628716E-02
 0.24852817E+02  0.27730002E-03  0.27730002E-03  0.14571884E-02  0.14571884E-02
 0.24943521E+02  0.28291298E-03  0.28291298E-03  0.14568364E-02  0.14568364E-02
 0.25034225E+02  0.28820680E-03  0.28820680E-03  0.14615551E-02  0.14615551E-02
 0.25124929E+02  0.29173079E-03  0.29173079E-03  0.14758950E-02  0.14758950E-02
 0.25215633E+02  0.28034069E-03  0.28034069E-03  0.14954080E-02  0.14954080E-02
 0.25306338E+02  0.26203463E-03  0.26203463E-03  0.15041578E-02  0.15041578E-02
 0.25397042E+02  0.24665830E-03  0.24665830E-03  0.15134281E-02  0.15134281E-02
 0.25487746E+02  0.22055242E-03  0.22055242E-03  0.15228544E-02  0.15228544E-02
 0.25578450E+02  0.19133387E-03  0.19133387E-03  0.15194231E-02  0.15194231E-02
 0.25669154E+02  0.16742649E-03  0.16742649E-03  0.15109885E-02  0.15109885E-02
 0.25759858E+02  0.14456606E-03  0.14456606E-03  0.15000382E-02  0.15000382E-02
 0.25850563E+02  0.12445439E-03  0.12445439E-03  0.14846021E-02  0.14846021E-02
 0.25941267E+02  0.10920173E-03  0.10920173E-03  0.14671941E-02  0.14671941E-02
 0.26031971E+02  0.97593789E-04  0.97593789E-04  0.14501229E-02  0.14501229E-02
 0.26122675E+02  0.89087288E-04  0.89087288E-04  0.14330739E-02  0.14330739E-02
 0.26213379E+02  0.84707451E-04  0.84707451E-04  0.14183493E-02  0.14183493E-02
 0.26304083E+02  0.80268816E-04  0.80268816E-04  0.14085197E-02  0.14085197E-02
 0.26394788E+02  0.72680256E-04  0.72680256E-04  0.13993880E-02  0.13993880E-02
 0.26485492E+02  0.64414826E-04  0.64414826E-04  0.13889169E-02  0.13889169E-02
 0.26576196E+02  0.56140054E-04  0.56140054E-04  0.13775846E-02  0.13775846E-02
 0.26666900E+02  0.48170971E-04  0.48170971E-04  0.13648458E-02  0.13648458E-02
 0.26757604E+02  0.42061002E-04  0.42061002E-04  0.13508014E-02  0.13508014E-02
 0.26848308E+02  0.38313637E-04  0.38313637E-04  0.13374001E-02  0.13374001E-02
 0.26939013E+02  0.35250734E-04  0.35250734E-04  0.13255374E-02  0.13255374E-02
 0.27029717E+02  0.32175615E-04  0.32175615E-04  0.13143329E-02  0.13143329E-02
 0.27120421E+02  0.29038195E-04  0.29038195E-04  0.13034191E-02  0.13034191E-02
 0.27211125E+02  0.26149872E-04  0.26149872E-04  0.12923162E-02  0.12923162E-02
 0.27301829E+02  0.23951747E-04  0.23951747E-04  0.12813046E-02  0.12813046E-02
 0.27392533E+02  0.22323618E-04  0.22323618E-04  0.12707139E-02  0.12707139E-02
 0.27483238E+02  0.21061260E-04  0.21061260E-04  0.12606082E-02  0.12606082E-02
 0.27573942E+02  0.20034855E-04  0.20034855E-04  0.12509543E-02  0.12509543E-02
 0.27664646E+02  0.19169822E-04  0.19169822E-04  0.12417025E-02  0.12417025E-02
 0.27755350E+02  0.18421706E-04  0.18421706E-04  0.12328071E-02  0.12328071E-02
 0.27846054E+02  0.17762378E-04  0.17762378E-04  0.12242295E-02  0.12242295E-02
 0.27936758E+02  0.17172984E-04  0.17172984E-04  0.12159378E-02  0.12159378E-02
 0.28027463E+02  0.16640257E-04  0.16640257E-04  0.12079052E-02  0.12079052E-02
 0.28118167E+02  0.16154475E-04  0.16154475E-04  0.12001095E-02  0.12001095E-02
 0.28208871E+02  0.15708281E-04  0.15708281E-04  0.11925312E-02  0.11925312E-02
 0.28299575E+02  0.15295964E-04  0.15295964E-04  0.11851540E-02  0.11851540E-02
 0.28390279E+02  0.14912987E-04  0.14912987E-04  0.11779636E-02  0.11779636E-02
 0.28480983E+02  0.14555674E-04  0.14555674E-04  0.11709475E-02  0.11709475E-02
 0.28571688E+02  0.14221008E-04  0.14221008E-04  0.11640945E-02  0.11640945E-02
 0.28662392E+02  0.13906472E-04  0.13906472E-04  0.11573947E-02  0.11573947E-02
 0.28753096E+02  0.13609952E-04  0.13609952E-04  0.11508393E-02  0.11508393E-02
 0.28843800E+02  0.13329649E-04  0.13329649E-04  0.11444204E-02  0.11444204E-02
 0.28934504E+02  0.13064013E-04  0.13064013E-04  0.11381307E-02  0.11381307E-02
 0.29025208E+02  0.12811707E-04  0.12811707E-04  0.11319637E-02  0.11319637E-02
 0.29115913E+02  0.12571567E-04  0.12571567E-04  0.11259134E-02  0.11259134E-02
 0.29206617E+02  0.12342574E-04  0.12342574E-04  0.11199744E-02  0.11199744E-02
 0.29297321E+02  0.12123829E-04  0.12123829E-04  0.11141418E-02  0.11141418E-02
 0.29388025E+02  0.11914531E-04  0.11914531E-04  0.11084106E-02  0.11084106E-02
 0.29478729E+02  0.11713974E-04  0.11713974E-04  0.11027768E-02  0.11027768E-02
 0.29569433E+02  0.11521524E-04  0.11521524E-04  0.10972364E-02  0.10972364E-02
 0.29660137E+02  0.11336614E-04  0.11336614E-04  0.10917856E-02  0.10917856E-02
 0.29750842E+02  0.11158729E-04  0.11158729E-04  0.10864211E-02  0.10864211E-02
 0.29841546E+02  0.10987407E-04  0.10987407E-04  0.10811396E-02  0.10811396E-02
 0.29932250E+02  0.10822231E-04  0.10822231E-04  0.10759383E-02  0.10759383E-02
 0.30022954E+02  0.10662815E-04  0.10662815E-04  0.10708140E-02  0.10708140E-02
 0.30113658E+02  0.10508812E-04  0.10508812E-04  0.10657643E-02  0.10657643E-02
 0.30204363E+02  0.10359904E-04  0.10359904E-04  0.10607867E-02  0.10607867E-02
 0.30295067E+02  0.10215800E-04  0.10215800E-04  0.10558788E-02  0.10558788E-02
 0.30385771E+02  0.10076232E-04  0.10076232E-04  0.10510384E-02  0.10510384E-02
 0.30476475E+02  0.99409550E-05  0.99409550E-05  0.10462635E-02  0.10462635E-02
 0.30567179E+02  0.98097385E-05  0.98097385E-05  0.10415520E-02  0.10415520E-02
 0.30657883E+02  0.96823733E-05  0.96823733E-05  0.10369021E-02  0.10369021E-02
 0.30748588E+02  0.95586671E-05  0.95586671E-05  0.10323121E-02  0.10323121E-02
 0.30839292E+02  0.94384349E-05  0.94384349E-05  0.10277801E-02  0.10277801E-02
 0.30929996E+02  0.93215097E-05  0.93215097E-05  0.10233045E-02  0.10233045E-02
 0.31020700E+02  0.92077357E-05  0.92077357E-05  0.10188839E-02  0.10188839E-02
 0.31111404E+02  0.90969671E-05  0.90969671E-05  0.10145168E-02  0.10145168E-02
 0.31202108E+02  0.89890676E-05  0.89890676E-05  0.10102018E-02  0.10102018E-02
 0.31292813E+02  0.88839106E-05  0.88839106E-05  0.10059376E-02  0.10059376E-02
 0.31383517E+02  0.87813752E-05  0.87813752E-05  0.10017229E-02  0.10017229E-02
 0.31474221E+02  0.86813505E-05  0.86813505E-05  0.99755641E-03  0.99755641E-03
 0.31564925E+02  0.85837333E-05  0.85837333E-05  0.99343717E-03  0.99343717E-03
 0.31655629E+02  0.84884214E-05  0.84884214E-05  0.98936379E-03  0.98936379E-03
 0.31746333E+02  0.83953228E-05  0.83953228E-05  0.98533531E-03  0.98533531E-03
 0.31837037E+02  0.83043505E-05  0.83043505E-05  0.98135070E-03  0.98135070E-03
 0.31927742E+02  0.82154219E-05  0.82154219E-05  0.97740897E-03  0.97740897E-03
 0.32018446E+02  0.81284590E-05  0.81284590E-05  0.97350918E-03  0.97350918E-03
 0.32109150E+02  0.80433887E-05  0.80433887E-05  0.96965040E-03  0.96965040E-03
 0.32199854E+02  0.79601402E-05  0.79601402E-05  0.96583174E-03  0.96583174E-03
 0.32290558E+02  0.78786478E-05  0.78786478E-05  0.96205236E-03  0.96205236E-03
 0.32381263E+02  0.77988510E-05  0.77988510E-05  0.95831154E-03  0.95831154E-03
 0.32471967E+02  0.77206869E-05  0.77206869E-05  0.95460828E-03  0.95460828E-03
 0.32562671E+02  0.76441003E-05  0.76441003E-05  0.95094191E-03  0.95094191E-03
 0.32653375E+02  0.75690379E-05  0.75690379E-05  0.94731170E-03  0.94731170E-03
 0.32744079E+02  0.74954487E-05  0.74954487E-05  0.94371694E-03  0.94371694E-03
 0.32834783E+02  0.74232843E-05  0.74232843E-05  0.94015693E-03  0.94015693E-03
 0.32925488E+02  0.73524989E-05  0.73524989E-05  0.93663102E-03  0.93663102E-03
 0.33016192E+02  0.72830474E-05  0.72830474E-05  0.93313854E-03  0.93313854E-03
 0.33106896E+02  0.72148884E-05  0.72148884E-05  0.92967887E-03  0.92967887E-03
 0.33197600E+02  0.71479833E-05  0.71479833E-05  0.92625153E-03  0.92625153E-03
 0.33288304E+02  0.70822909E-05  0.70822909E-05  0.92285571E-03  0.92285571E-03
 0.33379008E+02  0.70177754E-05  0.70177754E-05  0.91949093E-03  0.91949093E-03
 0.33469713E+02  0.69544022E-05  0.69544022E-05  0.91615666E-03  0.91615666E-03
 0.33560417E+02  0.68921376E-05  0.68921376E-05  0.91285235E-03  0.91285235E-03
 0.33651121E+02  0.68309500E-05  0.68309500E-05  0.90957749E-03  0.90957749E-03
 0.33741825E+02  0.67708079E-05  0.67708079E-05  0.90633157E-03  0.90633157E-03
 0.33832529E+02  0.67116820E-05  0.67116820E-05  0.90311409E-03  0.90311409E-03
 0.33923233E+02  0.66535441E-05  0.66535441E-05  0.89992458E-03  0.89992458E-03
 0.34013937E+02  0.65963684E-05  0.65963684E-05  0.89676268E-03  0.89676268E-03
 0.34104642E+02  0.65401262E-05  0.65401262E-05  0.89362773E-03  0.89362773E-03
 0.34195346E+02  0.64847933E-05  0.64847933E-05  0.89051940E-03  0.89051940E-03
 0.34286050E+02  0.64303458E-05  0.64303458E-05  0.88743725E-03  0.88743725E-03
 0.34376754E+02  0.63767607E-05  0.63767607E-05  0.88438087E-03  0.88438087E-03
 0.34467458E+02  0.63240156E-05  0.63240156E-05  0.88134986E-03  0.88134986E-03
 0.34558163E+02  0.62720889E-05  0.62720889E-05  0.87834382E-03  0.87834382E-03
 0.34648867E+02  0.62209599E-05  0.62209599E-05  0.87536236E-03  0.87536236E-03
 0.34739571E+02  0.61706087E-05  0.61706087E-05  0.87240510E-03  0.87240510E-03
 0.34830275E+02  0.61210174E-05  0.61210174E-05  0.86947179E-03  0.86947179E-03
 0.34920979E+02  0.60721651E-05  0.60721651E-05  0.86656187E-03  0.86656187E-03
 0.35011683E+02  0.60240346E-05  0.60240346E-05  0.86367508E-03  0.86367508E-03
 0.35102388E+02  0.59766091E-05  0.59766091E-05  0.86081108E-03  0.86081108E-03
 0.35193092E+02  0.59298717E-05  0.59298717E-05  0.85796956E-03  0.85796956E-03
 0.35283796E+02  0.58838066E-05  0.58838066E-05  0.85515017E-03  0.85515017E-03
 0.35374500E+02  0.58383979E-05  0.58383979E-05  0.85235261E-03  0.85235261E-03
 0.35465204E+02  0.57936306E-05  0.57936306E-05  0.84957655E-03  0.84957655E-03
 0.35555908E+02  0.57494903E-05  0.57494903E-05  0.84682171E-03  0.84682171E-03
 0.35646613E+02  0.57059639E-05  0.57059639E-05  0.84408788E-03  0.84408788E-03
 0.35737317E+02  0.56630356E-05  0.56630356E-05  0.84137458E-03  0.84137458E-03
 0.35828021E+02  0.56206932E-05  0.56206932E-05  0.83868163E-03  0.83868163E-03
 0.35918725E+02  0.55789241E-05  0.55789241E-05  0.83600874E-03  0.83600874E-03
 0.36009429E+02  0.55377157E-05  0.55377157E-05  0.83335565E-03  0.83335565E-03
 0.36100133E+02  0.54970564E-05  0.54970564E-05  0.83072210E-03  0.83072210E-03
 0.36190838E+02  0.54569341E-05  0.54569341E-05  0.82810782E-03  0.82810782E-03
 0.36281542E+02  0.54173377E-05  0.54173377E-05  0.82551255E-03  0.82551255E-03
 0.36372246E+02  0.53782564E-05  0.53782564E-05  0.82293606E-03  0.82293606E-03
 0.36462950E+02  0.53396805E-05  0.53396805E-05  0.82037819E-03  0.82037819E-03
 0.36553654E+02  0.53015977E-05  0.53015977E-05  0.81783852E-03  0.81783852E-03
 0.36644358E+02  0.52639989E-05  0.52639989E-05  0.81531691E-03  0.81531691E-03
 0.36735063E+02  0.52268744E-05  0.52268744E-05  0.81281312E-03  0.81281312E-03
 0.36825767E+02  0.51902148E-05  0.51902148E-05  0.81032694E-03  0.81032694E-03
 0.36916471E+02  0.51540112E-05  0.51540112E-05  0.80785815E-03  0.80785815E-03
 0.37007175E+02  0.51182543E-05  0.51182543E-05  0.80540653E-03  0.80540653E-03
 0.37097879E+02  0.50829355E-05  0.50829355E-05  0.80297186E-03  0.80297186E-03
 0.37188583E+02  0.50480476E-05  0.50480476E-05  0.80055403E-03  0.80055403E-03
 0.37279288E+02  0.50135802E-05  0.50135802E-05  0.79815267E-03  0.79815267E-03
 0.37369992E+02  0.49795265E-05  0.49795265E-05  0.79576766E-03  0.79576766E-03
 0.37460696E+02  0.49458786E-05  0.49458786E-05  0.79339880E-03  0.79339880E-03
 0.37551400E+02  0.49126290E-05  0.49126290E-05  0.79104590E-03  0.79104590E-03
 0.37642104E+02  0.48797704E-05  0.48797704E-05  0.78870878E-03  0.78870878E-03
 0.37732808E+02  0.48472956E-05  0.48472956E-05  0.78638725E-03  0.78638725E-03
 0.37823512E+02  0.48151976E-05  0.48151976E-05  0.78408113E-03  0.78408113E-03
 0.37914217E+02  0.47834697E-05  0.47834697E-05  0.78179023E-03  0.78179023E-03
 0.38004921E+02  0.47521061E-05  0.47521061E-05  0.77951447E-03  0.77951447E-03
 0.38095625E+02  0.47210985E-05  0.47210985E-05  0.77725351E-03  0.77725351E-03
 0.38186329E+02  0.46904417E-05  0.46904417E-05  0.77500728E-03  0.77500728E-03
 0.38277033E+02  0.46601294E-05  0.46601294E-05  0.77277558E-03  0.77277558E-03
 0.38367737E+02  0.46301556E-05  0.46301556E-05  0.77055828E-03  0.77055828E-03
 0.38458442E+02  0.46005146E-05  0.46005146E-05  0.76835519E-03  0.76835519E-03
 0.38549146E+02  0.45712008E-05  0.45712008E-05  0.76616618E-03  0.76616618E-03
 0.38639850E+02  0.45422083E-05  0.45422083E-05  0.76399108E-03  0.76399108E-03
 0.38730554E+02  0.45135320E-05  0.45135320E-05  0.76182974E-03  0.76182974E-03
 0.38821258E+02  0.44851672E-05  0.44851672E-05  0.75968209E-03  0.75968209E-03
 0.38911963E+02  0.44571074E-05  0.44571074E-05  0.75754783E-03  0.75754783E-03
 0.39002667E+02  0.44293480E-05  0.44293480E-05  0.75542689E-03  0.75542689E-03
 0.39093371E+02  0.44018843E-05  0.44018843E-05  0.75331912E-03  0.75331912E-03
 0.39184075E+02  0.43747114E-05  0.43747114E-05  0.75122439E-03  0.75122439E-03
 0.39274779E+02  0.43478246E-05  0.43478246E-05  0.74914257E-03  0.74914257E-03
 0.39365483E+02  0.43212194E-05  0.43212194E-05  0.74707351E-03  0.74707351E-03
 0.39456188E+02  0.42948912E-05  0.42948912E-05  0.74501708E-03  0.74501708E-03
 0.39546892E+02  0.42688359E-05  0.42688359E-05  0.74297315E-03  0.74297315E-03
 0.39637596E+02  0.42430495E-05  0.42430495E-05  0.74094166E-03  0.74094166E-03
 0.39728300E+02  0.42175265E-05  0.42175265E-05  0.73892235E-03  0.73892235E-03
 0.39819004E+02  0.41922635E-05  0.41922635E-05  0.73691516E-03  0.73691516E-03
 0.39909708E+02  0.41672566E-05  0.41672566E-05  0.73491996E-03  0.73491996E-03
 0.40000413E+02  0.41425017E-05  0.41425017E-05  0.73293664E-03  0.73293664E-03
 0.40091117E+02  0.41179952E-05  0.41179952E-05  0.73096507E-03  0.73096507E-03
 0.40181821E+02  0.40937331E-05  0.40937331E-05  0.72900514E-03  0.72900514E-03
 0.40272525E+02  0.40697118E-05  0.40697118E-05  0.72705674E-03  0.72705674E-03
 0.40363229E+02  0.40459279E-05  0.40459279E-05  0.72511974E-03  0.72511974E-03
 0.40453933E+02  0.40223782E-05  0.40223782E-05  0.72319410E-03  0.72319410E-03
 0.40544638E+02  0.39990580E-05  0.39990580E-05  0.72127959E-03  0.72127959E-03
 0.40635342E+02  0.39759646E-05  0.39759646E-05  0.71937615E-03  0.71937615E-03
 0.40726046E+02  0.39530947E-05  0.39530947E-05  0.71748367E-03  0.71748367E-03
 0.40816750E+02  0.39304451E-05  0.39304451E-05  0.71560207E-03  0.71560207E-03
 0.40907454E+02  0.39080125E-05  0.39080125E-05  0.71373121E-03  0.71373121E-03
 0.40998158E+02  0.38857939E-05  0.38857939E-05  0.71187102E-03  0.71187102E-03
 0.41088862E+02  0.38637862E-05  0.38637862E-05  0.71002138E-03  0.71002138E-03
 0.41179567E+02  0.38419866E-05  0.38419866E-05  0.70818220E-03  0.70818220E-03
 0.41270271E+02  0.38203924E-05  0.38203924E-05  0.70635343E-03  0.70635343E-03
 0.41360975E+02  0.37989996E-05  0.37989996E-05  0.70453486E-03  0.70453486E-03
 0.41451679E+02  0.37778061E-05  0.37778061E-05  0.70272645E-03  0.70272645E-03
 0.41542383E+02  0.37568091E-05  0.37568091E-05  0.70092811E-03  0.70092811E-03
 0.41633088E+02  0.37360059E-05  0.37360059E-05  0.69913975E-03  0.69913975E-03
 0.41723792E+02  0.37153938E-05  0.37153938E-05  0.69736127E-03  0.69736127E-03
 0.41814496E+02  0.36949701E-05  0.36949701E-05  0.69559258E-03  0.69559258E-03
 0.41905200E+02  0.36747325E-05  0.36747325E-05  0.69383360E-03  0.69383360E-03
 0.41995904E+02  0.36546783E-05  0.36546783E-05  0.69208423E-03  0.69208423E-03
 0.42086608E+02  0.36348056E-05  0.36348056E-05  0.69034445E-03  0.69034445E-03
 0.42177313E+02  0.36151108E-05  0.36151108E-05  0.68861406E-03  0.68861406E-03
 0.42268017E+02  0.35955922E-05  0.35955922E-05  0.68689302E-03  0.68689302E-03
 0.42358721E+02  0.35762474E-05  0.35762474E-05  0.68518126E-03  0.68518126E-03
 0.42449425E+02  0.35570741E-05  0.35570741E-05  0.68347869E-03  0.68347869E-03
 0.42540129E+02  0.35380701E-05  0.35380701E-05  0.68178523E-03  0.68178523E-03
 0.42630833E+02  0.35192332E-05  0.35192332E-05  0.68010080E-03  0.68010080E-03
 0.42721538E+02  0.35005612E-05  0.35005612E-05  0.67842532E-03  0.67842532E-03
 0.42812242E+02  0.34820520E-05  0.34820520E-05  0.67675872E-03  0.67675872E-03
 0.42902946E+02  0.34637040E-05  0.34637040E-05  0.67510097E-03  0.67510097E-03
 0.42993650E+02  0.34455141E-05  0.34455141E-05  0.67345188E-03  0.67345188E-03
 0.43084354E+02  0.42907379E-05  0.34274808E-05  0.67180077E-03  0.67181144E-03
 0.43175058E+02  0.51160299E-05  0.34096020E-05  0.67015623E-03  0.67017957E-03
 0.43265763E+02  0.59218647E-05  0.33918760E-05  0.66851833E-03  0.66855619E-03
 0.43356467E+02  0.58896388E-05  0.33743007E-05  0.66690373E-03  0.66694124E-03
 0.43447171E+02  0.75251503E-05  0.33568744E-05  0.66526148E-03  0.66533465E-03
 0.43537875E+02  0.82841393E-05  0.33395950E-05  0.66364345E-03  0.66373633E-03
 0.43628579E+02  0.90251921E-05  0.33224609E-05  0.66203222E-03  0.66214624E-03
 0.43719283E+02  0.97487332E-05  0.33054707E-05  0.66042788E-03  0.66056433E-03
 0.43809988E+02  0.96951495E-05  0.32886216E-05  0.65885526E-03  0.65899045E-03
 0.43900692E+02  0.10397729E-04  0.32719125E-05  0.65726596E-03  0.65742458E-03
 0.43991396E+02  0.11917230E-04  0.32553416E-05  0.65565223E-03  0.65586665E-03
 0.44082100E+02  0.12582203E-04  0.32389073E-05  0.65407496E-03  0.65431660E-03
 0.44172804E+02  0.12513284E-04  0.32226078E-05  0.65253493E-03  0.65277436E-03
 0.44263508E+02  0.13159031E-04  0.32064417E-05  0.65097261E-03  0.65123987E-03
 0.44354213E+02  0.13789470E-04  0.31904073E-05  0.64941720E-03  0.64971306E-03
 0.44444917E+02  0.14404955E-04  0.31745032E-05  0.64786870E-03  0.64819388E-03
 0.44535621E+02  0.15141546E-04  0.31587280E-05  0.64632043E-03  0.64668231E-03
 0.44626325E+02  0.15734654E-04  0.31430795E-05  0.64478517E-03  0.64517819E-03
 0.44717029E+02  0.16313622E-04  0.31275566E-05  0.64325684E-03  0.64368150E-03
 0.44807733E+02  0.16225498E-04  0.31121578E-05  0.64177135E-03  0.64219220E-03
 0.44898438E+02  0.16787796E-04  0.30968817E-05  0.64025754E-03  0.64071021E-03
 0.44989142E+02  0.17336686E-04  0.30817269E-05  0.63875059E-03  0.63923549E-03
 0.45079846E+02  0.17872472E-04  0.30666920E-05  0.63725051E-03  0.63776798E-03
 0.45170550E+02  0.18569409E-04  0.30517756E-05  0.63574652E-03  0.63630761E-03
 0.45261254E+02  0.19085357E-04  0.30369764E-05  0.63425948E-03  0.63485434E-03
 0.45351958E+02  0.19588907E-04  0.30222934E-05  0.63277931E-03  0.63340815E-03
 0.45442662E+02  0.19484806E-04  0.30077245E-05  0.63134559E-03  0.63196889E-03
 0.45533367E+02  0.19973878E-04  0.29932688E-05  0.62987941E-03  0.63053656E-03
 0.45624071E+02  0.20451181E-04  0.29789250E-05  0.62841998E-03  0.62911110E-03
 0.45714775E+02  0.20916980E-04  0.29646919E-05  0.62696730E-03  0.62769246E-03
 0.45805479E+02  0.21578378E-04  0.29505683E-05  0.62550626E-03  0.62628059E-03
 0.45896183E+02  0.22026540E-04  0.29365529E-05  0.62406631E-03  0.62487544E-03
 0.45986888E+02  0.22463810E-04  0.29226446E-05  0.62263306E-03  0.62347695E-03
 0.46077592E+02  0.22346461E-04  0.29088422E-05  0.62124846E-03  0.62208508E-03
 0.46168296E+02  0.22771148E-04  0.28951448E-05  0.61982875E-03  0.62069981E-03
 0.46259000E+02  0.23185482E-04  0.28815506E-05  0.61841560E-03  0.61932101E-03
 0.46349704E+02  0.23065281E-04  0.28680588E-05  0.61705100E-03  0.61794868E-03
 0.46440408E+02  0.24219161E-04  0.28546684E-05  0.61558947E-03  0.61658276E-03
 0.46531113E+02  0.24607657E-04  0.28413781E-05  0.61419528E-03  0.61522321E-03
 0.46621817E+02  0.24481012E-04  0.28281871E-05  0.61285076E-03  0.61386998E-03
 0.46712521E+02  0.24858286E-04  0.28150941E-05  0.61146960E-03  0.61252302E-03
 0.46803225E+02  0.25226240E-04  0.28020981E-05  0.61009488E-03  0.61118229E-03
 0.46893929E+02  0.25097391E-04  0.27891986E-05  0.60876951E-03  0.60984779E-03
 0.46984633E+02  0.25454717E-04  0.27763936E-05  0.60740757E-03  0.60851937E-03
 0.47075338E+02  0.26535703E-04  0.27636826E-05  0.60598512E-03  0.60719705E-03
 0.47166042E+02  0.26401154E-04  0.27510646E-05  0.60467894E-03  0.60588077E-03
 0.47256746E+02  0.26735659E-04  0.27385386E-05  0.60333524E-03  0.60457049E-03
 0.47347450E+02  0.27061760E-04  0.27261037E-05  0.60199779E-03  0.60326617E-03
 0.47438154E+02  0.26925562E-04  0.27137589E-05  0.60070986E-03  0.60196776E-03
 0.47528858E+02  0.27242176E-04  0.27015033E-05  0.59938473E-03  0.60067522E-03
 0.47619563E+02  0.27550793E-04  0.26893359E-05  0.59806574E-03  0.59938852E-03
 0.47710267E+02  0.27413158E-04  0.26772563E-05  0.59679571E-03  0.59810764E-03
 0.47800971E+02  0.28423805E-04  0.26652627E-05  0.59541816E-03  0.59683246E-03
 0.47891675E+02  0.28712095E-04  0.26533547E-05  0.59411679E-03  0.59556299E-03
 0.47982379E+02  0.28569693E-04  0.26415313E-05  0.59286474E-03  0.59429919E-03
 0.48073083E+02  0.28849510E-04  0.26297919E-05  0.59157524E-03  0.59304100E-03
 0.48163788E+02  0.29122104E-04  0.26181354E-05  0.59029169E-03  0.59178841E-03
 0.48254492E+02  0.28978719E-04  0.26065610E-05  0.58905671E-03  0.59054135E-03
 0.48345196E+02  0.29243280E-04  0.25950680E-05  0.58778479E-03  0.58929980E-03
 0.48435900E+02  0.30195150E-04  0.25836555E-05  0.58644439E-03  0.58806372E-03
 0.48526604E+02  0.30047548E-04  0.25723231E-05  0.58522673E-03  0.58683311E-03
 0.48617308E+02  0.30294070E-04  0.25610692E-05  0.58397168E-03  0.58560785E-03
 0.48708013E+02  0.30534061E-04  0.25498934E-05  0.58272238E-03  0.58438794E-03
 0.48798717E+02  0.30385865E-04  0.25387950E-05  0.58152100E-03  0.58317334E-03
 0.48889421E+02  0.30618682E-04  0.25277732E-05  0.58028290E-03  0.58196403E-03
 0.48980125E+02  0.30470775E-04  0.25168273E-05  0.57909210E-03  0.58075996E-03
 0.49070829E+02  0.30696625E-04  0.25059565E-05  0.57786504E-03  0.57956110E-03
 0.49161533E+02  0.31591380E-04  0.24951600E-05  0.57656673E-03  0.57836740E-03
 0.49252237E+02  0.31439850E-04  0.24844372E-05  0.57539228E-03  0.57717885E-03
 0.49342942E+02  0.31649652E-04  0.24737877E-05  0.57418138E-03  0.57599543E-03
 0.49433646E+02  0.31853697E-04  0.24632101E-05  0.57297592E-03  0.57481704E-03
 0.49524350E+02  0.31701969E-04  0.24527040E-05  0.57181687E-03  0.57364369E-03
 0.49615054E+02  0.31899787E-04  0.24422688E-05  0.57062204E-03  0.57247533E-03
 0.49705758E+02  0.31748543E-04  0.24319038E-05  0.56947297E-03  0.57131193E-03
 0.49796462E+02  0.31940309E-04  0.24216083E-05  0.56828862E-03  0.57015347E-03
 0.49887167E+02  0.32126726E-04  0.24113816E-05  0.56710958E-03  0.56899990E-03
 0.49977871E+02  0.32629223E-04  0.24012231E-05  0.56589719E-03  0.56785120E-03
 0.50068575E+02  0.32806677E-04  0.23911322E-05  0.56472823E-03  0.56670734E-03
 0.50159279E+02  0.32652909E-04  0.23811086E-05  0.56360431E-03  0.56556831E-03
 0.50249983E+02  0.32824830E-04  0.23711509E-05  0.56244549E-03  0.56443401E-03
 0.50340687E+02  0.32991799E-04  0.23612588E-05  0.56129183E-03  0.56330445E-03
 0.50431392E+02  0.32838204E-04  0.23514319E-05  0.56018223E-03  0.56217960E-03
 0.50522096E+02  0.32999920E-04  0.23416694E-05  0.55903851E-03  0.56105942E-03
 0.50612800E+02  0.32846971E-04  0.23319707E-05  0.55793822E-03  0.55994389E-03
 0.50703504E+02  0.33640407E-04  0.23223354E-05  0.55672459E-03  0.55883297E-03
 0.50794208E+02  0.33789334E-04  0.23127627E-05  0.55559556E-03  0.55772664E-03
 0.50884913E+02  0.33633777E-04  0.23032522E-05  0.55450973E-03  0.55662486E-03
 0.50975617E+02  0.33777901E-04  0.22938035E-05  0.55339037E-03  0.55552764E-03
 0.51066321E+02  0.33623083E-04  0.22844154E-05  0.55231353E-03  0.55443489E-03
 0.51157025E+02  0.33762530E-04  0.22750878E-05  0.55120364E-03  0.55334660E-03
 0.51247729E+02  0.33897709E-04  0.22658201E-05  0.55009859E-03  0.55226274E-03
 0.51338433E+02  0.33743360E-04  0.22566118E-05  0.54903515E-03  0.55118330E-03
 0.51429138E+02  0.33874102E-04  0.22474622E-05  0.54793942E-03  0.55010824E-03
 0.51519842E+02  0.34338558E-04  0.22383709E-05  0.54680436E-03  0.54903753E-03
 0.51610546E+02  0.34462065E-04  0.22293374E-05  0.54571776E-03  0.54797115E-03
 0.51701250E+02  0.34581620E-04  0.22203611E-05  0.54463587E-03  0.54690906E-03
 0.51791954E+02  0.34425868E-04  0.22114419E-05  0.54359470E-03  0.54585129E-03
 0.51882658E+02  0.34541366E-04  0.22025786E-05  0.54252183E-03  0.54479772E-03
 0.51973363E+02  0.34386454E-04  0.21937710E-05  0.54148903E-03  0.54374837E-03
 0.52064067E+02  0.34498005E-04  0.21850186E-05  0.54042507E-03  0.54270321E-03
 0.52154771E+02  0.34343944E-04  0.21763210E-05  0.53940057E-03  0.54166221E-03
 0.52245475E+02  0.34451659E-04  0.21676777E-05  0.53834539E-03  0.54062536E-03
 0.52336179E+02  0.34555781E-04  0.21590882E-05  0.53729471E-03  0.53959262E-03
 0.52426883E+02  0.35000025E-04  0.21505520E-05  0.53620197E-03  0.53856396E-03
 0.52517588E+02  0.35097746E-04  0.21420686E-05  0.53515991E-03  0.53753937E-03
 0.52608292E+02  0.34942666E-04  0.21336380E-05  0.53415642E-03  0.53651885E-03
 0.52698996E+02  0.35036880E-04  0.21252590E-05  0.53312287E-03  0.53550230E-03
 0.52789700E+02  0.34882710E-04  0.21169315E-05  0.53212727E-03  0.53448975E-03
 0.52880404E+02  0.34973512E-04  0.21086551E-05  0.53110213E-03  0.53348115E-03
 0.52971108E+02  0.35061064E-04  0.21004292E-05  0.53008130E-03  0.53247650E-03
 0.53061813E+02  0.34907742E-04  0.20922536E-05  0.52909752E-03  0.53147576E-03
 0.53152517E+02  0.34992055E-04  0.20841277E-05  0.52808494E-03  0.53047891E-03
 0.53243221E+02  0.35420768E-04  0.20760512E-05  0.52702821E-03  0.52948593E-03
 0.53333925E+02  0.35499304E-04  0.20680236E-05  0.52602381E-03  0.52849679E-03
 0.53424629E+02  0.35345352E-04  0.20600448E-05  0.52505588E-03  0.52751151E-03
 0.53515333E+02  0.35420860E-04  0.20521137E-05  0.52405952E-03  0.52652998E-03
 0.53606037E+02  0.35493422E-04  0.20442304E-05  0.52306730E-03  0.52555224E-03
 0.53696742E+02  0.35340429E-04  0.20363944E-05  0.52211062E-03  0.52457824E-03
 0.53787446E+02  0.35410116E-04  0.20286052E-05  0.52112629E-03  0.52360798E-03
 0.53878150E+02  0.35258093E-04  0.20208625E-05  0.52017696E-03  0.52264142E-03
 0.53968854E+02  0.35324985E-04  0.20131660E-05  0.51920042E-03  0.52167855E-03
 0.54059558E+02  0.35173934E-04  0.20055151E-05  0.51825833E-03  0.52071934E-03
 0.54150263E+02  0.35801177E-04  0.19979097E-05  0.51720914E-03  0.51976377E-03
 0.54240967E+02  0.35648719E-04  0.19903494E-05  0.51627480E-03  0.51881185E-03
 0.54331671E+02  0.35707769E-04  0.19828335E-05  0.51531365E-03  0.51786350E-03
 0.54422375E+02  0.35764218E-04  0.19753619E-05  0.51435640E-03  0.51691873E-03
 0.54513079E+02  0.35612814E-04  0.19679341E-05  0.51343270E-03  0.51597751E-03
 0.54603783E+02  0.35666783E-04  0.19605498E-05  0.51248292E-03  0.51503983E-03
 0.54694488E+02  0.35516382E-04  0.19532087E-05  0.51156615E-03  0.51410566E-03
 0.54785192E+02  0.35567936E-04  0.19459104E-05  0.51062375E-03  0.51317499E-03
 0.54875896E+02  0.35418542E-04  0.19386545E-05  0.50971384E-03  0.51224779E-03
 0.54966600E+02  0.35467750E-04  0.19314408E-05  0.50877872E-03  0.51132405E-03
 0.55057304E+02  0.35319356E-04  0.19242691E-05  0.50787562E-03  0.51040377E-03
 0.55148008E+02  0.35910189E-04  0.19171386E-05  0.50686836E-03  0.50948687E-03
 0.55238713E+02  0.35760536E-04  0.19100491E-05  0.50597245E-03  0.50857336E-03
 0.55329417E+02  0.35802907E-04  0.19030005E-05  0.50505175E-03  0.50766323E-03
 0.55420121E+02  0.35654274E-04  0.18959923E-05  0.50416245E-03  0.50675646E-03
 0.55510825E+02  0.35694515E-04  0.18890243E-05  0.50324877E-03  0.50585302E-03
 0.55601529E+02  0.35732557E-04  0.18820960E-05  0.50233870E-03  0.50495289E-03
 0.55692233E+02  0.35585066E-04  0.18752073E-05  0.50145927E-03  0.50405607E-03
 0.55782938E+02  0.35621088E-04  0.18683577E-05  0.50055610E-03  0.50316253E-03
 0.55873642E+02  0.35474616E-04  0.18615472E-05  0.49968312E-03  0.50227227E-03
 0.55964346E+02  0.35508673E-04  0.18547751E-05  0.49878676E-03  0.50138523E-03
 0.56055050E+02  0.35891455E-04  0.18480412E-05  0.49784178E-03  0.50050141E-03
 0.56145754E+02  0.35921369E-04  0.18413452E-05  0.49695229E-03  0.49962079E-03
 0.56236458E+02  0.35774783E-04  0.18346870E-05  0.49609241E-03  0.49874337E-03
 0.56327163E+02  0.35802863E-04  0.18280661E-05  0.49520958E-03  0.49786911E-03
 0.56417867E+02  0.35657311E-04  0.18214823E-05  0.49435588E-03  0.49699800E-03
 0.56508571E+02  0.35683608E-04  0.18149353E-05  0.49347964E-03  0.49613003E-03
 0.56599275E+02  0.35539080E-04  0.18084250E-05  0.49263210E-03  0.49526521E-03
 0.56689979E+02  0.35563649E-04  0.18019507E-05  0.49176235E-03  0.49440345E-03
 0.56780683E+02  0.35420135E-04  0.17955123E-05  0.49092083E-03  0.49354478E-03
 0.56871388E+02  0.35443017E-04  0.17891097E-05  0.49005751E-03  0.49268917E-03
 0.56962092E+02  0.35300518E-04  0.17827424E-05  0.48922198E-03  0.49183661E-03
 0.57052796E+02  0.35833148E-04  0.17764102E-05  0.48828792E-03  0.49098708E-03
 0.57143500E+02  0.35689625E-04  0.17701129E-05  0.48745880E-03  0.49014056E-03
 0.57234204E+02  0.35707174E-04  0.17638502E-05  0.48660827E-03  0.48929704E-03
 0.57324908E+02  0.35564675E-04  0.17576218E-05  0.48578499E-03  0.48845651E-03
 0.57415613E+02  0.35580699E-04  0.17514275E-05  0.48494066E-03  0.48761894E-03
 0.57506317E+02  0.35439219E-04  0.17452669E-05  0.48412317E-03  0.48678431E-03
 0.57597021E+02  0.35453766E-04  0.17391400E-05  0.48328497E-03  0.48595262E-03
 0.57687725E+02  0.35313296E-04  0.17330463E-05  0.48247320E-03  0.48512385E-03
 0.57778429E+02  0.35326401E-04  0.17269857E-05  0.48164107E-03  0.48429798E-03
 0.57869133E+02  0.35337908E-04  0.17209583E-05  0.48081212E-03  0.48347505E-03
 0.57959837E+02  0.35198653E-04  0.17149630E-05  0.48000887E-03  0.48265493E-03
 0.58050542E+02  0.35208788E-04  0.17090001E-05  0.47918583E-03  0.48183767E-03
 0.58141246E+02  0.35564212E-04  0.17030692E-05  0.47831283E-03  0.48102325E-03
 0.58231950E+02  0.35571030E-04  0.16971701E-05  0.47749585E-03  0.48021165E-03
 0.58322654E+02  0.35431867E-04  0.16913027E-05  0.47670413E-03  0.47940285E-03
 0.58413358E+02  0.35437420E-04  0.16854666E-05  0.47589297E-03  0.47859685E-03
 0.58504063E+02  0.35299268E-04  0.16796617E-05  0.47510668E-03  0.47779363E-03
 0.58594767E+02  0.35303591E-04  0.16738876E-05  0.47430129E-03  0.47699318E-03
 0.58685471E+02  0.35166444E-04  0.16681442E-05  0.47352038E-03  0.47619547E-03
 0.58776175E+02  0.35169571E-04  0.16624313E-05  0.47272068E-03  0.47540050E-03
 0.58866879E+02  0.35033425E-04  0.16567486E-05  0.47194509E-03  0.47460824E-03
 0.58957583E+02  0.35035392E-04  0.16510960E-05  0.47115103E-03  0.47381870E-03
 0.59048288E+02  0.34900236E-04  0.16454731E-05  0.47038070E-03  0.47303184E-03
 0.59138992E+02  0.34901073E-04  0.16398797E-05  0.46959221E-03  0.47224766E-03
 0.59229696E+02  0.35244052E-04  0.16343158E-05  0.46875356E-03  0.47146615E-03
 0.59320400E+02  0.35108810E-04  0.16287810E-05  0.46799140E-03  0.47068728E-03
 0.59411104E+02  0.35106914E-04  0.16232751E-05  0.46721123E-03  0.46991105E-03
 0.59501808E+02  0.34972670E-04  0.16177983E-05  0.46645424E-03  0.46913749E-03
 0.59592513E+02  0.34969731E-04  0.16123497E-05  0.46567949E-03  0.46836649E-03
 0.59683217E+02  0.34836464E-04  0.16069294E-05  0.46492752E-03  0.46759808E-03
 0.59773921E+02  0.34832511E-04  0.16015372E-05  0.46415813E-03  0.46683225E-03
 0.59864625E+02  0.34700217E-04  0.15961729E-05  0.46341116E-03  0.46606899E-03
 0.59955329E+02  0.34695285E-04  0.15908363E-05  0.46264708E-03  0.46530828E-03
 0.60046033E+02  0.34563958E-04  0.15855272E-05  0.46190507E-03  0.46455012E-03
 0.60136738E+02  0.34558069E-04  0.15802455E-05  0.46114624E-03  0.46379448E-03
 0.60227442E+02  0.34427707E-04  0.15749908E-05  0.46040913E-03  0.46304136E-03
 0.60318146E+02  0.34882592E-04  0.15697632E-05  0.45958376E-03  0.46229074E-03
 0.60408850E+02  0.34751465E-04  0.15645622E-05  0.45885194E-03  0.46154261E-03
 0.60499554E+02  0.34741978E-04  0.15593878E-05  0.45810361E-03  0.46079695E-03
 0.60590258E+02  0.34611815E-04  0.15542398E-05  0.45737660E-03  0.46005376E-03
 0.60680962E+02  0.34601472E-04  0.15491180E-05  0.45663335E-03  0.45931302E-03
 0.60771667E+02  0.34472269E-04  0.15440222E-05  0.45591109E-03  0.45857472E-03
 0.60862371E+02  0.34461095E-04  0.15389522E-05  0.45517287E-03  0.45783884E-03
 0.60953075E+02  0.34332842E-04  0.15339078E-05  0.45445531E-03  0.45710538E-03
 0.61043779E+02  0.34320864E-04  0.15288889E-05  0.45372206E-03  0.45637432E-03
 0.61134483E+02  0.34193566E-04  0.15238956E-05  0.45300920E-03  0.45564570E-03
 0.61225188E+02  0.34180803E-04  0.15189271E-05  0.45228087E-03  0.45491941E-03
 0.61315892E+02  0.34054434E-04  0.15139836E-05  0.45157257E-03  0.45419549E-03
 0.61406596E+02  0.34040915E-04  0.15090648E-05  0.45084911E-03  0.45347392E-03
 0.61497300E+02  0.34361092E-04  0.15041706E-05  0.45007581E-03  0.45275469E-03
 0.61588004E+02  0.34234694E-04  0.14993008E-05  0.44937470E-03  0.45203779E-03
 0.61678708E+02  0.34219030E-04  0.14944553E-05  0.44865854E-03  0.45132321E-03
 0.61769412E+02  0.34093562E-04  0.14896338E-05  0.44796192E-03  0.45061094E-03
 0.61860117E+02  0.34077201E-04  0.14848363E-05  0.44725050E-03  0.44990096E-03
 0.61950821E+02  0.33952660E-04  0.14800626E-05  0.44655832E-03  0.44919327E-03
 0.62041525E+02  0.33935625E-04  0.14753125E-05  0.44585159E-03  0.44848785E-03
 0.62132229E+02  0.33812002E-04  0.14705858E-05  0.44516381E-03  0.44778469E-03
 0.62222933E+02  0.33794314E-04  0.14658824E-05  0.44446173E-03  0.44708378E-03
 0.62313638E+02  0.33671602E-04  0.14612021E-05  0.44377831E-03  0.44638512E-03
 0.62404342E+02  0.33653279E-04  0.14565448E-05  0.44308082E-03  0.44568868E-03
 0.62495046E+02  0.33531473E-04  0.14519103E-05  0.44240171E-03  0.44499446E-03
 0.62585750E+02  0.33512535E-04  0.14472985E-05  0.44170877E-03  0.44430245E-03
 0.62676454E+02  0.33822239E-04  0.14427095E-05  0.44096652E-03  0.44361268E-03
 0.62767158E+02  0.33801120E-04  0.14381425E-05  0.44027827E-03  0.44292504E-03
 0.62857863E+02  0.33679573E-04  0.14335978E-05  0.43960805E-03  0.44223959E-03
 0.62948567E+02  0.33558652E-04  0.14290751E-05  0.43893987E-03  0.44155629E-03
 0.63039271E+02  0.33537244E-04  0.14245744E-05  0.43825821E-03  0.44087516E-03
 0.63129975E+02  0.33417215E-04  0.14200954E-05  0.43759420E-03  0.44019616E-03
 0.63220679E+02  0.33395265E-04  0.14156380E-05  0.43691693E-03  0.43951930E-03
 0.63311383E+02  0.33276121E-04  0.14112021E-05  0.43625705E-03  0.43884456E-03
 0.63402088E+02  0.33253643E-04  0.14067876E-05  0.43558412E-03  0.43817193E-03
 0.63492792E+02  0.33135375E-04  0.14023942E-05  0.43492832E-03  0.43750141E-03
 0.63583496E+02  0.33112390E-04  0.13980220E-05  0.43425970E-03  0.43683297E-03
 0.63674200E+02  0.32994995E-04  0.13936706E-05  0.43360794E-03  0.43616662E-03
 0.63764904E+02  0.32971515E-04  0.13893400E-05  0.43294357E-03  0.43550234E-03
 0.63855608E+02  0.32854982E-04  0.13850301E-05  0.43229582E-03  0.43484013E-03
 0.63946313E+02  0.33154168E-04  0.13807407E-05  0.43158494E-03  0.43417996E-03
 0.64037017E+02  0.33128986E-04  0.13764717E-05  0.43092700E-03  0.43352184E-03
 0.64127721E+02  0.33012452E-04  0.13722229E-05  0.43028551E-03  0.43286575E-03
 0.64218425E+02  0.32986823E-04  0.13679943E-05  0.42963172E-03  0.43221169E-03
 0.64309129E+02  0.32871157E-04  0.13637859E-05  0.42899418E-03  0.43155969E-03
 0.64399833E+02  0.32845096E-04  0.13595971E-05  0.42834450E-03  0.43090964E-03
 0.64490538E+02  0.32730270E-04  0.13554280E-05  0.42771078E-03  0.43026159E-03
 0.64581242E+02  0.32703795E-04  0.13512786E-05  0.42706517E-03  0.42961552E-03
 0.64671946E+02  0.32589813E-04  0.13471486E-05  0.42643529E-03  0.42897143E-03
 0.64762650E+02  0.32476402E-04  0.13430379E-05  0.42580728E-03  0.42832931E-03
 0.64853354E+02  0.32449791E-04  0.13389465E-05  0.42516763E-03  0.42768914E-03
 0.64944058E+02  0.32337210E-04  0.13348742E-05  0.42454340E-03  0.42705093E-03
 0.65034762E+02  0.32310207E-04  0.13308208E-05  0.42390773E-03  0.42641465E-03
 0.65125467E+02  0.32198449E-04  0.13267864E-05  0.42328724E-03  0.42578030E-03
 0.65216171E+02  0.32571735E-04  0.13227707E-05  0.42259255E-03  0.42514788E-03
 0.65306875E+02  0.32459429E-04  0.13187735E-05  0.42197611E-03  0.42451737E-03
 0.65397579E+02  0.32347673E-04  0.13147949E-05  0.42136149E-03  0.42388876E-03
 0.65488283E+02  0.32318801E-04  0.13108347E-05  0.42073570E-03  0.42326204E-03
 0.65578988E+02  0.32207867E-04  0.13068928E-05  0.42012473E-03  0.42263722E-03
 0.65669692E+02  0.32178655E-04  0.13029690E-05  0.41950278E-03  0.42201426E-03
 0.65760396E+02  0.32068530E-04  0.12990633E-05  0.41889543E-03  0.42139318E-03
 0.65851100E+02  0.32038993E-04  0.12951755E-05  0.41827729E-03  0.42077396E-03
 0.65941804E+02  0.31929682E-04  0.12913057E-05  0.41767357E-03  0.42015663E-03
 0.66032508E+02  0.31899831E-04  0.12874535E-05  0.41705919E-03  0.41954111E-03
 0.66123212E+02  0.31791308E-04  0.12836188E-05  0.41645899E-03  0.41892742E-03
 0.66213917E+02  0.31683315E-04  0.12798016E-05  0.41586051E-03  0.41831555E-03
 0.66304621E+02  0.31653425E-04  0.12760017E-05  0.41525166E-03  0.41770550E-03
 0.66395325E+02  0.31546218E-04  0.12722192E-05  0.41465669E-03  0.41709727E-03
 0.66486029E+02  0.31516038E-04  0.12684538E-05  0.41405152E-03  0.41649083E-03
 0.66576733E+02  0.31795525E-04  0.12647054E-05  0.41339959E-03  0.41588619E-03
 0.66667438E+02  0.31763738E-04  0.12609740E-05  0.41279824E-03  0.41528333E-03
 0.66758142E+02  0.31656801E-04  0.12572595E-05  0.41221052E-03  0.41468225E-03
 0.66848846E+02  0.31550378E-04  0.12535616E-05  0.41162447E-03  0.41408294E-03
 0.66939550E+02  0.31518598E-04  0.12498805E-05  0.41102847E-03  0.41348539E-03
 0.67030254E+02  0.31412950E-04  0.12462158E-05  0.41044582E-03  0.41288959E-03
 0.67120958E+02  0.31380920E-04  0.12425676E-05  0.40985337E-03  0.41229554E-03
 0.67211663E+02  0.31276039E-04  0.12389358E-05  0.40927409E-03  0.41170323E-03
 0.67302367E+02  0.31171659E-04  0.12353201E-05  0.40869645E-03  0.41111264E-03
 0.67393071E+02  0.31139648E-04  0.12317206E-05  0.40810922E-03  0.41052378E-03
 0.67483775E+02  0.31036024E-04  0.12281372E-05  0.40753490E-03  0.40993664E-03
 0.67574479E+02  0.31003791E-04  0.12245699E-05  0.40695119E-03  0.40935124E-03
 0.67665183E+02  0.30900916E-04  0.12210182E-05  0.40638016E-03  0.40876750E-03
 0.67755888E+02  0.30868454E-04  0.12174823E-05  0.40579986E-03  0.40818545E-03
 0.67846592E+02  0.30766323E-04  0.12139620E-05  0.40523209E-03  0.40760508E-03
 0.67937296E+02  0.31036862E-04  0.12104573E-05  0.40460783E-03  0.40702640E-03
 0.68028000E+02  0.31003198E-04  0.12069680E-05  0.40403276E-03  0.40644938E-03
