#   iter=  100   gam= 0.69823715E-02   kpref= 0.96964203E-03
     #   Energy           Spect        Spect(0)            SPKK         SPKK(0)
-0.40817000E+02  0.28993780E-05  0.28993780E-05 -0.62904993E-03 -0.62904993E-03
-0.40726296E+02  0.29123711E-05  0.29123711E-05 -0.63043710E-03 -0.63043710E-03
-0.40635592E+02  0.29254528E-05  0.29254528E-05 -0.63183050E-03 -0.63183050E-03
-0.40544887E+02  0.29386241E-05  0.29386241E-05 -0.63323017E-03 -0.63323017E-03
-0.40454183E+02  0.29518856E-05  0.29518856E-05 -0.63463614E-03 -0.63463614E-03
-0.40363479E+02  0.29652383E-05  0.29652383E-05 -0.63604847E-03 -0.63604847E-03
-0.40272775E+02  0.29786825E-05  0.29786825E-05 -0.63746714E-03 -0.63746714E-03
-0.40182071E+02  0.29922200E-05  0.29922200E-05 -0.63889230E-03 -0.63889230E-03
-0.40091367E+02  0.30058512E-05  0.30058512E-05 -0.64032395E-03 -0.64032395E-03
-0.40000662E+02  0.30195770E-05  0.30195770E-05 -0.64176213E-03 -0.64176213E-03
-0.39909958E+02  0.30333983E-05  0.30333983E-05 -0.64320688E-03 -0.64320688E-03
-0.39819254E+02  0.30473159E-05  0.30473159E-05 -0.64465825E-03 -0.64465825E-03
-0.39728550E+02  0.30613309E-05  0.30613309E-05 -0.64611629E-03 -0.64611629E-03
-0.39637846E+02  0.30754440E-05  0.30754440E-05 -0.64758104E-03 -0.64758104E-03
-0.39547142E+02  0.30896563E-05  0.30896563E-05 -0.64905255E-03 -0.64905255E-03
-0.39456437E+02  0.31039681E-05  0.31039681E-05 -0.65053082E-03 -0.65053082E-03
-0.39365733E+02  0.31183815E-05  0.31183815E-05 -0.65201599E-03 -0.65201599E-03
-0.39275029E+02  0.31328969E-05  0.31328969E-05 -0.65350808E-03 -0.65350808E-03
-0.39184325E+02  0.31475152E-05  0.31475152E-05 -0.65500711E-03 -0.65500711E-03
-0.39093621E+02  0.31622374E-05  0.31622374E-05 -0.65651314E-03 -0.65651314E-03
-0.39002917E+02  0.31770647E-05  0.31770647E-05 -0.65802623E-03 -0.65802623E-03
-0.38912212E+02  0.31919979E-05  0.31919979E-05 -0.65954643E-03 -0.65954643E-03
-0.38821508E+02  0.32070381E-05  0.32070381E-05 -0.66107377E-03 -0.66107377E-03
-0.38730804E+02  0.32221863E-05  0.32221863E-05 -0.66260832E-03 -0.66260832E-03
-0.38640100E+02  0.32374430E-05  0.32374430E-05 -0.66415008E-03 -0.66415008E-03
-0.38549396E+02  0.32528105E-05  0.32528105E-05 -0.66569919E-03 -0.66569919E-03
-0.38458692E+02  0.32682891E-05  0.32682891E-05 -0.66725567E-03 -0.66725567E-03
-0.38367987E+02  0.32838800E-05  0.32838800E-05 -0.66881956E-03 -0.66881956E-03
-0.38277283E+02  0.32995844E-05  0.32995844E-05 -0.67039093E-03 -0.67039093E-03
-0.38186579E+02  0.33154032E-05  0.33154032E-05 -0.67196981E-03 -0.67196981E-03
-0.38095875E+02  0.33313378E-05  0.33313378E-05 -0.67355628E-03 -0.67355628E-03
-0.38005171E+02  0.33473891E-05  0.33473891E-05 -0.67515038E-03 -0.67515038E-03
-0.37914467E+02  0.33635583E-05  0.33635583E-05 -0.67675217E-03 -0.67675217E-03
-0.37823762E+02  0.33798462E-05  0.33798462E-05 -0.67836165E-03 -0.67836165E-03
-0.37733058E+02  0.33962549E-05  0.33962549E-05 -0.67997899E-03 -0.67997899E-03
-0.37642354E+02  0.34127851E-05  0.34127851E-05 -0.68160419E-03 -0.68160419E-03
-0.37551650E+02  0.34294380E-05  0.34294380E-05 -0.68323731E-03 -0.68323731E-03
-0.37460946E+02  0.34462149E-05  0.34462149E-05 -0.68487841E-03 -0.68487841E-03
-0.37370242E+02  0.34631170E-05  0.34631170E-05 -0.68652755E-03 -0.68652755E-03
-0.37279537E+02  0.34801456E-05  0.34801456E-05 -0.68818478E-03 -0.68818478E-03
-0.37188833E+02  0.34973020E-05  0.34973020E-05 -0.68985018E-03 -0.68985018E-03
-0.37098129E+02  0.35145874E-05  0.35145874E-05 -0.69152379E-03 -0.69152379E-03
-0.37007425E+02  0.35320027E-05  0.35320027E-05 -0.69320563E-03 -0.69320563E-03
-0.36916721E+02  0.35495502E-05  0.35495502E-05 -0.69489587E-03 -0.69489587E-03
-0.36826017E+02  0.35672307E-05  0.35672307E-05 -0.69659452E-03 -0.69659452E-03
-0.36735312E+02  0.35850457E-05  0.35850457E-05 -0.69830164E-03 -0.69830164E-03
-0.36644608E+02  0.36029964E-05  0.36029964E-05 -0.70001730E-03 -0.70001730E-03
-0.36553904E+02  0.36210844E-05  0.36210844E-05 -0.70174156E-03 -0.70174156E-03
-0.36463200E+02  0.36393110E-05  0.36393110E-05 -0.70347448E-03 -0.70347448E-03
-0.36372496E+02  0.36576777E-05  0.36576777E-05 -0.70521614E-03 -0.70521614E-03
-0.36281792E+02  0.36761859E-05  0.36761859E-05 -0.70696660E-03 -0.70696660E-03
-0.36191087E+02  0.36948365E-05  0.36948365E-05 -0.70872587E-03 -0.70872587E-03
-0.36100383E+02  0.37136321E-05  0.37136321E-05 -0.71049413E-03 -0.71049413E-03
-0.36009679E+02  0.37325738E-05  0.37325738E-05 -0.71227141E-03 -0.71227141E-03
-0.35918975E+02  0.37516631E-05  0.37516631E-05 -0.71405775E-03 -0.71405775E-03
-0.35828271E+02  0.37709014E-05  0.37709014E-05 -0.71585325E-03 -0.71585325E-03
-0.35737567E+02  0.37902904E-05  0.37902904E-05 -0.71765797E-03 -0.71765797E-03
-0.35646862E+02  0.38098317E-05  0.38098317E-05 -0.71947197E-03 -0.71947197E-03
-0.35556158E+02  0.38295269E-05  0.38295269E-05 -0.72129534E-03 -0.72129534E-03
-0.35465454E+02  0.38493777E-05  0.38493777E-05 -0.72312815E-03 -0.72312815E-03
-0.35374750E+02  0.38693850E-05  0.38693850E-05 -0.72497041E-03 -0.72497041E-03
-0.35284046E+02  0.38895518E-05  0.38895518E-05 -0.72682232E-03 -0.72682232E-03
-0.35193342E+02  0.39098793E-05  0.39098793E-05 -0.72868390E-03 -0.72868390E-03
-0.35102638E+02  0.39303691E-05  0.39303691E-05 -0.73055521E-03 -0.73055521E-03
-0.35011933E+02  0.39510230E-05  0.39510230E-05 -0.73243635E-03 -0.73243635E-03
-0.34921229E+02  0.39718427E-05  0.39718427E-05 -0.73432738E-03 -0.73432738E-03
-0.34830525E+02  0.39928302E-05  0.39928302E-05 -0.73622839E-03 -0.73622839E-03
-0.34739821E+02  0.40139872E-05  0.40139872E-05 -0.73813946E-03 -0.73813946E-03
-0.34649117E+02  0.40353155E-05  0.40353155E-05 -0.74006067E-03 -0.74006067E-03
-0.34558413E+02  0.40568164E-05  0.40568164E-05 -0.74199204E-03 -0.74199204E-03
-0.34467708E+02  0.40784931E-05  0.40784931E-05 -0.74393378E-03 -0.74393378E-03
-0.34377004E+02  0.41003470E-05  0.41003470E-05 -0.74588590E-03 -0.74588590E-03
-0.34286300E+02  0.41223798E-05  0.41223798E-05 -0.74784850E-03 -0.74784850E-03
-0.34195596E+02  0.41445938E-05  0.41445938E-05 -0.74982166E-03 -0.74982166E-03
-0.34104892E+02  0.41669908E-05  0.41669908E-05 -0.75180547E-03 -0.75180547E-03
-0.34014187E+02  0.41895730E-05  0.41895730E-05 -0.75380001E-03 -0.75380001E-03
-0.33923483E+02  0.42123423E-05  0.42123423E-05 -0.75580538E-03 -0.75580538E-03
-0.33832779E+02  0.42353009E-05  0.42353009E-05 -0.75782165E-03 -0.75782165E-03
-0.33742075E+02  0.42584501E-05  0.42584501E-05 -0.75984887E-03 -0.75984887E-03
-0.33651371E+02  0.42817938E-05  0.42817938E-05 -0.76188725E-03 -0.76188725E-03
-0.33560667E+02  0.43053332E-05  0.43053332E-05 -0.76393682E-03 -0.76393682E-03
-0.33469962E+02  0.43290706E-05  0.43290706E-05 -0.76599767E-03 -0.76599767E-03
-0.33379258E+02  0.43530083E-05  0.43530083E-05 -0.76806989E-03 -0.76806989E-03
-0.33288554E+02  0.43771485E-05  0.43771485E-05 -0.77015360E-03 -0.77015360E-03
-0.33197850E+02  0.44014937E-05  0.44014937E-05 -0.77224888E-03 -0.77224888E-03
-0.33107146E+02  0.44260461E-05  0.44260461E-05 -0.77435582E-03 -0.77435582E-03
-0.33016442E+02  0.44508082E-05  0.44508082E-05 -0.77647454E-03 -0.77647454E-03
-0.32925737E+02  0.44757815E-05  0.44757815E-05 -0.77860505E-03 -0.77860505E-03
-0.32835033E+02  0.45009702E-05  0.45009702E-05 -0.78074760E-03 -0.78074760E-03
-0.32744329E+02  0.45263759E-05  0.45263759E-05 -0.78290223E-03 -0.78290223E-03
-0.32653625E+02  0.45520012E-05  0.45520012E-05 -0.78506904E-03 -0.78506904E-03
-0.32562921E+02  0.45778487E-05  0.45778487E-05 -0.78724814E-03 -0.78724814E-03
-0.32472217E+02  0.46039210E-05  0.46039210E-05 -0.78943962E-03 -0.78943962E-03
-0.32381512E+02  0.46302207E-05  0.46302207E-05 -0.79164361E-03 -0.79164361E-03
-0.32290808E+02  0.46567506E-05  0.46567506E-05 -0.79386020E-03 -0.79386020E-03
-0.32200104E+02  0.46835133E-05  0.46835133E-05 -0.79608951E-03 -0.79608951E-03
-0.32109400E+02  0.47105107E-05  0.47105107E-05 -0.79833158E-03 -0.79833158E-03
-0.32018696E+02  0.47377475E-05  0.47377475E-05 -0.80058666E-03 -0.80058666E-03
-0.31927992E+02  0.47652256E-05  0.47652256E-05 -0.80285481E-03 -0.80285481E-03
-0.31837287E+02  0.47929479E-05  0.47929479E-05 -0.80513612E-03 -0.80513612E-03
-0.31746583E+02  0.48209175E-05  0.48209175E-05 -0.80743073E-03 -0.80743073E-03
-0.31655879E+02  0.48491371E-05  0.48491371E-05 -0.80973875E-03 -0.80973875E-03
-0.31565175E+02  0.48776100E-05  0.48776100E-05 -0.81206030E-03 -0.81206030E-03
-0.31474471E+02  0.49063392E-05  0.49063392E-05 -0.81439550E-03 -0.81439550E-03
-0.31383767E+02  0.49353269E-05  0.49353269E-05 -0.81674439E-03 -0.81674439E-03
-0.31293062E+02  0.49645781E-05  0.49645781E-05 -0.81910727E-03 -0.81910727E-03
-0.31202358E+02  0.49940952E-05  0.49940952E-05 -0.82148417E-03 -0.82148417E-03
-0.31111654E+02  0.50238814E-05  0.50238814E-05 -0.82387522E-03 -0.82387522E-03
-0.31020950E+02  0.50539401E-05  0.50539401E-05 -0.82628055E-03 -0.82628055E-03
-0.30930246E+02  0.50842746E-05  0.50842746E-05 -0.82870030E-03 -0.82870030E-03
-0.30839542E+02  0.51148885E-05  0.51148885E-05 -0.83113459E-03 -0.83113459E-03
-0.30748837E+02  0.51457851E-05  0.51457851E-05 -0.83358357E-03 -0.83358357E-03
-0.30658133E+02  0.51769681E-05  0.51769681E-05 -0.83604735E-03 -0.83604735E-03
-0.30567429E+02  0.52084400E-05  0.52084400E-05 -0.83852601E-03 -0.83852601E-03
-0.30476725E+02  0.52402066E-05  0.52402066E-05 -0.84101984E-03 -0.84101984E-03
-0.30386021E+02  0.52722705E-05  0.52722705E-05 -0.84352891E-03 -0.84352891E-03
-0.30295317E+02  0.53046356E-05  0.53046356E-05 -0.84605335E-03 -0.84605335E-03
-0.30204612E+02  0.53373057E-05  0.53373057E-05 -0.84859331E-03 -0.84859331E-03
-0.30113908E+02  0.53702846E-05  0.53702846E-05 -0.85114894E-03 -0.85114894E-03
-0.30023204E+02  0.54035765E-05  0.54035765E-05 -0.85372039E-03 -0.85372039E-03
-0.29932500E+02  0.54371852E-05  0.54371852E-05 -0.85630780E-03 -0.85630780E-03
-0.29841796E+02  0.54711150E-05  0.54711150E-05 -0.85891133E-03 -0.85891133E-03
-0.29751092E+02  0.55053688E-05  0.55053688E-05 -0.86153105E-03 -0.86153105E-03
-0.29660387E+02  0.55399533E-05  0.55399533E-05 -0.86416728E-03 -0.86416728E-03
-0.29569683E+02  0.55748714E-05  0.55748714E-05 -0.86682009E-03 -0.86682009E-03
-0.29478979E+02  0.56101276E-05  0.56101276E-05 -0.86948966E-03 -0.86948966E-03
-0.29388275E+02  0.56457265E-05  0.56457265E-05 -0.87217613E-03 -0.87217613E-03
-0.29297571E+02  0.56816725E-05  0.56816725E-05 -0.87487968E-03 -0.87487968E-03
-0.29206867E+02  0.57179703E-05  0.57179703E-05 -0.87760047E-03 -0.87760047E-03
-0.29116162E+02  0.57546245E-05  0.57546245E-05 -0.88033867E-03 -0.88033867E-03
-0.29025458E+02  0.57916398E-05  0.57916398E-05 -0.88309445E-03 -0.88309445E-03
-0.28934754E+02  0.58290200E-05  0.58290200E-05 -0.88586789E-03 -0.88586789E-03
-0.28844050E+02  0.58667723E-05  0.58667723E-05 -0.88865935E-03 -0.88865935E-03
-0.28753346E+02  0.59049007E-05  0.59049007E-05 -0.89146892E-03 -0.89146892E-03
-0.28662642E+02  0.59434100E-05  0.59434100E-05 -0.89429678E-03 -0.89429678E-03
-0.28571937E+02  0.59823058E-05  0.59823058E-05 -0.89714312E-03 -0.89714312E-03
-0.28481233E+02  0.60215930E-05  0.60215930E-05 -0.90000811E-03 -0.90000811E-03
-0.28390529E+02  0.60612773E-05  0.60612773E-05 -0.90289195E-03 -0.90289195E-03
-0.28299825E+02  0.61013639E-05  0.61013639E-05 -0.90579483E-03 -0.90579483E-03
-0.28209121E+02  0.61418585E-05  0.61418585E-05 -0.90871693E-03 -0.90871693E-03
-0.28118417E+02  0.61827653E-05  0.61827653E-05 -0.91165836E-03 -0.91165836E-03
-0.28027712E+02  0.62240929E-05  0.62240929E-05 -0.91461952E-03 -0.91461952E-03
-0.27937008E+02  0.62658457E-05  0.62658457E-05 -0.91760051E-03 -0.91760051E-03
-0.27846304E+02  0.63080297E-05  0.63080297E-05 -0.92060152E-03 -0.92060152E-03
-0.27755600E+02  0.63506511E-05  0.63506511E-05 -0.92362277E-03 -0.92362277E-03
-0.27664896E+02  0.63937159E-05  0.63937159E-05 -0.92666447E-03 -0.92666447E-03
-0.27574192E+02  0.64372305E-05  0.64372305E-05 -0.92972683E-03 -0.92972683E-03
-0.27483487E+02  0.64812012E-05  0.64812012E-05 -0.93281007E-03 -0.93281007E-03
-0.27392783E+02  0.65256347E-05  0.65256347E-05 -0.93591441E-03 -0.93591441E-03
-0.27302079E+02  0.65705361E-05  0.65705361E-05 -0.93903996E-03 -0.93903996E-03
-0.27211375E+02  0.66159150E-05  0.66159150E-05 -0.94218716E-03 -0.94218716E-03
-0.27120671E+02  0.66617770E-05  0.66617770E-05 -0.94535614E-03 -0.94535614E-03
-0.27029967E+02  0.67081289E-05  0.67081289E-05 -0.94854711E-03 -0.94854711E-03
-0.26939262E+02  0.67549781E-05  0.67549781E-05 -0.95176033E-03 -0.95176033E-03
-0.26848558E+02  0.68023317E-05  0.68023317E-05 -0.95499604E-03 -0.95499604E-03
-0.26757854E+02  0.68501972E-05  0.68501972E-05 -0.95825446E-03 -0.95825446E-03
-0.26667150E+02  0.68985822E-05  0.68985822E-05 -0.96153586E-03 -0.96153586E-03
-0.26576446E+02  0.69474943E-05  0.69474943E-05 -0.96484047E-03 -0.96484047E-03
-0.26485742E+02  0.69969397E-05  0.69969397E-05 -0.96816844E-03 -0.96816844E-03
-0.26395037E+02  0.70469297E-05  0.70469297E-05 -0.97152025E-03 -0.97152025E-03
-0.26304333E+02  0.70974709E-05  0.70974709E-05 -0.97489606E-03 -0.97489606E-03
-0.26213629E+02  0.71485714E-05  0.71485714E-05 -0.97829611E-03 -0.97829611E-03
-0.26122925E+02  0.72002399E-05  0.72002399E-05 -0.98172069E-03 -0.98172069E-03
-0.26032221E+02  0.72524849E-05  0.72524849E-05 -0.98517007E-03 -0.98517007E-03
-0.25941517E+02  0.73053153E-05  0.73053153E-05 -0.98864453E-03 -0.98864453E-03
-0.25850812E+02  0.73587399E-05  0.73587399E-05 -0.99214434E-03 -0.99214434E-03
-0.25760108E+02  0.74127680E-05  0.74127680E-05 -0.99566979E-03 -0.99566979E-03
-0.25669404E+02  0.74674070E-05  0.74674070E-05 -0.99922106E-03 -0.99922106E-03
-0.25578700E+02  0.75226700E-05  0.75226700E-05 -0.10027987E-02 -0.10027987E-02
-0.25487996E+02  0.75785650E-05  0.75785650E-05 -0.10064028E-02 -0.10064028E-02
-0.25397292E+02  0.76351017E-05  0.76351017E-05 -0.10100338E-02 -0.10100338E-02
-0.25306587E+02  0.76922905E-05  0.76922905E-05 -0.10136919E-02 -0.10136919E-02
-0.25215883E+02  0.77501415E-05  0.77501415E-05 -0.10173774E-02 -0.10173774E-02
-0.25125179E+02  0.78086652E-05  0.78086652E-05 -0.10210908E-02 -0.10210908E-02
-0.25034475E+02  0.78678713E-05  0.78678713E-05 -0.10248321E-02 -0.10248321E-02
-0.24943771E+02  0.79277727E-05  0.79277727E-05 -0.10286019E-02 -0.10286019E-02
-0.24853067E+02  0.79883796E-05  0.79883796E-05 -0.10324005E-02 -0.10324005E-02
-0.24762362E+02  0.80497035E-05  0.80497035E-05 -0.10362282E-02 -0.10362282E-02
-0.24671658E+02  0.81117547E-05  0.81117547E-05 -0.10400853E-02 -0.10400853E-02
-0.24580954E+02  0.81745472E-05  0.81745472E-05 -0.10439722E-02 -0.10439722E-02
-0.24490250E+02  0.82380923E-05  0.82380923E-05 -0.10478893E-02 -0.10478893E-02
-0.24399546E+02  0.83024022E-05  0.83024022E-05 -0.10518369E-02 -0.10518369E-02
-0.24308842E+02  0.83674884E-05  0.83674884E-05 -0.10558153E-02 -0.10558153E-02
-0.24218137E+02  0.84333660E-05  0.84333660E-05 -0.10598250E-02 -0.10598250E-02
-0.24127433E+02  0.85000471E-05  0.85000471E-05 -0.10638663E-02 -0.10638663E-02
-0.24036729E+02  0.85675451E-05  0.85675451E-05 -0.10679397E-02 -0.10679397E-02
-0.23946025E+02  0.86358737E-05  0.86358737E-05 -0.10720455E-02 -0.10720455E-02
-0.23855321E+02  0.87050457E-05  0.87050457E-05 -0.10761840E-02 -0.10761840E-02
-0.23764617E+02  0.87750778E-05  0.87750778E-05 -0.10803558E-02 -0.10803558E-02
-0.23673912E+02  0.88459835E-05  0.88459835E-05 -0.10845612E-02 -0.10845612E-02
-0.23583208E+02  0.89177779E-05  0.89177779E-05 -0.10888007E-02 -0.10888007E-02
-0.23492504E+02  0.89904748E-05  0.89904748E-05 -0.10930746E-02 -0.10930746E-02
-0.23401800E+02  0.90640924E-05  0.90640924E-05 -0.10973834E-02 -0.10973834E-02
-0.23311096E+02  0.91386455E-05  0.91386455E-05 -0.11017277E-02 -0.11017277E-02
-0.23220392E+02  0.92141503E-05  0.92141503E-05 -0.11061077E-02 -0.11061077E-02
-0.23129687E+02  0.92906235E-05  0.92906235E-05 -0.11105240E-02 -0.11105240E-02
-0.23038983E+02  0.93680809E-05  0.93680809E-05 -0.11149769E-02 -0.11149769E-02
-0.22948279E+02  0.94465423E-05  0.94465423E-05 -0.11194672E-02 -0.11194672E-02
-0.22857575E+02  0.95260247E-05  0.95260247E-05 -0.11239951E-02 -0.11239951E-02
-0.22766871E+02  0.96065462E-05  0.96065462E-05 -0.11285612E-02 -0.11285612E-02
-0.22676167E+02  0.96881240E-05  0.96881240E-05 -0.11331659E-02 -0.11331659E-02
-0.22585462E+02  0.97707800E-05  0.97707800E-05 -0.11378098E-02 -0.11378098E-02
-0.22494758E+02  0.98545323E-05  0.98545323E-05 -0.11424935E-02 -0.11424935E-02
-0.22404054E+02  0.99394009E-05  0.99394009E-05 -0.11472174E-02 -0.11472174E-02
-0.22313350E+02  0.10025406E-04  0.10025406E-04 -0.11519821E-02 -0.11519821E-02
-0.22222646E+02  0.10112568E-04  0.10112568E-04 -0.11567880E-02 -0.11567880E-02
-0.22131942E+02  0.10200911E-04  0.10200911E-04 -0.11616359E-02 -0.11616359E-02
-0.22041237E+02  0.10290454E-04  0.10290454E-04 -0.11665262E-02 -0.11665262E-02
-0.21950533E+02  0.10381221E-04  0.10381221E-04 -0.11714595E-02 -0.11714595E-02
-0.21859829E+02  0.10473234E-04  0.10473234E-04 -0.11764364E-02 -0.11764364E-02
-0.21769125E+02  0.10566518E-04  0.10566518E-04 -0.11814575E-02 -0.11814575E-02
-0.21678421E+02  0.10661097E-04  0.10661097E-04 -0.11865235E-02 -0.11865235E-02
-0.21587717E+02  0.10756995E-04  0.10756995E-04 -0.11916350E-02 -0.11916350E-02
-0.21497012E+02  0.10854237E-04  0.10854237E-04 -0.11967925E-02 -0.11967925E-02
-0.21406308E+02  0.10952849E-04  0.10952849E-04 -0.12019966E-02 -0.12019966E-02
-0.21315604E+02  0.11052858E-04  0.11052858E-04 -0.12072483E-02 -0.12072483E-02
-0.21224900E+02  0.11154293E-04  0.11154293E-04 -0.12125480E-02 -0.12125480E-02
-0.21134196E+02  0.11257180E-04  0.11257180E-04 -0.12178964E-02 -0.12178964E-02
-0.21043492E+02  0.11361546E-04  0.11361546E-04 -0.12232942E-02 -0.12232942E-02
-0.20952787E+02  0.11467424E-04  0.11467424E-04 -0.12287423E-02 -0.12287423E-02
-0.20862083E+02  0.11574843E-04  0.11574843E-04 -0.12342412E-02 -0.12342412E-02
-0.20771379E+02  0.11683834E-04  0.11683834E-04 -0.12397918E-02 -0.12397918E-02
-0.20680675E+02  0.11794428E-04  0.11794428E-04 -0.12453948E-02 -0.12453948E-02
-0.20589971E+02  0.11906657E-04  0.11906657E-04 -0.12510508E-02 -0.12510508E-02
-0.20499267E+02  0.12020556E-04  0.12020556E-04 -0.12567609E-02 -0.12567609E-02
-0.20408562E+02  0.12136159E-04  0.12136159E-04 -0.12625257E-02 -0.12625257E-02
-0.20317858E+02  0.12253501E-04  0.12253501E-04 -0.12683462E-02 -0.12683462E-02
-0.20227154E+02  0.12372617E-04  0.12372617E-04 -0.12742229E-02 -0.12742229E-02
-0.20136450E+02  0.12493546E-04  0.12493546E-04 -0.12801570E-02 -0.12801570E-02
-0.20045746E+02  0.12616326E-04  0.12616326E-04 -0.12861493E-02 -0.12861493E-02
-0.19955042E+02  0.12740995E-04  0.12740995E-04 -0.12922005E-02 -0.12922005E-02
-0.19864337E+02  0.12867594E-04  0.12867594E-04 -0.12983118E-02 -0.12983118E-02
-0.19773633E+02  0.12996161E-04  0.12996161E-04 -0.13044838E-02 -0.13044838E-02
-0.19682929E+02  0.13126745E-04  0.13126745E-04 -0.13107177E-02 -0.13107177E-02
-0.19592225E+02  0.13259385E-04  0.13259385E-04 -0.13170144E-02 -0.13170144E-02
-0.19501521E+02  0.13394128E-04  0.13394128E-04 -0.13233749E-02 -0.13233749E-02
-0.19410817E+02  0.13531017E-04  0.13531017E-04 -0.13298002E-02 -0.13298002E-02
-0.19320112E+02  0.13670103E-04  0.13670103E-04 -0.13362913E-02 -0.13362913E-02
-0.19229408E+02  0.13811435E-04  0.13811435E-04 -0.13428494E-02 -0.13428494E-02
-0.19138704E+02  0.13955061E-04  0.13955061E-04 -0.13494754E-02 -0.13494754E-02
-0.19048000E+02  0.14101031E-04  0.14101031E-04 -0.13561704E-02 -0.13561704E-02
-0.18957296E+02  0.14249402E-04  0.14249402E-04 -0.13629358E-02 -0.13629358E-02
-0.18866592E+02  0.14400228E-04  0.14400228E-04 -0.13697725E-02 -0.13697725E-02
-0.18775887E+02  0.14553565E-04  0.14553565E-04 -0.13766818E-02 -0.13766818E-02
-0.18685183E+02  0.14709471E-04  0.14709471E-04 -0.13836648E-02 -0.13836648E-02
-0.18594479E+02  0.14868003E-04  0.14868003E-04 -0.13907228E-02 -0.13907228E-02
-0.18503775E+02  0.15029227E-04  0.15029227E-04 -0.13978571E-02 -0.13978571E-02
-0.18413071E+02  0.15193205E-04  0.15193205E-04 -0.14050691E-02 -0.14050691E-02
-0.18322367E+02  0.15360002E-04  0.15360002E-04 -0.14123599E-02 -0.14123599E-02
-0.18231662E+02  0.15529682E-04  0.15529682E-04 -0.14197309E-02 -0.14197309E-02
-0.18140958E+02  0.15702320E-04  0.15702320E-04 -0.14271836E-02 -0.14271836E-02
-0.18050254E+02  0.15877986E-04  0.15877986E-04 -0.14347194E-02 -0.14347194E-02
-0.17959550E+02  0.16056753E-04  0.16056753E-04 -0.14423398E-02 -0.14423398E-02
-0.17868846E+02  0.16238698E-04  0.16238698E-04 -0.14500462E-02 -0.14500462E-02
-0.17778142E+02  0.16423896E-04  0.16423896E-04 -0.14578401E-02 -0.14578401E-02
-0.17687437E+02  0.16612435E-04  0.16612435E-04 -0.14657232E-02 -0.14657232E-02
-0.17596733E+02  0.16804394E-04  0.16804394E-04 -0.14736972E-02 -0.14736972E-02
-0.17506029E+02  0.16999861E-04  0.16999861E-04 -0.14817635E-02 -0.14817635E-02
-0.17415325E+02  0.17198923E-04  0.17198923E-04 -0.14899238E-02 -0.14899238E-02
-0.17324621E+02  0.17401676E-04  0.17401676E-04 -0.14981800E-02 -0.14981800E-02
-0.17233917E+02  0.17608215E-04  0.17608215E-04 -0.15065339E-02 -0.15065339E-02
-0.17143212E+02  0.17818637E-04  0.17818637E-04 -0.15149873E-02 -0.15149873E-02
-0.17052508E+02  0.18033045E-04  0.18033045E-04 -0.15235419E-02 -0.15235419E-02
-0.16961804E+02  0.18251541E-04  0.18251541E-04 -0.15321997E-02 -0.15321997E-02
-0.16871100E+02  0.18474240E-04  0.18474240E-04 -0.15409629E-02 -0.15409629E-02
-0.16780396E+02  0.18701253E-04  0.18701253E-04 -0.15498333E-02 -0.15498333E-02
-0.16689692E+02  0.18932695E-04  0.18932695E-04 -0.15588131E-02 -0.15588131E-02
-0.16598987E+02  0.19168685E-04  0.19168685E-04 -0.15679042E-02 -0.15679042E-02
-0.16508283E+02  0.19409353E-04  0.19409353E-04 -0.15771091E-02 -0.15771091E-02
-0.16417579E+02  0.19654829E-04  0.19654829E-04 -0.15864299E-02 -0.15864299E-02
-0.16326875E+02  0.19905244E-04  0.19905244E-04 -0.15958691E-02 -0.15958691E-02
-0.16236171E+02  0.20160740E-04  0.20160740E-04 -0.16054289E-02 -0.16054289E-02
-0.16145467E+02  0.20421456E-04  0.20421456E-04 -0.16151116E-02 -0.16151116E-02
-0.16054762E+02  0.20687550E-04  0.20687550E-04 -0.16249202E-02 -0.16249202E-02
-0.15964058E+02  0.20959173E-04  0.20959173E-04 -0.16348569E-02 -0.16348569E-02
-0.15873354E+02  0.21236488E-04  0.21236488E-04 -0.16449246E-02 -0.16449246E-02
-0.15782650E+02  0.21519657E-04  0.21519657E-04 -0.16551258E-02 -0.16551258E-02
-0.15691946E+02  0.21808861E-04  0.21808861E-04 -0.16654636E-02 -0.16654636E-02
-0.15601242E+02  0.22104279E-04  0.22104279E-04 -0.16759408E-02 -0.16759408E-02
-0.15510537E+02  0.22406098E-04  0.22406098E-04 -0.16865605E-02 -0.16865605E-02
-0.15419833E+02  0.22714513E-04  0.22714513E-04 -0.16973256E-02 -0.16973256E-02
-0.15329129E+02  0.23029722E-04  0.23029722E-04 -0.17082393E-02 -0.17082393E-02
-0.15238425E+02  0.23351946E-04  0.23351946E-04 -0.17193052E-02 -0.17193052E-02
-0.15147721E+02  0.23681400E-04  0.23681400E-04 -0.17305265E-02 -0.17305265E-02
-0.15057017E+02  0.24018311E-04  0.24018311E-04 -0.17419066E-02 -0.17419066E-02
-0.14966312E+02  0.24362915E-04  0.24362915E-04 -0.17534490E-02 -0.17534490E-02
-0.14875608E+02  0.24715468E-04  0.24715468E-04 -0.17651579E-02 -0.17651579E-02
-0.14784904E+02  0.25076225E-04  0.25076225E-04 -0.17770368E-02 -0.17770368E-02
-0.14694200E+02  0.25445454E-04  0.25445454E-04 -0.17890898E-02 -0.17890898E-02
-0.14603496E+02  0.25823439E-04  0.25823439E-04 -0.18013209E-02 -0.18013209E-02
-0.14512792E+02  0.26210466E-04  0.26210466E-04 -0.18137342E-02 -0.18137342E-02
-0.14422087E+02  0.26606853E-04  0.26606853E-04 -0.18263345E-02 -0.18263345E-02
-0.14331383E+02  0.27012914E-04  0.27012914E-04 -0.18391260E-02 -0.18391260E-02
-0.14240679E+02  0.27428985E-04  0.27428985E-04 -0.18521136E-02 -0.18521136E-02
-0.14149975E+02  0.27855408E-04  0.27855408E-04 -0.18653017E-02 -0.18653017E-02
-0.14059271E+02  0.28292563E-04  0.28292563E-04 -0.18786960E-02 -0.18786960E-02
-0.13968567E+02  0.28740825E-04  0.28740825E-04 -0.18923013E-02 -0.18923013E-02
-0.13877862E+02  0.29200595E-04  0.29200595E-04 -0.19061230E-02 -0.19061230E-02
-0.13787158E+02  0.29672287E-04  0.29672287E-04 -0.19201665E-02 -0.19201665E-02
-0.13696454E+02  0.30156355E-04  0.30156355E-04 -0.19344381E-02 -0.19344381E-02
-0.13605750E+02  0.30653252E-04  0.30653252E-04 -0.19489435E-02 -0.19489435E-02
-0.13515046E+02  0.31163463E-04  0.31163463E-04 -0.19636889E-02 -0.19636889E-02
-0.13424342E+02  0.31687495E-04  0.31687495E-04 -0.19786807E-02 -0.19786807E-02
-0.13333637E+02  0.32225875E-04  0.32225875E-04 -0.19939255E-02 -0.19939255E-02
-0.13242933E+02  0.32779180E-04  0.32779180E-04 -0.20094308E-02 -0.20094308E-02
-0.13152229E+02  0.33347993E-04  0.33347993E-04 -0.20252034E-02 -0.20252034E-02
-0.13061525E+02  0.33932930E-04  0.33932930E-04 -0.20412509E-02 -0.20412509E-02
-0.12970821E+02  0.34534642E-04  0.34534642E-04 -0.20575810E-02 -0.20575810E-02
-0.12880117E+02  0.35153832E-04  0.35153832E-04 -0.20742022E-02 -0.20742022E-02
-0.12789412E+02  0.35791218E-04  0.35791218E-04 -0.20911228E-02 -0.20911228E-02
-0.12698708E+02  0.36447566E-04  0.36447566E-04 -0.21083516E-02 -0.21083516E-02
-0.12608004E+02  0.37123682E-04  0.37123682E-04 -0.21258978E-02 -0.21258978E-02
-0.12517300E+02  0.37820414E-04  0.37820414E-04 -0.21437708E-02 -0.21437708E-02
-0.12426596E+02  0.38538685E-04  0.38538685E-04 -0.21619812E-02 -0.21619812E-02
-0.12335892E+02  0.39279440E-04  0.39279440E-04 -0.21805391E-02 -0.21805391E-02
-0.12245187E+02  0.40043688E-04  0.40043688E-04 -0.21994555E-02 -0.21994555E-02
-0.12154483E+02  0.40832496E-04  0.40832496E-04 -0.22187414E-02 -0.22187414E-02
-0.12063779E+02  0.41647022E-04  0.41647022E-04 -0.22384095E-02 -0.22384095E-02
-0.11973075E+02  0.42488462E-04  0.42488462E-04 -0.22584720E-02 -0.22584720E-02
-0.11882371E+02  0.43358096E-04  0.43358096E-04 -0.22789419E-02 -0.22789419E-02
-0.11791667E+02  0.44257295E-04  0.44257295E-04 -0.22998330E-02 -0.22998330E-02
-0.11700962E+02  0.45187495E-04  0.45187495E-04 -0.23211593E-02 -0.23211593E-02
-0.11610258E+02  0.46150270E-04  0.46150270E-04 -0.23429366E-02 -0.23429366E-02
-0.11519554E+02  0.47147258E-04  0.47147258E-04 -0.23651805E-02 -0.23651805E-02
-0.11428850E+02  0.48180211E-04  0.48180211E-04 -0.23879073E-02 -0.23879073E-02
-0.11338146E+02  0.49251030E-04  0.49251030E-04 -0.24111351E-02 -0.24111351E-02
-0.11247442E+02  0.50361717E-04  0.50361717E-04 -0.24348818E-02 -0.24348818E-02
-0.11156737E+02  0.51514442E-04  0.51514442E-04 -0.24591674E-02 -0.24591674E-02
-0.11066033E+02  0.52711510E-04  0.52711510E-04 -0.24840120E-02 -0.24840120E-02
-0.10975329E+02  0.53955405E-04  0.53955405E-04 -0.25094372E-02 -0.25094372E-02
-0.10884625E+02  0.55248809E-04  0.55248809E-04 -0.25354662E-02 -0.25354662E-02
-0.10793921E+02  0.56594585E-04  0.56594585E-04 -0.25621228E-02 -0.25621228E-02
-0.10703217E+02  0.57995849E-04  0.57995849E-04 -0.25894329E-02 -0.25894329E-02
-0.10612512E+02  0.59455924E-04  0.59455924E-04 -0.26174231E-02 -0.26174231E-02
-0.10521808E+02  0.60978455E-04  0.60978455E-04 -0.26461227E-02 -0.26461227E-02
-0.10431104E+02  0.62567337E-04  0.62567337E-04 -0.26755619E-02 -0.26755619E-02
-0.10340400E+02  0.64226838E-04  0.64226838E-04 -0.27057733E-02 -0.27057733E-02
-0.10249696E+02  0.65961542E-04  0.65961542E-04 -0.27367911E-02 -0.27367911E-02
-0.10158992E+02  0.67776503E-04  0.67776503E-04 -0.27686525E-02 -0.27686525E-02
-0.10068287E+02  0.69677174E-04  0.69677174E-04 -0.28013967E-02 -0.28013967E-02
-0.99775833E+01  0.71669526E-04  0.71669526E-04 -0.28350652E-02 -0.28350652E-02
-0.98868792E+01  0.73760117E-04  0.73760117E-04 -0.28697035E-02 -0.28697035E-02
-0.97961750E+01  0.75956088E-04  0.75956088E-04 -0.29053591E-02 -0.29053591E-02
-0.97054708E+01  0.78265356E-04  0.78265356E-04 -0.29420842E-02 -0.29420842E-02
-0.96147667E+01  0.80696576E-04  0.80696576E-04 -0.29799339E-02 -0.29799339E-02
-0.95240625E+01  0.83259358E-04  0.83259358E-04 -0.30189685E-02 -0.30189685E-02
-0.94333583E+01  0.85964271E-04  0.85964271E-04 -0.30592517E-02 -0.30592517E-02
-0.93426542E+01  0.88823142E-04  0.88823142E-04 -0.31008542E-02 -0.31008542E-02
-0.92519500E+01  0.91849054E-04  0.91849054E-04 -0.31438511E-02 -0.31438511E-02
-0.91612458E+01  0.95056637E-04  0.95056637E-04 -0.31883242E-02 -0.31883242E-02
-0.90705417E+01  0.98462316E-04  0.98462316E-04 -0.32343633E-02 -0.32343633E-02
-0.89798375E+01  0.10208447E-03  0.10208447E-03 -0.32820649E-02 -0.32820649E-02
-0.88891333E+01  0.10594394E-03  0.10594394E-03 -0.33315363E-02 -0.33315363E-02
-0.87984292E+01  0.11006425E-03  0.11006425E-03 -0.33828936E-02 -0.33828936E-02
-0.87077250E+01  0.11447221E-03  0.11447221E-03 -0.34362657E-02 -0.34362657E-02
-0.86170208E+01  0.11919835E-03  0.11919835E-03 -0.34917931E-02 -0.34917931E-02
-0.85263167E+01  0.12427787E-03  0.12427787E-03 -0.35496336E-02 -0.35496336E-02
-0.84356125E+01  0.12975134E-03  0.12975134E-03 -0.36099607E-02 -0.36099607E-02
-0.83449083E+01  0.13566581E-03  0.13566581E-03 -0.36729678E-02 -0.36729678E-02
-0.82542042E+01  0.14207639E-03  0.14207639E-03 -0.37388728E-02 -0.37388728E-02
-0.81635000E+01  0.14904776E-03  0.14904776E-03 -0.38079189E-02 -0.38079189E-02
-0.80727958E+01  0.15665691E-03  0.15665691E-03 -0.38803833E-02 -0.38803833E-02
-0.79820917E+01  0.16499573E-03  0.16499573E-03 -0.39565786E-02 -0.39565786E-02
-0.78913875E+01  0.17417540E-03  0.17417540E-03 -0.40368644E-02 -0.40368644E-02
-0.78006833E+01  0.18433156E-03  0.18433156E-03 -0.41216518E-02 -0.41216518E-02
-0.77099792E+01  0.19563230E-03  0.19563230E-03 -0.42114206E-02 -0.42114206E-02
-0.76192750E+01  0.20828824E-03  0.20828824E-03 -0.43067288E-02 -0.43067288E-02
-0.75285708E+01  0.22256818E-03  0.22256818E-03 -0.44082363E-02 -0.44082363E-02
-0.74378667E+01  0.23882127E-03  0.23882127E-03 -0.45167275E-02 -0.45167275E-02
-0.73471625E+01  0.25751133E-03  0.25751133E-03 -0.46331466E-02 -0.46331466E-02
-0.72564583E+01  0.27927096E-03  0.27927096E-03 -0.47586480E-02 -0.47586480E-02
-0.71657542E+01  0.30498848E-03  0.30498848E-03 -0.48946528E-02 -0.48946528E-02
-0.70750500E+01  0.33595733E-03  0.33595733E-03 -0.50429399E-02 -0.50429399E-02
-0.69843458E+01  0.37414036E-03  0.37414036E-03 -0.52057490E-02 -0.52057490E-02
-0.68936417E+01  0.42266709E-03  0.42266709E-03 -0.53859040E-02 -0.53859040E-02
-0.68029375E+01  0.48680730E-03  0.48680730E-03 -0.55868335E-02 -0.55868335E-02
-0.67122333E+01  0.57596596E-03  0.57596596E-03 -0.58121117E-02 -0.58121117E-02
-0.66215292E+01  0.70770237E-03  0.70770237E-03 -0.60628412E-02 -0.60628412E-02
-0.65308250E+01  0.91395949E-03  0.91395949E-03 -0.63265308E-02 -0.63265308E-02
-0.64401208E+01  0.12332911E-02  0.12332911E-02 -0.65394257E-02 -0.65394257E-02
-0.63494167E+01  0.15948273E-02  0.15948273E-02 -0.65506797E-02 -0.65506797E-02
-0.62587125E+01  0.16931126E-02  0.16931126E-02 -0.64245381E-02 -0.64245381E-02
-0.61680083E+01  0.15940663E-02  0.15940663E-02 -0.65581253E-02 -0.65581253E-02
-0.60773042E+01  0.16387294E-02  0.16387294E-02 -0.69373701E-02 -0.69373701E-02
-0.59866000E+01  0.19333485E-02  0.19333485E-02 -0.73596413E-02 -0.73596413E-02
-0.58958958E+01  0.24341969E-02  0.24341969E-02 -0.75985507E-02 -0.75985507E-02
-0.58051917E+01  0.28001457E-02  0.28001457E-02 -0.75373296E-02 -0.75373296E-02
-0.57144875E+01  0.27981750E-02  0.27981750E-02 -0.76310427E-02 -0.76310427E-02
-0.56237833E+01  0.28877230E-02  0.28877230E-02 -0.81525067E-02 -0.81525067E-02
-0.55330792E+01  0.33469768E-02  0.33469768E-02 -0.87977800E-02 -0.87977800E-02
-0.54423750E+01  0.39891814E-02  0.39891814E-02 -0.93271820E-02 -0.93271820E-02
-0.53516708E+01  0.46563898E-02  0.46563898E-02 -0.10060490E-01 -0.10060490E-01
-0.52609667E+01  0.59148053E-02  0.59148053E-02 -0.11237674E-01 -0.11237674E-01
-0.51702625E+01  0.84894852E-02  0.84894852E-02 -0.12442232E-01 -0.12442232E-01
-0.50795583E+01  0.13069679E-01  0.13069679E-01 -0.12387738E-01 -0.12387738E-01
-0.49888542E+01  0.18551710E-01  0.18551710E-01 -0.80440631E-02 -0.80440631E-02
-0.48981500E+01  0.18809776E-01  0.18809776E-01  0.45539172E-03  0.45539172E-03
-0.48074458E+01  0.13371553E-01  0.13371553E-01  0.52581492E-02  0.52581492E-02
-0.47167417E+01  0.84986934E-02  0.84986934E-02  0.55392783E-02  0.55392783E-02
-0.46260375E+01  0.55748997E-02  0.55748997E-02  0.43764004E-02  0.43764004E-02
-0.45353333E+01  0.39042300E-02  0.39042300E-02  0.30622252E-02  0.30622252E-02
-0.44446292E+01  0.29181163E-02  0.29181163E-02  0.18918200E-02  0.18918200E-02
-0.43539250E+01  0.23136384E-02  0.23136384E-02  0.88966065E-03  0.88966065E-03
-0.42632208E+01  0.19369036E-02  0.19369036E-02  0.23518048E-04  0.23518048E-04
-0.41725167E+01  0.17100138E-02  0.17100138E-02 -0.74360468E-03 -0.74360468E-03
-0.40818125E+01  0.15971815E-02  0.15971815E-02 -0.14413147E-02 -0.14413147E-02
-0.39911083E+01  0.15904056E-02  0.15904056E-02 -0.20838682E-02 -0.20838682E-02
-0.39004042E+01  0.16911350E-02  0.16911350E-02 -0.26497499E-02 -0.26497499E-02
-0.38097000E+01  0.18335802E-02  0.18335802E-02 -0.30867071E-02 -0.30867071E-02
-0.37189958E+01  0.18924316E-02  0.18924316E-02 -0.34936679E-02 -0.34936679E-02
-0.36282917E+01  0.19865639E-02  0.19865639E-02 -0.40337414E-02 -0.40337414E-02
-0.35375875E+01  0.23007516E-02  0.23007516E-02 -0.46246438E-02 -0.46246438E-02
-0.34468833E+01  0.28781151E-02  0.28781151E-02 -0.50341702E-02 -0.50341702E-02
-0.33561792E+01  0.34268100E-02  0.34268100E-02 -0.50073155E-02 -0.50073155E-02
-0.32654750E+01  0.34590960E-02  0.34590960E-02 -0.48856076E-02 -0.48856076E-02
-0.31747708E+01  0.33001692E-02  0.33001692E-02 -0.52742541E-02 -0.52742541E-02
-0.30840667E+01  0.35055062E-02  0.35055062E-02 -0.60064559E-02 -0.60064559E-02
-0.29933625E+01  0.41232697E-02  0.41232697E-02 -0.66459587E-02 -0.66459587E-02
-0.29026583E+01  0.47554983E-02  0.47554983E-02 -0.70737850E-02 -0.70737850E-02
-0.28119542E+01  0.54091692E-02  0.54091692E-02 -0.78361906E-02 -0.78361906E-02
-0.27212500E+01  0.68810794E-02  0.68810794E-02 -0.89315473E-02 -0.89315473E-02
-0.26305458E+01  0.97551305E-02  0.97551305E-02 -0.94485477E-02 -0.94485477E-02
-0.25398417E+01  0.13477182E-01  0.13477182E-01 -0.76513145E-02 -0.76513145E-02
-0.24491375E+01  0.15206900E-01  0.15206900E-01 -0.32436099E-02 -0.32436099E-02
-0.23584333E+01  0.13669704E-01  0.13669704E-01  0.90514142E-03  0.90514142E-03
-0.22677292E+01  0.10548561E-01  0.10548561E-01  0.26269697E-02  0.26269697E-02
-0.21770250E+01  0.82233314E-02  0.82233314E-02  0.22574802E-02  0.22574802E-02
-0.20863208E+01  0.72728042E-02  0.72728042E-02  0.14601811E-02  0.14601811E-02
-0.19956167E+01  0.69294439E-02  0.69294439E-02  0.11354734E-02  0.11354734E-02
-0.19049125E+01  0.64957664E-02  0.64957664E-02  0.97714222E-03  0.97714222E-03
-0.18142083E+01  0.62294778E-02  0.62294778E-02  0.67361993E-03  0.67361993E-03
-0.17235042E+01  0.61896182E-02  0.61896182E-02  0.52880073E-03  0.52880073E-03
-0.16328000E+01  0.61324847E-02  0.61324847E-02  0.48896864E-03  0.48896864E-03
-0.15420958E+01  0.62477106E-02  0.62477106E-02  0.49464613E-03  0.49464613E-03
-0.14513917E+01  0.64085796E-02  0.64085796E-02  0.96332557E-03  0.96332557E-03
-0.13606875E+01  0.59635837E-02  0.59635837E-02  0.16707123E-02  0.16707123E-02
-0.12699833E+01  0.51435528E-02  0.51435528E-02  0.19335374E-02  0.19335374E-02
-0.11792792E+01  0.43953159E-02  0.43953159E-02  0.19161989E-02  0.19161989E-02
-0.10885750E+01  0.35962676E-02  0.35962676E-02  0.17355191E-02  0.17355191E-02
-0.99787083E+00  0.28515943E-02  0.28515943E-02  0.12377333E-02  0.12377333E-02
-0.90716667E+00  0.23478921E-02  0.23478921E-02  0.54606710E-03  0.54606710E-03
-0.81646250E+00  0.20611501E-02  0.20611501E-02 -0.18292589E-03 -0.18292589E-03
-0.72575833E+00  0.19147394E-02  0.19147394E-02 -0.90832393E-03 -0.90832393E-03
-0.63505417E+00  0.18752931E-02  0.18752931E-02 -0.16485562E-02 -0.16485562E-02
-0.54435000E+00  0.19505062E-02  0.19505062E-02 -0.24217312E-02 -0.24217312E-02
-0.45364583E+00  0.21694942E-02  0.21694942E-02 -0.32366424E-02 -0.32366424E-02
-0.36294167E+00  0.25964198E-02  0.25964198E-02 -0.40848158E-02 -0.40848158E-02
-0.27223750E+00  0.33438125E-02  0.33438125E-02 -0.48732722E-02 -0.48732722E-02
-0.18153333E+00  0.44286301E-02  0.44286301E-02 -0.52658394E-02 -0.52658394E-02
-0.90829167E-01  0.52035978E-02  0.52035978E-02 -0.49647243E-02 -0.49647243E-02
-0.12500000E-03  0.50886158E-02  0.50886158E-02 -0.49407542E-02 -0.49407542E-02
 0.90579167E-01  0.50368842E-02  0.50368842E-02 -0.58896396E-02 -0.58896396E-02
 0.18128333E+00  0.57312224E-02  0.57312224E-02 -0.74146461E-02 -0.74146461E-02
 0.27198750E+00  0.74784707E-02  0.74784707E-02 -0.91808473E-02 -0.91808473E-02
 0.36269167E+00  0.10831954E-01  0.10831954E-01 -0.10725445E-01 -0.10725445E-01
 0.45339583E+00  0.16404192E-01  0.16404192E-01 -0.10509346E-01 -0.10509346E-01
 0.54410000E+00  0.22391389E-01  0.22391389E-01 -0.54845392E-02 -0.54845392E-02
 0.63480417E+00  0.23069118E-01  0.23069118E-01  0.31116133E-02  0.31116133E-02
 0.72550833E+00  0.18732658E-01  0.18732658E-01  0.89399922E-02  0.89399922E-02
 0.81621250E+00  0.13614267E-01  0.13614267E-01  0.10989565E-01  0.10989565E-01
 0.90691667E+00  0.95765915E-02  0.95765915E-02  0.10713289E-01  0.10713289E-01
 0.99762083E+00  0.69559850E-02  0.69559850E-02  0.95442444E-02  0.95442444E-02
 0.10883250E+01  0.53541958E-02  0.53541958E-02  0.82897902E-02  0.82897902E-02
 0.11790292E+01  0.43248388E-02  0.43248388E-02  0.71975523E-02  0.71975523E-02
 0.12697333E+01  0.35908762E-02  0.35908762E-02  0.62576581E-02  0.62576581E-02
 0.13604375E+01  0.30365668E-02  0.30365668E-02  0.54040447E-02  0.54040447E-02
 0.14511417E+01  0.26226147E-02  0.26226147E-02  0.45994120E-02  0.45994120E-02
 0.15418458E+01  0.23265184E-02  0.23265184E-02  0.38276385E-02  0.38276385E-02
 0.16325500E+01  0.21337246E-02  0.21337246E-02  0.30750114E-02  0.30750114E-02
 0.17232542E+01  0.20409063E-02  0.20409063E-02  0.23278218E-02  0.23278218E-02
 0.18139583E+01  0.20577034E-02  0.20577034E-02  0.15737678E-02  0.15737678E-02
 0.19046625E+01  0.22133731E-02  0.22133731E-02  0.80480875E-03  0.80480875E-03
 0.19953667E+01  0.25723111E-02  0.25723111E-02  0.33784834E-04  0.33784834E-04
 0.20860708E+01  0.32452159E-02  0.32452159E-02 -0.64153685E-03 -0.64153685E-03
 0.21767750E+01  0.42700024E-02  0.42700024E-02 -0.88096371E-03 -0.88096371E-03
 0.22674792E+01  0.50486819E-02  0.50486819E-02 -0.25483211E-03 -0.25483211E-03
 0.23581833E+01  0.46891712E-02  0.46891712E-02  0.43346518E-03  0.43346518E-03
 0.24488875E+01  0.39433993E-02  0.39433993E-02  0.14637422E-03  0.14637422E-03
 0.25395917E+01  0.36138220E-02  0.36138220E-02 -0.78991159E-03 -0.78991159E-03
 0.26302958E+01  0.37922076E-02  0.37922076E-02 -0.20003288E-02 -0.20003288E-02
 0.27210000E+01  0.45052351E-02  0.45052351E-02 -0.33793681E-02 -0.33793681E-02
 0.28117042E+01  0.59548521E-02  0.59548521E-02 -0.48767528E-02 -0.48767528E-02
 0.29024083E+01  0.86134573E-02  0.86134573E-02 -0.62302497E-02 -0.62302497E-02
 0.29931125E+01  0.13088575E-01  0.13088575E-01 -0.63282011E-02 -0.63282011E-02
 0.30838167E+01  0.18325702E-01  0.18325702E-01 -0.25159379E-02 -0.25159379E-02
 0.31745208E+01  0.19043580E-01  0.19043580E-01  0.50195716E-02  0.50195716E-02
 0.32652250E+01  0.14686705E-01  0.14686705E-01  0.96418975E-02  0.96418975E-02
 0.33559292E+01  0.10499162E-01  0.10499162E-01  0.10314140E-01  0.10314140E-01
 0.34466333E+01  0.79169811E-02  0.79169811E-02  0.95576551E-02  0.95576551E-02
 0.35373375E+01  0.64721708E-02  0.64721708E-02  0.85524754E-02  0.85524754E-02
 0.36280417E+01  0.57455764E-02  0.57455764E-02  0.76414408E-02  0.76414408E-02
 0.37187458E+01  0.54807020E-02  0.54807020E-02  0.69827945E-02  0.69827945E-02
 0.38094500E+01  0.54120811E-02  0.54120811E-02  0.66574218E-02  0.66574218E-02
 0.39001542E+01  0.52951723E-02  0.52951723E-02  0.65490356E-02  0.65490356E-02
 0.39908583E+01  0.51376079E-02  0.51376079E-02  0.64397326E-02  0.64397326E-02
 0.40815625E+01  0.51211272E-02  0.51211272E-02  0.63358536E-02  0.63358536E-02
 0.41722667E+01  0.52519688E-02  0.52519688E-02  0.64705482E-02  0.64705482E-02
 0.42629708E+01  0.52206238E-02  0.52206238E-02  0.69616783E-02  0.69616783E-02
 0.43536750E+01  0.47558553E-02  0.47558553E-02  0.75060784E-02  0.75060784E-02
 0.44443792E+01  0.40425934E-02  0.40425934E-02  0.77655930E-02  0.77655930E-02
 0.45350833E+01  0.33462505E-02  0.33462505E-02  0.77730305E-02  0.77730305E-02
 0.46257875E+01  0.27093147E-02  0.27093147E-02  0.76456283E-02  0.76456283E-02
 0.47164917E+01  0.21292455E-02  0.21292455E-02  0.73955984E-02  0.73955984E-02
 0.48071958E+01  0.16569865E-02  0.16569865E-02  0.70415403E-02  0.70415403E-02
 0.48979000E+01  0.13154943E-02  0.13154943E-02  0.66485863E-02  0.66485863E-02
 0.49886042E+01  0.10820594E-02  0.10820594E-02  0.62686064E-02  0.62686064E-02
 0.50793083E+01  0.92389454E-03  0.92389454E-03  0.59235437E-02  0.59235437E-02
 0.51700125E+01  0.81448368E-03  0.81448368E-03  0.56184952E-02  0.56184952E-02
 0.52607167E+01  0.73380310E-03  0.73380310E-03  0.53509959E-02  0.53509959E-02
 0.53514208E+01  0.66743603E-03  0.66743603E-03  0.51130714E-02  0.51130714E-02
 0.54421250E+01  0.60903337E-03  0.60903337E-03  0.48937142E-02  0.48937142E-02
 0.55328292E+01  0.55968460E-03  0.55968460E-03  0.46849705E-02  0.46849705E-02
 0.56235333E+01  0.52229050E-03  0.52229050E-03  0.44842479E-02  0.44842479E-02
 0.57142375E+01  0.49834650E-03  0.49834650E-03  0.42915092E-02  0.42915092E-02
 0.58049417E+01  0.48852759E-03  0.48852759E-03  0.41070039E-02  0.41070039E-02
 0.58956458E+01  0.49393706E-03  0.49393706E-03  0.39310891E-02  0.39310891E-02
 0.59863500E+01  0.51674447E-03  0.51674447E-03  0.37651280E-02  0.37651280E-02
 0.60770542E+01  0.56006698E-03  0.56006698E-03  0.36130900E-02  0.36130900E-02
 0.61677583E+01  0.62618562E-03  0.62618562E-03  0.34839825E-02  0.34839825E-02
 0.62584625E+01  0.71052562E-03  0.71052562E-03  0.33934661E-02  0.33934661E-02
 0.63491667E+01  0.79119127E-03  0.79119127E-03  0.33566478E-02  0.33566478E-02
 0.64398708E+01  0.83123110E-03  0.83123110E-03  0.33647141E-02  0.33647141E-02
 0.65305750E+01  0.81394654E-03  0.81394654E-03  0.33761983E-02  0.33761983E-02
 0.66212792E+01  0.76351598E-03  0.76351598E-03  0.33566360E-02  0.33566360E-02
 0.67119833E+01  0.71240257E-03  0.71240257E-03  0.33059395E-02  0.33059395E-02
 0.68026875E+01  0.67478513E-03  0.67478513E-03  0.32409855E-02  0.32409855E-02
 0.68933917E+01  0.64894087E-03  0.64894087E-03  0.31761619E-02  0.31761619E-02
 0.69840958E+01  0.62669253E-03  0.62669253E-03  0.31171616E-02  0.31171616E-02
 0.70748000E+01  0.60089891E-03  0.60089891E-03  0.30616164E-02  0.30616164E-02
 0.71655042E+01  0.56974715E-03  0.56974715E-03  0.30034560E-02  0.30034560E-02
 0.72562083E+01  0.53636150E-03  0.53636150E-03  0.29379755E-02  0.29379755E-02
 0.73469125E+01  0.50558562E-03  0.50558562E-03  0.28639120E-02  0.28639120E-02
 0.74376167E+01  0.48157604E-03  0.48157604E-03  0.27826461E-02  0.27826461E-02
 0.75283208E+01  0.46716091E-03  0.46716091E-03  0.26968934E-02  0.26968934E-02
 0.76190250E+01  0.46396306E-03  0.46396306E-03  0.26100377E-02  0.26100377E-02
 0.77097292E+01  0.47241779E-03  0.47241779E-03  0.25259986E-02  0.25259986E-02
 0.78004333E+01  0.49130658E-03  0.49130658E-03  0.24491286E-02  0.24491286E-02
 0.78911375E+01  0.51692459E-03  0.51692459E-03  0.23833928E-02  0.23833928E-02
 0.79818417E+01  0.54294918E-03  0.54294918E-03  0.23302943E-02  0.23302943E-02
 0.80725458E+01  0.56263278E-03  0.56263278E-03  0.22866346E-02  0.22866346E-02
 0.81632500E+01  0.57283040E-03  0.57283040E-03  0.22449819E-02  0.22449819E-02
 0.82539542E+01  0.57620240E-03  0.57620240E-03  0.21975554E-02  0.21975554E-02
 0.83446583E+01  0.57962393E-03  0.57962393E-03  0.21400633E-02  0.21400633E-02
 0.84353625E+01  0.59116319E-03  0.59116319E-03  0.20729100E-02  0.20729100E-02
 0.85260667E+01  0.61793604E-03  0.61793604E-03  0.20008845E-02  0.20008845E-02
 0.86167708E+01  0.66428485E-03  0.66428485E-03  0.19330503E-02  0.19330503E-02
 0.87074750E+01  0.72822455E-03  0.72822455E-03  0.18821385E-02  0.18821385E-02
 0.87981792E+01  0.79641732E-03  0.79641732E-03  0.18589362E-02  0.18589362E-02
 0.88888833E+01  0.84718855E-03  0.84718855E-03  0.18587877E-02  0.18587877E-02
 0.89795875E+01  0.87163114E-03  0.87163114E-03  0.18567648E-02  0.18567648E-02
 0.90702917E+01  0.88885186E-03  0.88885186E-03  0.18310141E-02  0.18310141E-02
 0.91609958E+01  0.92909741E-03  0.92909741E-03  0.17862662E-02  0.17862662E-02
 0.92517000E+01  0.10091219E-02  0.10091219E-02  0.17520096E-02  0.17520096E-02
 0.93424042E+01  0.11149180E-02  0.11149180E-02  0.17681350E-02  0.17681350E-02
 0.94331083E+01  0.11923664E-02  0.11923664E-02  0.18512266E-02  0.18512266E-02
 0.95238125E+01  0.11896953E-02  0.11896953E-02  0.19516299E-02  0.19516299E-02
 0.96145167E+01  0.11316380E-02  0.11316380E-02  0.19949170E-02  0.19949170E-02
 0.97052208E+01  0.10904575E-02  0.10904575E-02  0.19684757E-02  0.19684757E-02
 0.97959250E+01  0.11135194E-02  0.11135194E-02  0.19155786E-02  0.19155786E-02
 0.98866292E+01  0.12071035E-02  0.12071035E-02  0.18984340E-02  0.18984340E-02
 0.99773333E+01  0.13274770E-02  0.13274770E-02  0.19787064E-02  0.19787064E-02
 0.10068038E+02  0.13750699E-02  0.13750699E-02  0.21637209E-02  0.21637209E-02
 0.10158742E+02  0.12823970E-02  0.12823970E-02  0.23553605E-02  0.23553605E-02
 0.10249446E+02  0.11046436E-02  0.11046436E-02  0.24526590E-02  0.24526590E-02
 0.10340150E+02  0.93008975E-03  0.93008975E-03  0.24533514E-02  0.24533514E-02
 0.10430854E+02  0.79525034E-03  0.79525034E-03  0.24006491E-02  0.24006491E-02
 0.10521558E+02  0.69999699E-03  0.69999699E-03  0.23273302E-02  0.23273302E-02
 0.10612263E+02  0.63523538E-03  0.63523538E-03  0.22493607E-02  0.22493607E-02
 0.10702967E+02  0.59309890E-03  0.59309890E-03  0.21739487E-02  0.21739487E-02
 0.10793671E+02  0.56744451E-03  0.56744451E-03  0.21053269E-02  0.21053269E-02
 0.10884375E+02  0.55191978E-03  0.55191978E-03  0.20461876E-02  0.20461876E-02
 0.10975079E+02  0.53941379E-03  0.53941379E-03  0.19962030E-02  0.19962030E-02
 0.11065783E+02  0.52456105E-03  0.52456105E-03  0.19507340E-02  0.19507340E-02
 0.11156488E+02  0.50712128E-03  0.50712128E-03  0.19032064E-02  0.19032064E-02
 0.11247192E+02  0.49147572E-03  0.49147572E-03  0.18498853E-02  0.18498853E-02
 0.11337896E+02  0.48239056E-03  0.48239056E-03  0.17917113E-02  0.17917113E-02
 0.11428600E+02  0.48181430E-03  0.48181430E-03  0.17320937E-02  0.17320937E-02
 0.11519304E+02  0.48879170E-03  0.48879170E-03  0.16737355E-02  0.16737355E-02
 0.11610008E+02  0.50167354E-03  0.50167354E-03  0.16168053E-02  0.16168053E-02
 0.11700713E+02  0.52102650E-03  0.52102650E-03  0.15597162E-02  0.15597162E-02
 0.11791417E+02  0.55073107E-03  0.55073107E-03  0.15024160E-02  0.15024160E-02
 0.11882121E+02  0.59562015E-03  0.59562015E-03  0.14497901E-02  0.14497901E-02
 0.11972825E+02  0.65621398E-03  0.65621398E-03  0.14124474E-02  0.14124474E-02
 0.12063529E+02  0.72242791E-03  0.72242791E-03  0.14019132E-02  0.14019132E-02
 0.12154233E+02  0.77388984E-03  0.77388984E-03  0.14179163E-02  0.14179163E-02
 0.12244938E+02  0.79729256E-03  0.79729256E-03  0.14404383E-02  0.14404383E-02
 0.12335642E+02  0.80345842E-03  0.80345842E-03  0.14472147E-02  0.14472147E-02
 0.12426346E+02  0.81553550E-03  0.81553550E-03  0.14366463E-02  0.14366463E-02
 0.12517050E+02  0.84638014E-03  0.84638014E-03  0.14263935E-02  0.14263935E-02
 0.12607754E+02  0.88852576E-03  0.88852576E-03  0.14378506E-02  0.14378506E-02
 0.12698458E+02  0.91719019E-03  0.91719019E-03  0.14780374E-02  0.14780374E-02
 0.12789163E+02  0.91018414E-03  0.91018414E-03  0.15280792E-02  0.15280792E-02
 0.12879867E+02  0.87092101E-03  0.87092101E-03  0.15584120E-02  0.15584120E-02
 0.12970571E+02  0.82198309E-03  0.82198309E-03  0.15557374E-02  0.15557374E-02
 0.13061275E+02  0.78256542E-03  0.78256542E-03  0.15252940E-02  0.15252940E-02
 0.13151979E+02  0.76140457E-03  0.76140457E-03  0.14772221E-02  0.14772221E-02
 0.13242683E+02  0.76253981E-03  0.76253981E-03  0.14194210E-02  0.14194210E-02
 0.13333388E+02  0.79076328E-03  0.79076328E-03  0.13594582E-02  0.13594582E-02
 0.13424092E+02  0.85148079E-03  0.85148079E-03  0.13101824E-02  0.13101824E-02
 0.13514796E+02  0.94335284E-03  0.94335284E-03  0.12942739E-02  0.12942739E-02
 0.13605500E+02  0.10430084E-02  0.10430084E-02  0.13389908E-02  0.13389908E-02
 0.13696204E+02  0.10979597E-02  0.10979597E-02  0.14464241E-02  0.14464241E-02
 0.13786908E+02  0.10680538E-02  0.10680538E-02  0.15637043E-02  0.15637043E-02
 0.13877613E+02  0.97852512E-03  0.97852512E-03  0.16269046E-02  0.16269046E-02
 0.13968317E+02  0.88621576E-03  0.88621576E-03  0.16244998E-02  0.16244998E-02
 0.14059021E+02  0.82365237E-03  0.82365237E-03  0.15830532E-02  0.15830532E-02
 0.14149725E+02  0.79470487E-03  0.79470487E-03  0.15308282E-02  0.15308282E-02
 0.14240429E+02  0.78938313E-03  0.78938313E-03  0.14848255E-02  0.14848255E-02
 0.14331133E+02  0.79440852E-03  0.79440852E-03  0.14498274E-02  0.14498274E-02
 0.14421838E+02  0.80085893E-03  0.80085893E-03  0.14211729E-02  0.14211729E-02
 0.14512542E+02  0.80831821E-03  0.80831821E-03  0.13915439E-02  0.13915439E-02
 0.14603246E+02  0.82257617E-03  0.82257617E-03  0.13579058E-02  0.13579058E-02
 0.14693950E+02  0.85013308E-03  0.85013308E-03  0.13235862E-02  0.13235862E-02
 0.14784654E+02  0.89432649E-03  0.89432649E-03  0.12967747E-02  0.12967747E-02
 0.14875358E+02  0.95286481E-03  0.95286481E-03  0.12885589E-02  0.12885589E-02
 0.14966063E+02  0.10147933E-02  0.10147933E-02  0.13094891E-02  0.13094891E-02
 0.15056767E+02  0.10597617E-02  0.10597617E-02  0.13611909E-02  0.13611909E-02
 0.15147471E+02  0.10682318E-02  0.10682318E-02  0.14269051E-02  0.14269051E-02
 0.15238175E+02  0.10402052E-02  0.10402052E-02  0.14775004E-02  0.14775004E-02
 0.15328879E+02  0.99820069E-03  0.99820069E-03  0.14944580E-02  0.14944580E-02
 0.15419583E+02  0.96829675E-03  0.96829675E-03  0.14819736E-02  0.14819736E-02
 0.15510288E+02  0.96403297E-03  0.96403297E-03  0.14585699E-02  0.14585699E-02
 0.15600992E+02  0.98346562E-03  0.98346562E-03  0.14445643E-02  0.14445643E-02
 0.15691696E+02  0.10125690E-02  0.10125690E-02  0.14528965E-02  0.14528965E-02
 0.15782400E+02  0.10333094E-02  0.10333094E-02  0.14828580E-02  0.14828580E-02
 0.15873104E+02  0.10354502E-02  0.10354502E-02  0.15219696E-02  0.15219696E-02
 0.15963808E+02  0.10214849E-02  0.10214849E-02  0.15575854E-02  0.15575854E-02
 0.16054513E+02  0.99929850E-03  0.99929850E-03  0.15857298E-02  0.15857298E-02
 0.16145217E+02  0.97316065E-03  0.97316065E-03  0.16090663E-02  0.16090663E-02
 0.16235921E+02  0.94160657E-03  0.94160657E-03  0.16302873E-02  0.16302873E-02
 0.16326625E+02  0.90051572E-03  0.90051572E-03  0.16476939E-02  0.16476939E-02
 0.16417329E+02  0.84796250E-03  0.84796250E-03  0.16543966E-02  0.16543966E-02
 0.16508033E+02  0.78858278E-03  0.78858278E-03  0.16415803E-02  0.16415803E-02
 0.16598738E+02  0.73379151E-03  0.73379151E-03  0.16048486E-02  0.16048486E-02
 0.16689442E+02  0.69651774E-03  0.69651774E-03  0.15484503E-02  0.15484503E-02
 0.16780146E+02  0.68509022E-03  0.68509022E-03  0.14842631E-02  0.14842631E-02
 0.16870850E+02  0.69915348E-03  0.69915348E-03  0.14283226E-02  0.14283226E-02
 0.16961554E+02  0.72567925E-03  0.72567925E-03  0.13947440E-02  0.13947440E-02
 0.17052258E+02  0.74073334E-03  0.74073334E-03  0.13819246E-02  0.13819246E-02
 0.17142963E+02  0.73126386E-03  0.73126386E-03  0.13638972E-02  0.13638972E-02
 0.17233667E+02  0.71560404E-03  0.71560404E-03  0.13139810E-02  0.13139810E-02
 0.17324371E+02  0.72660456E-03  0.72660456E-03  0.12316408E-02  0.12316408E-02
 0.17415075E+02  0.78907539E-03  0.78907539E-03  0.11385646E-02  0.11385646E-02
 0.17505779E+02  0.91374702E-03  0.91374702E-03  0.10719333E-02  0.10719333E-02
 0.17596483E+02  0.10806775E-02  0.10806775E-02  0.10833738E-02  0.10833738E-02
 0.17687188E+02  0.12128084E-02  0.12128084E-02  0.11987495E-02  0.11987495E-02
 0.17777892E+02  0.12351262E-02  0.12351262E-02  0.13466206E-02  0.13466206E-02
 0.17868596E+02  0.11865077E-02  0.11865077E-02  0.14290241E-02  0.14290241E-02
 0.17959300E+02  0.11538663E-02  0.11538663E-02  0.14436101E-02  0.14436101E-02
 0.18050004E+02  0.11708277E-02  0.11708277E-02  0.14462403E-02  0.14462403E-02
 0.18140708E+02  0.12163018E-02  0.12163018E-02  0.14842817E-02  0.14842817E-02
 0.18231412E+02  0.12453544E-02  0.12453544E-02  0.15663818E-02  0.15663818E-02
 0.18322117E+02  0.12298678E-02  0.12298678E-02  0.16631662E-02  0.16631662E-02
 0.18412821E+02  0.11764236E-02  0.11764236E-02  0.17429096E-02  0.17429096E-02
 0.18503525E+02  0.11035331E-02  0.11035331E-02  0.17941588E-02  0.17941588E-02
 0.18594229E+02  0.10246047E-02  0.10246047E-02  0.18154391E-02  0.18154391E-02
 0.18684933E+02  0.95178292E-03  0.95178292E-03  0.18073190E-02  0.18073190E-02
 0.18775638E+02  0.89744957E-03  0.89744957E-03  0.17759309E-02  0.17759309E-02
 0.18866342E+02  0.86892741E-03  0.86892741E-03  0.17331189E-02  0.17331189E-02
 0.18957046E+02  0.86648282E-03  0.86648282E-03  0.16910802E-02  0.16910802E-02
 0.19047750E+02  0.88671586E-03  0.88671586E-03  0.16587498E-02  0.16587498E-02
 0.19138454E+02  0.92634909E-03  0.92634909E-03  0.16435471E-02  0.16435471E-02
 0.19229158E+02  0.98044820E-03  0.98044820E-03  0.16559015E-02  0.16559015E-02
 0.19319863E+02  0.10342450E-02  0.10342450E-02  0.17077993E-02  0.17077993E-02
 0.19410567E+02  0.10602626E-02  0.10602626E-02  0.17988542E-02  0.17988542E-02
 0.19501271E+02  0.10360198E-02  0.10360198E-02  0.19042855E-02  0.19042855E-02
 0.19591975E+02  0.96574571E-03  0.96574571E-03  0.19906144E-02  0.19906144E-02
 0.19682679E+02  0.87240869E-03  0.87240869E-03  0.20412537E-02  0.20412537E-02
 0.19773383E+02  0.77685035E-03  0.77685035E-03  0.20576371E-02  0.20576371E-02
 0.19864088E+02  0.69157623E-03  0.69157623E-03  0.20485678E-02  0.20485678E-02
 0.19954792E+02  0.62173197E-03  0.62173197E-03  0.20251641E-02  0.20251641E-02
 0.20045496E+02  0.56494321E-03  0.56494321E-03  0.19970614E-02  0.19970614E-02
 0.20136200E+02  0.51451895E-03  0.51451895E-03  0.19668492E-02  0.19668492E-02
 0.20226904E+02  0.46813201E-03  0.46813201E-03  0.19296263E-02  0.19296263E-02
 0.20317608E+02  0.43240271E-03  0.43240271E-03  0.18819501E-02  0.18819501E-02
 0.20408312E+02  0.41654148E-03  0.41654148E-03  0.18295362E-02  0.18295362E-02
 0.20499017E+02  0.42370825E-03  0.42370825E-03  0.17865113E-02  0.17865113E-02
 0.20589721E+02  0.44351984E-03  0.44351984E-03  0.17697924E-02  0.17697924E-02
 0.20680425E+02  0.44912100E-03  0.44912100E-03  0.17820795E-02  0.17820795E-02
 0.20771129E+02  0.42322841E-03  0.42322841E-03  0.17965375E-02  0.17965375E-02
 0.20861833E+02  0.38335898E-03  0.38335898E-03  0.17885380E-02  0.17885380E-02
 0.20952538E+02  0.35211052E-03  0.35211052E-03  0.17630777E-02  0.17630777E-02
 0.21043242E+02  0.33350992E-03  0.33350992E-03  0.17353517E-02  0.17353517E-02
 0.21133946E+02  0.31982735E-03  0.31982735E-03  0.17125298E-02  0.17125298E-02
 0.21224650E+02  0.30449422E-03  0.30449422E-03  0.16914936E-02  0.16914936E-02
 0.21315354E+02  0.28835519E-03  0.28835519E-03  0.16670770E-02  0.16670770E-02
 0.21406058E+02  0.27506151E-03  0.27506151E-03  0.16383658E-02  0.16383658E-02
 0.21496763E+02  0.26676830E-03  0.26676830E-03  0.16063403E-02  0.16063403E-02
 0.21587467E+02  0.26594218E-03  0.26594218E-03  0.15717921E-02  0.15717921E-02
 0.21678171E+02  0.27659954E-03  0.27659954E-03  0.15381017E-02  0.15381017E-02
 0.21768875E+02  0.30032659E-03  0.30032659E-03  0.15143139E-02  0.15143139E-02
 0.21859579E+02  0.32810341E-03  0.32810341E-03  0.15118445E-02  0.15118445E-02
 0.21950283E+02  0.33975245E-03  0.33975245E-03  0.15284862E-02  0.15284862E-02
 0.22040988E+02  0.32837758E-03  0.32837758E-03  0.15426779E-02  0.15426779E-02
 0.22131692E+02  0.30868787E-03  0.30868787E-03  0.15427713E-02  0.15427713E-02
 0.22222396E+02  0.28992503E-03  0.28992503E-03  0.15344294E-02  0.15344294E-02
 0.22313100E+02  0.27054225E-03  0.27054225E-03  0.15202532E-02  0.15202532E-02
 0.22403804E+02  0.25274636E-03  0.25274636E-03  0.14964835E-02  0.14964835E-02
 0.22494508E+02  0.24423182E-03  0.24423182E-03  0.14642747E-02  0.14642747E-02
 0.22585213E+02  0.24936524E-03  0.24936524E-03  0.14315387E-02  0.14315387E-02
 0.22675917E+02  0.26535873E-03  0.26535873E-03  0.14077475E-02  0.14077475E-02
 0.22766621E+02  0.28176343E-03  0.28176343E-03  0.13982314E-02  0.13982314E-02
 0.22857325E+02  0.28536828E-03  0.28536828E-03  0.13962449E-02  0.13962449E-02
 0.22948029E+02  0.27543982E-03  0.27543982E-03  0.13833914E-02  0.13833914E-02
 0.23038733E+02  0.26978874E-03  0.26978874E-03  0.13487306E-02  0.13487306E-02
 0.23129438E+02  0.28899206E-03  0.28899206E-03  0.12997699E-02  0.12997699E-02
 0.23220142E+02  0.34657669E-03  0.34657669E-03  0.12583570E-02  0.12583570E-02
 0.23310846E+02  0.43602289E-03  0.43602289E-03  0.12647084E-02  0.12647084E-02
 0.23401550E+02  0.49245916E-03  0.49245916E-03  0.13417650E-02  0.13417650E-02
 0.23492254E+02  0.46952394E-03  0.46952394E-03  0.14103833E-02  0.14103833E-02
 0.23582958E+02  0.43916393E-03  0.43916393E-03  0.14227181E-02  0.14227181E-02
 0.23673663E+02  0.43857700E-03  0.43857700E-03  0.14279269E-02  0.14279269E-02
 0.23764367E+02  0.43575651E-03  0.43575651E-03  0.14502655E-02  0.14502655E-02
 0.23855071E+02  0.42163689E-03  0.42163689E-03  0.14637685E-02  0.14637685E-02
 0.23945775E+02  0.42069145E-03  0.42069145E-03  0.14742899E-02  0.14742899E-02
 0.24036479E+02  0.41512857E-03  0.41512857E-03  0.15076860E-02  0.15076860E-02
 0.24127183E+02  0.37621822E-03  0.37621822E-03  0.15376513E-02  0.15376513E-02
 0.24217888E+02  0.33085502E-03  0.33085502E-03  0.15362881E-02  0.15362881E-02
 0.24308592E+02  0.30112518E-03  0.30112518E-03  0.15216107E-02  0.15216107E-02
 0.24399296E+02  0.27884778E-03  0.27884778E-03  0.15062954E-02  0.15062954E-02
 0.24490000E+02  0.26169799E-03  0.26169799E-03  0.14855930E-02  0.14855930E-02
 0.24580704E+02  0.25662957E-03  0.25662957E-03  0.14632872E-02  0.14632872E-02
 0.24671408E+02  0.26004408E-03  0.26004408E-03  0.14490215E-02  0.14490215E-02
 0.24762113E+02  0.26321725E-03  0.26321725E-03  0.14418402E-02  0.14418402E-02
 0.24852817E+02  0.26639110E-03  0.26639110E-03  0.14370434E-02  0.14370434E-02
 0.24943521E+02  0.27110606E-03  0.27110606E-03  0.14360327E-02  0.14360327E-02
 0.25034225E+02  0.27646181E-03  0.27646181E-03  0.14404910E-02  0.14404910E-02
 0.25124929E+02  0.27869307E-03  0.27869307E-03  0.14540842E-02  0.14540842E-02
 0.25215633E+02  0.26779775E-03  0.26779775E-03  0.14711784E-02  0.14711784E-02
 0.25306338E+02  0.25092027E-03  0.25092027E-03  0.14793039E-02  0.14793039E-02
 0.25397042E+02  0.23637849E-03  0.23637849E-03  0.14877548E-02  0.14877548E-02
 0.25487746E+02  0.21184546E-03  0.21184546E-03  0.14969319E-02  0.14969319E-02
 0.25578450E+02  0.18347106E-03  0.18347106E-03  0.14935543E-02  0.14935543E-02
 0.25669154E+02  0.16079333E-03  0.16079333E-03  0.14850430E-02  0.14850430E-02
 0.25759858E+02  0.13890907E-03  0.13890907E-03  0.14744798E-02  0.14744798E-02
 0.25850563E+02  0.11983039E-03  0.11983039E-03  0.14594147E-02  0.14594147E-02
 0.25941267E+02  0.10529649E-03  0.10529649E-03  0.14427552E-02  0.14427552E-02
 0.26031971E+02  0.94250776E-04  0.94250776E-04  0.14262898E-02  0.14262898E-02
 0.26122675E+02  0.86041712E-04  0.86041712E-04  0.14099769E-02  0.14099769E-02
 0.26213379E+02  0.81806119E-04  0.81806119E-04  0.13957268E-02  0.13957268E-02
 0.26304083E+02  0.77493933E-04  0.77493933E-04  0.13862066E-02  0.13862066E-02
 0.26394788E+02  0.70165214E-04  0.70165214E-04  0.13773533E-02  0.13773533E-02
 0.26485492E+02  0.62171837E-04  0.62171837E-04  0.13671401E-02  0.13671401E-02
 0.26576196E+02  0.54230172E-04  0.54230172E-04  0.13560994E-02  0.13560994E-02
 0.26666900E+02  0.46597333E-04  0.46597333E-04  0.13437502E-02  0.13437502E-02
 0.26757604E+02  0.40728777E-04  0.40728777E-04  0.13301552E-02  0.13301552E-02
 0.26848308E+02  0.37133151E-04  0.37133151E-04  0.13171724E-02  0.13171724E-02
 0.26939013E+02  0.34194431E-04  0.34194431E-04  0.13056836E-02  0.13056836E-02
 0.27029717E+02  0.31229256E-04  0.31229256E-04  0.12948264E-02  0.12948264E-02
 0.27120421E+02  0.28200249E-04  0.28200249E-04  0.12842472E-02  0.12842472E-02
 0.27211125E+02  0.25401982E-04  0.25401982E-04  0.12734792E-02  0.12734792E-02
 0.27301829E+02  0.23270182E-04  0.23270182E-04  0.12627889E-02  0.12627889E-02
 0.27392533E+02  0.21692709E-04  0.21692709E-04  0.12525008E-02  0.12525008E-02
 0.27483238E+02  0.20470996E-04  0.20470996E-04  0.12426801E-02  0.12426801E-02
 0.27573942E+02  0.19478426E-04  0.19478426E-04  0.12332954E-02  0.12332954E-02
 0.27664646E+02  0.18642312E-04  0.18642312E-04  0.12242991E-02  0.12242991E-02
 0.27755350E+02  0.17919409E-04  0.17919409E-04  0.12156470E-02  0.12156470E-02
 0.27846054E+02  0.17282378E-04  0.17282378E-04  0.12073019E-02  0.12073019E-02
 0.27936758E+02  0.16712931E-04  0.16712931E-04  0.11992330E-02  0.11992330E-02
 0.28027463E+02  0.16198205E-04  0.16198205E-04  0.11914144E-02  0.11914144E-02
 0.28118167E+02  0.15728797E-04  0.15728797E-04  0.11838246E-02  0.11838246E-02
 0.28208871E+02  0.15297599E-04  0.15297599E-04  0.11764450E-02  0.11764450E-02
 0.28299575E+02  0.14899085E-04  0.14899085E-04  0.11692599E-02  0.11692599E-02
 0.28390279E+02  0.14528869E-04  0.14528869E-04  0.11622552E-02  0.11622552E-02
 0.28480983E+02  0.14183408E-04  0.14183408E-04  0.11554189E-02  0.11554189E-02
 0.28571688E+02  0.13859792E-04  0.13859792E-04  0.11487404E-02  0.11487404E-02
 0.28662392E+02  0.13555592E-04  0.13555592E-04  0.11422101E-02  0.11422101E-02
 0.28753096E+02  0.13268770E-04  0.13268770E-04  0.11358195E-02  0.11358195E-02
 0.28843800E+02  0.12997585E-04  0.12997585E-04  0.11295608E-02  0.11295608E-02
 0.28934504E+02  0.12740549E-04  0.12740549E-04  0.11234272E-02  0.11234272E-02
 0.29025208E+02  0.12496374E-04  0.12496374E-04  0.11174124E-02  0.11174124E-02
 0.29115913E+02  0.12263937E-04  0.12263937E-04  0.11115106E-02  0.11115106E-02
 0.29206617E+02  0.12042250E-04  0.12042250E-04  0.11057163E-02  0.11057163E-02
 0.29297321E+02  0.11830454E-04  0.11830454E-04  0.11000252E-02  0.11000252E-02
 0.29388025E+02  0.11627776E-04  0.11627776E-04  0.10944323E-02  0.10944323E-02
 0.29478729E+02  0.11433532E-04  0.11433532E-04  0.10889337E-02  0.10889337E-02
 0.29569433E+02  0.11247113E-04  0.11247113E-04  0.10835255E-02  0.10835255E-02
 0.29660137E+02  0.11067971E-04  0.11067971E-04  0.10782041E-02  0.10782041E-02
 0.29750842E+02  0.10895611E-04  0.10895611E-04  0.10729663E-02  0.10729663E-02
 0.29841546E+02  0.10729589E-04  0.10729589E-04  0.10678090E-02  0.10678090E-02
 0.29932250E+02  0.10569499E-04  0.10569499E-04  0.10627293E-02  0.10627293E-02
 0.30022954E+02  0.10414972E-04  0.10414972E-04  0.10577244E-02  0.10577244E-02
 0.30113658E+02  0.10265677E-04  0.10265677E-04  0.10527918E-02  0.10527918E-02
 0.30204363E+02  0.10121302E-04  0.10121302E-04  0.10479291E-02  0.10479291E-02
 0.30295067E+02  0.99815668E-05  0.99815668E-05  0.10431340E-02  0.10431340E-02
 0.30385771E+02  0.98462141E-05  0.98462141E-05  0.10384043E-02  0.10384043E-02
 0.30476475E+02  0.97150057E-05  0.97150057E-05  0.10337381E-02  0.10337381E-02
 0.30567179E+02  0.95877222E-05  0.95877222E-05  0.10291334E-02  0.10291334E-02
 0.30657883E+02  0.94641616E-05  0.94641616E-05  0.10245885E-02  0.10245885E-02
 0.30748588E+02  0.93441346E-05  0.93441346E-05  0.10201016E-02  0.10201016E-02
 0.30839292E+02  0.92274670E-05  0.92274670E-05  0.10156710E-02  0.10156710E-02
 0.30929996E+02  0.91139993E-05  0.91139993E-05  0.10112954E-02  0.10112954E-02
 0.31020700E+02  0.90035766E-05  0.90035766E-05  0.10069730E-02  0.10069730E-02
 0.31111404E+02  0.88960593E-05  0.88960593E-05  0.10027026E-02  0.10027026E-02
 0.31202108E+02  0.87913162E-05  0.87913162E-05  0.99848266E-03  0.99848266E-03
 0.31292813E+02  0.86892246E-05  0.86892246E-05  0.99431204E-03  0.99431204E-03
 0.31383517E+02  0.85896693E-05  0.85896693E-05  0.99018947E-03  0.99018947E-03
 0.31474221E+02  0.84925429E-05  0.84925429E-05  0.98611378E-03  0.98611378E-03
 0.31564925E+02  0.83977430E-05  0.83977430E-05  0.98208382E-03  0.98208382E-03
 0.31655629E+02  0.83051745E-05  0.83051745E-05  0.97809851E-03  0.97809851E-03
 0.31746333E+02  0.82147500E-05  0.82147500E-05  0.97415693E-03  0.97415693E-03
 0.31837037E+02  0.81263812E-05  0.81263812E-05  0.97025787E-03  0.97025787E-03
 0.31927742E+02  0.80399897E-05  0.80399897E-05  0.96640045E-03  0.96640045E-03
 0.32018446E+02  0.79555004E-05  0.79555004E-05  0.96258377E-03  0.96258377E-03
 0.32109150E+02  0.78728422E-05  0.78728422E-05  0.95880693E-03  0.95880693E-03
 0.32199854E+02  0.77919478E-05  0.77919478E-05  0.95506908E-03  0.95506908E-03
 0.32290558E+02  0.77127537E-05  0.77127537E-05  0.95136941E-03  0.95136941E-03
 0.32381263E+02  0.76351987E-05  0.76351987E-05  0.94770711E-03  0.94770711E-03
 0.32471967E+02  0.75592258E-05  0.75592258E-05  0.94408140E-03  0.94408140E-03
 0.32562671E+02  0.74847822E-05  0.74847822E-05  0.94049168E-03  0.94049168E-03
 0.32653375E+02  0.74118131E-05  0.74118131E-05  0.93693700E-03  0.93693700E-03
 0.32744079E+02  0.73402702E-05  0.73402702E-05  0.93341677E-03  0.93341677E-03
 0.32834783E+02  0.72701070E-05  0.72701070E-05  0.92993033E-03  0.92993033E-03
 0.32925488E+02  0.72012787E-05  0.72012787E-05  0.92647703E-03  0.92647703E-03
 0.33016192E+02  0.71337432E-05  0.71337432E-05  0.92305627E-03  0.92305627E-03
 0.33106896E+02  0.70674592E-05  0.70674592E-05  0.91966740E-03  0.91966740E-03
 0.33197600E+02  0.70023882E-05  0.70023882E-05  0.91630987E-03  0.91630987E-03
 0.33288304E+02  0.69384931E-05  0.69384931E-05  0.91298309E-03  0.91298309E-03
 0.33379008E+02  0.68757401E-05  0.68757401E-05  0.90968662E-03  0.90968662E-03
 0.33469713E+02  0.68140924E-05  0.68140924E-05  0.90641972E-03  0.90641972E-03
 0.33560417E+02  0.67535187E-05  0.67535187E-05  0.90318196E-03  0.90318196E-03
 0.33651121E+02  0.66939881E-05  0.66939881E-05  0.89997286E-03  0.89997286E-03
 0.33741825E+02  0.66354709E-05  0.66354709E-05  0.89679190E-03  0.89679190E-03
 0.33832529E+02  0.65779387E-05  0.65779387E-05  0.89363864E-03  0.89363864E-03
 0.33923233E+02  0.65213637E-05  0.65213637E-05  0.89051258E-03  0.89051258E-03
 0.34013937E+02  0.64657199E-05  0.64657199E-05  0.88741329E-03  0.88741329E-03
 0.34104642E+02  0.64109820E-05  0.64109820E-05  0.88434033E-03  0.88434033E-03
 0.34195346E+02  0.63571270E-05  0.63571270E-05  0.88129337E-03  0.88129337E-03
 0.34286050E+02  0.63041292E-05  0.63041292E-05  0.87827181E-03  0.87827181E-03
 0.34376754E+02  0.62519671E-05  0.62519671E-05  0.87527533E-03  0.87527533E-03
 0.34467458E+02  0.62006193E-05  0.62006193E-05  0.87230354E-03  0.87230354E-03
 0.34558163E+02  0.61500649E-05  0.61500649E-05  0.86935606E-03  0.86935606E-03
 0.34648867E+02  0.61002842E-05  0.61002842E-05  0.86643251E-03  0.86643251E-03
 0.34739571E+02  0.60512574E-05  0.60512574E-05  0.86353254E-03  0.86353254E-03
 0.34830275E+02  0.60029663E-05  0.60029663E-05  0.86065578E-03  0.86065578E-03
 0.34920979E+02  0.59553927E-05  0.59553927E-05  0.85780189E-03  0.85780189E-03
 0.35011683E+02  0.59085207E-05  0.59085207E-05  0.85497062E-03  0.85497062E-03
 0.35102388E+02  0.58623312E-05  0.58623312E-05  0.85216147E-03  0.85216147E-03
 0.35193092E+02  0.58168089E-05  0.58168089E-05  0.84937419E-03  0.84937419E-03
 0.35283796E+02  0.57719385E-05  0.57719385E-05  0.84660847E-03  0.84660847E-03
 0.35374500E+02  0.57277050E-05  0.57277050E-05  0.84386402E-03  0.84386402E-03
 0.35465204E+02  0.56840938E-05  0.56840938E-05  0.84114053E-03  0.84114053E-03
 0.35555908E+02  0.56410905E-05  0.56410905E-05  0.83843769E-03  0.83843769E-03
 0.35646613E+02  0.55986818E-05  0.55986818E-05  0.83575524E-03  0.83575524E-03
 0.35737317E+02  0.55568543E-05  0.55568543E-05  0.83309288E-03  0.83309288E-03
 0.35828021E+02  0.55155965E-05  0.55155965E-05  0.83045043E-03  0.83045043E-03
 0.35918725E+02  0.54748939E-05  0.54748939E-05  0.82782745E-03  0.82782745E-03
 0.36009429E+02  0.54347353E-05  0.54347353E-05  0.82522376E-03  0.82522376E-03
 0.36100133E+02  0.53951092E-05  0.53951092E-05  0.82263911E-03  0.82263911E-03
 0.36190838E+02  0.53560045E-05  0.53560045E-05  0.82007324E-03  0.82007324E-03
 0.36281542E+02  0.53174102E-05  0.53174102E-05  0.81752591E-03  0.81752591E-03
 0.36372246E+02  0.52793156E-05  0.52793156E-05  0.81499688E-03  0.81499688E-03
 0.36462950E+02  0.52417106E-05  0.52417106E-05  0.81248591E-03  0.81248591E-03
 0.36553654E+02  0.52045850E-05  0.52045850E-05  0.80999277E-03  0.80999277E-03
 0.36644358E+02  0.51679303E-05  0.51679303E-05  0.80751731E-03  0.80751731E-03
 0.36735063E+02  0.51317352E-05  0.51317352E-05  0.80505916E-03  0.80505916E-03
 0.36825767E+02  0.50959912E-05  0.50959912E-05  0.80261818E-03  0.80261818E-03
 0.36916471E+02  0.50606897E-05  0.50606897E-05  0.80019414E-03  0.80019414E-03
 0.37007175E+02  0.50258220E-05  0.50258220E-05  0.79778684E-03  0.79778684E-03
 0.37097879E+02  0.49913798E-05  0.49913798E-05  0.79539609E-03  0.79539609E-03
 0.37188583E+02  0.49573547E-05  0.49573547E-05  0.79302167E-03  0.79302167E-03
 0.37279288E+02  0.49237390E-05  0.49237390E-05  0.79066339E-03  0.79066339E-03
 0.37369992E+02  0.48905248E-05  0.48905248E-05  0.78832106E-03  0.78832106E-03
 0.37460696E+02  0.48577057E-05  0.48577057E-05  0.78599456E-03  0.78599456E-03
 0.37551400E+02  0.48252725E-05  0.48252725E-05  0.78368356E-03  0.78368356E-03
 0.37642104E+02  0.47932189E-05  0.47932189E-05  0.78138794E-03  0.78138794E-03
 0.37732808E+02  0.47615380E-05  0.47615380E-05  0.77910753E-03  0.77910753E-03
 0.37823512E+02  0.47302231E-05  0.47302231E-05  0.77684215E-03  0.77684215E-03
 0.37914217E+02  0.46992677E-05  0.46992677E-05  0.77459163E-03  0.77459163E-03
 0.38004921E+02  0.46686651E-05  0.46686651E-05  0.77235580E-03  0.77235580E-03
 0.38095625E+02  0.46384093E-05  0.46384093E-05  0.77013449E-03  0.77013449E-03
 0.38186329E+02  0.46084950E-05  0.46084950E-05  0.76792761E-03  0.76792761E-03
 0.38277033E+02  0.45789146E-05  0.45789146E-05  0.76573486E-03  0.76573486E-03
 0.38367737E+02  0.45496631E-05  0.45496631E-05  0.76355615E-03  0.76355615E-03
 0.38458442E+02  0.45207347E-05  0.45207347E-05  0.76139131E-03  0.76139131E-03
 0.38549146E+02  0.44921242E-05  0.44921242E-05  0.75924021E-03  0.75924021E-03
 0.38639850E+02  0.44638260E-05  0.44638260E-05  0.75710269E-03  0.75710269E-03
 0.38730554E+02  0.44358349E-05  0.44358349E-05  0.75497860E-03  0.75497860E-03
 0.38821258E+02  0.44081458E-05  0.44081458E-05  0.75286780E-03  0.75286780E-03
 0.38911963E+02  0.43807536E-05  0.43807536E-05  0.75077014E-03  0.75077014E-03
 0.39002667E+02  0.43536543E-05  0.43536543E-05  0.74868555E-03  0.74868555E-03
 0.39093371E+02  0.43268415E-05  0.43268415E-05  0.74661376E-03  0.74661376E-03
 0.39184075E+02  0.43003114E-05  0.43003114E-05  0.74455470E-03  0.74455470E-03
 0.39274779E+02  0.42740593E-05  0.42740593E-05  0.74250824E-03  0.74250824E-03
 0.39365483E+02  0.42480810E-05  0.42480810E-05  0.74047424E-03  0.74047424E-03
 0.39456188E+02  0.42223719E-05  0.42223719E-05  0.73845257E-03  0.73845257E-03
 0.39546892E+02  0.41969277E-05  0.41969277E-05  0.73644311E-03  0.73644311E-03
 0.39637596E+02  0.41717444E-05  0.41717444E-05  0.73444573E-03  0.73444573E-03
 0.39728300E+02  0.41468178E-05  0.41468178E-05  0.73246031E-03  0.73246031E-03
 0.39819004E+02  0.41221448E-05  0.41221448E-05  0.73048680E-03  0.73048680E-03
 0.39909708E+02  0.40977199E-05  0.40977199E-05  0.72852493E-03  0.72852493E-03
 0.40000413E+02  0.40735402E-05  0.40735402E-05  0.72657466E-03  0.72657466E-03
 0.40091117E+02  0.40496017E-05  0.40496017E-05  0.72463587E-03  0.72463587E-03
 0.40181821E+02  0.40259012E-05  0.40259012E-05  0.72270846E-03  0.72270846E-03
 0.40272525E+02  0.40024346E-05  0.40024346E-05  0.72079230E-03  0.72079230E-03
 0.40363229E+02  0.39791986E-05  0.39791986E-05  0.71888728E-03  0.71888728E-03
 0.40453933E+02  0.39561899E-05  0.39561899E-05  0.71699330E-03  0.71699330E-03
 0.40544638E+02  0.39334051E-05  0.39334051E-05  0.71511025E-03  0.71511025E-03
 0.40635342E+02  0.39108415E-05  0.39108415E-05  0.71323809E-03  0.71323809E-03
 0.40726046E+02  0.38884945E-05  0.38884945E-05  0.71137657E-03  0.71137657E-03
 0.40816750E+02  0.38663618E-05  0.38663618E-05  0.70952568E-03  0.70952568E-03
 0.40907454E+02  0.38444403E-05  0.38444403E-05  0.70768530E-03  0.70768530E-03
 0.40998158E+02  0.38227268E-05  0.38227268E-05  0.70585533E-03  0.70585533E-03
 0.41088862E+02  0.38012184E-05  0.38012184E-05  0.70403567E-03  0.70403567E-03
 0.41179567E+02  0.37799122E-05  0.37799122E-05  0.70222623E-03  0.70222623E-03
 0.41270271E+02  0.37588054E-05  0.37588054E-05  0.70042692E-03  0.70042692E-03
 0.41360975E+02  0.37378952E-05  0.37378952E-05  0.69863763E-03  0.69863763E-03
 0.41451679E+02  0.37171795E-05  0.37171795E-05  0.69685833E-03  0.69685833E-03
 0.41542383E+02  0.36966543E-05  0.36966543E-05  0.69508882E-03  0.69508882E-03
 0.41633088E+02  0.36763176E-05  0.36763176E-05  0.69332906E-03  0.69332906E-03
 0.41723792E+02  0.36561669E-05  0.36561669E-05  0.69157896E-03  0.69157896E-03
 0.41814496E+02  0.36361996E-05  0.36361996E-05  0.68983843E-03  0.68983843E-03
 0.41905200E+02  0.36164132E-05  0.36164132E-05  0.68810740E-03  0.68810740E-03
 0.41995904E+02  0.35968052E-05  0.35968052E-05  0.68638576E-03  0.68638576E-03
 0.42086608E+02  0.35773733E-05  0.35773733E-05  0.68467344E-03  0.68467344E-03
 0.42177313E+02  0.35581152E-05  0.35581152E-05  0.68297035E-03  0.68297035E-03
 0.42268017E+02  0.35390291E-05  0.35390291E-05  0.68127648E-03  0.68127648E-03
 0.42358721E+02  0.35201115E-05  0.35201115E-05  0.67959161E-03  0.67959161E-03
 0.42449425E+02  0.35013609E-05  0.35013609E-05  0.67791573E-03  0.67791573E-03
 0.42540129E+02  0.34827751E-05  0.34827751E-05  0.67624877E-03  0.67624877E-03
 0.42630833E+02  0.34643519E-05  0.34643519E-05  0.67459064E-03  0.67459064E-03
 0.42721538E+02  0.34460892E-05  0.34460892E-05  0.67294126E-03  0.67294126E-03
 0.42812242E+02  0.34279849E-05  0.34279849E-05  0.67130056E-03  0.67130056E-03
 0.42902946E+02  0.34100370E-05  0.34100370E-05  0.66966847E-03  0.66966847E-03
 0.42993650E+02  0.33922436E-05  0.33922436E-05  0.66804490E-03  0.66804490E-03
 0.43084354E+02  0.42245432E-05  0.33746031E-05  0.66641942E-03  0.66642985E-03
 0.43175058E+02  0.50372731E-05  0.33571127E-05  0.66480030E-03  0.66482313E-03
 0.43265763E+02  0.58308988E-05  0.33397709E-05  0.66318767E-03  0.66322472E-03
 0.43356467E+02  0.57993604E-05  0.33225759E-05  0.66159784E-03  0.66163455E-03
 0.43447171E+02  0.74100522E-05  0.33055258E-05  0.65998096E-03  0.66005255E-03
 0.43537875E+02  0.81577038E-05  0.32886189E-05  0.65838777E-03  0.65847866E-03
 0.43628579E+02  0.88877409E-05  0.32718534E-05  0.65680124E-03  0.65691281E-03
 0.43719283E+02  0.96005781E-05  0.32552275E-05  0.65522139E-03  0.65535492E-03
 0.43809988E+02  0.95481183E-05  0.32387396E-05  0.65367264E-03  0.65380494E-03
 0.43900692E+02  0.10240380E-04  0.32223885E-05  0.65210761E-03  0.65226284E-03
 0.43991396E+02  0.11737277E-04  0.32061715E-05  0.65051862E-03  0.65072847E-03
 0.44082100E+02  0.12392612E-04  0.31900875E-05  0.64896531E-03  0.64920180E-03
 0.44172804E+02  0.12325124E-04  0.31741349E-05  0.64744845E-03  0.64768279E-03
 0.44263508E+02  0.12961579E-04  0.31583122E-05  0.64590976E-03  0.64617135E-03
 0.44354213E+02  0.13582995E-04  0.31426177E-05  0.64437784E-03  0.64466744E-03
 0.44444917E+02  0.14189718E-04  0.31270500E-05  0.64285268E-03  0.64317099E-03
 0.44535621E+02  0.14915778E-04  0.31116076E-05  0.64132769E-03  0.64168193E-03
 0.44626325E+02  0.15500536E-04  0.30962890E-05  0.63981549E-03  0.64020022E-03
 0.44717029E+02  0.16071401E-04  0.30810933E-05  0.63831011E-03  0.63872585E-03
 0.44807733E+02  0.15985078E-04  0.30660180E-05  0.63684662E-03  0.63725864E-03
 0.44898438E+02  0.16539563E-04  0.30510623E-05  0.63535541E-03  0.63579861E-03
 0.44989142E+02  0.17080872E-04  0.30362247E-05  0.63387092E-03  0.63434569E-03
 0.45079846E+02  0.17609301E-04  0.30215040E-05  0.63239315E-03  0.63289982E-03
 0.45170550E+02  0.18296547E-04  0.30068987E-05  0.63091154E-03  0.63146094E-03
 0.45261254E+02  0.18805494E-04  0.29924075E-05  0.62944653E-03  0.63002902E-03
 0.45351958E+02  0.19302253E-04  0.29780292E-05  0.62798820E-03  0.62860398E-03
 0.45442662E+02  0.19200248E-04  0.29637625E-05  0.62657539E-03  0.62718578E-03
 0.45533367E+02  0.19682782E-04  0.29496066E-05  0.62513085E-03  0.62577441E-03
 0.45624071E+02  0.20153742E-04  0.29355593E-05  0.62369287E-03  0.62436972E-03
 0.45714775E+02  0.20613391E-04  0.29216199E-05  0.62226149E-03  0.62297172E-03
 0.45805479E+02  0.21265837E-04  0.29077873E-05  0.62082193E-03  0.62158034E-03
 0.45896183E+02  0.21708161E-04  0.28940600E-05  0.61940302E-03  0.62019554E-03
 0.45986888E+02  0.22139773E-04  0.28804372E-05  0.61799066E-03  0.61881727E-03
 0.46077592E+02  0.22024754E-04  0.28669175E-05  0.61662596E-03  0.61744547E-03
 0.46168296E+02  0.22443991E-04  0.28534998E-05  0.61522683E-03  0.61608010E-03
 0.46259000E+02  0.22853048E-04  0.28401831E-05  0.61383415E-03  0.61472112E-03
 0.46349704E+02  0.22735224E-04  0.28269667E-05  0.61248909E-03  0.61336851E-03
 0.46440408E+02  0.23873322E-04  0.28138487E-05  0.61104902E-03  0.61202214E-03
 0.46531113E+02  0.24256979E-04  0.28008283E-05  0.60967492E-03  0.61068201E-03
 0.46621817E+02  0.24132820E-04  0.27879047E-05  0.60834948E-03  0.60934808E-03
 0.46712521E+02  0.24505438E-04  0.27750766E-05  0.60698814E-03  0.60802028E-03
 0.46803225E+02  0.24868887E-04  0.27623432E-05  0.60563310E-03  0.60669859E-03
 0.46893929E+02  0.24742549E-04  0.27497034E-05  0.60432638E-03  0.60538296E-03
 0.46984633E+02  0.25095541E-04  0.27371562E-05  0.60298387E-03  0.60407333E-03
 0.47075338E+02  0.26162055E-04  0.27247006E-05  0.60158206E-03  0.60276968E-03
 0.47166042E+02  0.26030121E-04  0.27123361E-05  0.60029423E-03  0.60147199E-03
 0.47256746E+02  0.26360671E-04  0.27000610E-05  0.59896958E-03  0.60018014E-03
 0.47347450E+02  0.26682949E-04  0.26878746E-05  0.59765105E-03  0.59889412E-03
 0.47438154E+02  0.26549379E-04  0.26757762E-05  0.59638106E-03  0.59761391E-03
 0.47528858E+02  0.26862320E-04  0.26637647E-05  0.59507461E-03  0.59633944E-03
 0.47619563E+02  0.27167389E-04  0.26518393E-05  0.59377417E-03  0.59507069E-03
 0.47710267E+02  0.27032392E-04  0.26399991E-05  0.59252167E-03  0.59380761E-03
 0.47800971E+02  0.28029815E-04  0.26282432E-05  0.59116383E-03  0.59255016E-03
 0.47891675E+02  0.28314887E-04  0.26165708E-05  0.58988066E-03  0.59129831E-03
 0.47982379E+02  0.28175206E-04  0.26049814E-05  0.58864587E-03  0.59005205E-03
 0.48073083E+02  0.28451934E-04  0.25934733E-05  0.58737433E-03  0.58881126E-03
 0.48163788E+02  0.28721552E-04  0.25820463E-05  0.58610863E-03  0.58757594E-03
 0.48254492E+02  0.28580888E-04  0.25706994E-05  0.58489052E-03  0.58634606E-03
 0.48345196E+02  0.28842594E-04  0.25594318E-05  0.58363622E-03  0.58512158E-03
 0.48435900E+02  0.29782265E-04  0.25482428E-05  0.58231475E-03  0.58390245E-03
 0.48526604E+02  0.29637443E-04  0.25371315E-05  0.58111360E-03  0.58268865E-03
 0.48617308E+02  0.29881396E-04  0.25260973E-05  0.57987582E-03  0.58148013E-03
 0.48708013E+02  0.30118921E-04  0.25151396E-05  0.57864372E-03  0.58027691E-03
 0.48798717E+02  0.29973505E-04  0.25042571E-05  0.57745857E-03  0.57907885E-03
 0.48889421E+02  0.30203958E-04  0.24934493E-05  0.57623741E-03  0.57788597E-03
 0.48980125E+02  0.30058816E-04  0.24827155E-05  0.57506263E-03  0.57669824E-03
 0.49070829E+02  0.30282402E-04  0.24720551E-05  0.57385229E-03  0.57551561E-03
 0.49161533E+02  0.31165943E-04  0.24614672E-05  0.57257208E-03  0.57433805E-03
 0.49252237E+02  0.31017229E-04  0.24509512E-05  0.57141333E-03  0.57316553E-03
 0.49342942E+02  0.31225012E-04  0.24405064E-05  0.57021879E-03  0.57199801E-03
 0.49433646E+02  0.31427127E-04  0.24301322E-05  0.56902963E-03  0.57083545E-03
 0.49524350E+02  0.31278209E-04  0.24198280E-05  0.56788603E-03  0.56967788E-03
 0.49615054E+02  0.31474185E-04  0.24095927E-05  0.56670729E-03  0.56852517E-03
 0.49705758E+02  0.31325727E-04  0.23994259E-05  0.56557344E-03  0.56737732E-03
 0.49796462E+02  0.31515737E-04  0.23893270E-05  0.56440498E-03  0.56623432E-03
 0.49887167E+02  0.31700474E-04  0.23792953E-05  0.56324173E-03  0.56509611E-03
 0.49977871E+02  0.32197137E-04  0.23693301E-05  0.56204576E-03  0.56396268E-03
 0.50068575E+02  0.32373050E-04  0.23594309E-05  0.56089239E-03  0.56283400E-03
 0.50159279E+02  0.32222086E-04  0.23495971E-05  0.55978317E-03  0.56171002E-03
 0.50249983E+02  0.32392541E-04  0.23398279E-05  0.55863975E-03  0.56059072E-03
 0.50340687E+02  0.32558120E-04  0.23301232E-05  0.55750143E-03  0.55947610E-03
 0.50431392E+02  0.32407315E-04  0.23204818E-05  0.55640629E-03  0.55836607E-03
 0.50522096E+02  0.32567707E-04  0.23109032E-05  0.55527769E-03  0.55726062E-03
 0.50612800E+02  0.32417528E-04  0.23013870E-05  0.55419169E-03  0.55615973E-03
 0.50703504E+02  0.33201452E-04  0.22919326E-05  0.55299447E-03  0.55506337E-03
 0.50794208E+02  0.33349244E-04  0.22825395E-05  0.55188027E-03  0.55397151E-03
 0.50884913E+02  0.33196487E-04  0.22732069E-05  0.55080846E-03  0.55288411E-03
 0.50975617E+02  0.33339535E-04  0.22639345E-05  0.54970371E-03  0.55180116E-03
 0.51066321E+02  0.33187494E-04  0.22547217E-05  0.54864073E-03  0.55072262E-03
 0.51157025E+02  0.33325934E-04  0.22455681E-05  0.54754534E-03  0.54964850E-03
 0.51247729E+02  0.33460160E-04  0.22364728E-05  0.54645467E-03  0.54857869E-03
 0.51338433E+02  0.33308567E-04  0.22274354E-05  0.54540484E-03  0.54751322E-03
 0.51429138E+02  0.33438413E-04  0.22184555E-05  0.54432331E-03  0.54645204E-03
 0.51519842E+02  0.33897723E-04  0.22095324E-05  0.54320318E-03  0.54539514E-03
 0.51610546E+02  0.34020440E-04  0.22006658E-05  0.54213061E-03  0.54434249E-03
 0.51701250E+02  0.34139259E-04  0.21918552E-05  0.54106266E-03  0.54329405E-03
 0.51791954E+02  0.33986259E-04  0.21830999E-05  0.54003466E-03  0.54224981E-03
 0.51882658E+02  0.34101071E-04  0.21743996E-05  0.53897556E-03  0.54120973E-03
 0.51973363E+02  0.33948895E-04  0.21657539E-05  0.53795584E-03  0.54017383E-03
 0.52064067E+02  0.34059809E-04  0.21571620E-05  0.53690549E-03  0.53914200E-03
 0.52154771E+02  0.33908456E-04  0.21486236E-05  0.53589388E-03  0.53811427E-03
 0.52245475E+02  0.34015581E-04  0.21401382E-05  0.53485215E-03  0.53709060E-03
 0.52336179E+02  0.34119160E-04  0.21317054E-05  0.53381484E-03  0.53607096E-03
 0.52426883E+02  0.34558606E-04  0.21233246E-05  0.53273623E-03  0.53505534E-03
 0.52517588E+02  0.34655875E-04  0.21149955E-05  0.53170738E-03  0.53404371E-03
 0.52608292E+02  0.34503493E-04  0.21067176E-05  0.53071636E-03  0.53303604E-03
 0.52698996E+02  0.34597298E-04  0.20984905E-05  0.52969587E-03  0.53203231E-03
 0.52789700E+02  0.34445809E-04  0.20903140E-05  0.52871267E-03  0.53103253E-03
 0.52880404E+02  0.34536241E-04  0.20821871E-05  0.52770043E-03  0.53003661E-03
 0.52971108E+02  0.34623465E-04  0.20741097E-05  0.52669243E-03  0.52904455E-03
 0.53061813E+02  0.34472793E-04  0.20660814E-05  0.52572080E-03  0.52805634E-03
 0.53152517E+02  0.34556815E-04  0.20581016E-05  0.52472089E-03  0.52707195E-03
 0.53243221E+02  0.34980996E-04  0.20501701E-05  0.52367762E-03  0.52609136E-03
 0.53333925E+02  0.35059321E-04  0.20422864E-05  0.52268575E-03  0.52511454E-03
 0.53424629E+02  0.34908007E-04  0.20344501E-05  0.52172965E-03  0.52414147E-03
 0.53515333E+02  0.34983338E-04  0.20266608E-05  0.52074568E-03  0.52317214E-03
 0.53606037E+02  0.35055765E-04  0.20189184E-05  0.51976579E-03  0.52220654E-03
 0.53696742E+02  0.34905385E-04  0.20112219E-05  0.51882079E-03  0.52124460E-03
 0.53787446E+02  0.34974963E-04  0.20035713E-05  0.51784862E-03  0.52028631E-03
 0.53878150E+02  0.34825529E-04  0.19959661E-05  0.51691083E-03  0.51933167E-03
 0.53968854E+02  0.34892342E-04  0.19884061E-05  0.51594632E-03  0.51838065E-03
 0.54059558E+02  0.34743855E-04  0.19808907E-05  0.51501565E-03  0.51743323E-03
 0.54150263E+02  0.35364234E-04  0.19734196E-05  0.51397976E-03  0.51648938E-03
 0.54240967E+02  0.35214350E-04  0.19659926E-05  0.51305666E-03  0.51554909E-03
 0.54331671E+02  0.35273420E-04  0.19586091E-05  0.51210726E-03  0.51461234E-03
 0.54422375E+02  0.35329924E-04  0.19512692E-05  0.51116172E-03  0.51367913E-03
 0.54513079E+02  0.35181068E-04  0.19439719E-05  0.51024912E-03  0.51274938E-03
 0.54603783E+02  0.35235114E-04  0.19367171E-05  0.50931089E-03  0.51182311E-03
 0.54694488E+02  0.35087236E-04  0.19295046E-05  0.50840510E-03  0.51090029E-03
 0.54785192E+02  0.35138890E-04  0.19223339E-05  0.50747411E-03  0.50998090E-03
 0.54875896E+02  0.34991995E-04  0.19152047E-05  0.50657506E-03  0.50906492E-03
 0.54966600E+02  0.35041326E-04  0.19081167E-05  0.50565123E-03  0.50815234E-03
 0.55057304E+02  0.34895401E-04  0.19010696E-05  0.50475884E-03  0.50724313E-03
 0.55148008E+02  0.35479922E-04  0.18940630E-05  0.50376411E-03  0.50633728E-03
 0.55238713E+02  0.35332760E-04  0.18870968E-05  0.50287886E-03  0.50543479E-03
 0.55329417E+02  0.35375337E-04  0.18801703E-05  0.50196919E-03  0.50453559E-03
 0.55420121E+02  0.35229166E-04  0.18732834E-05  0.50109040E-03  0.50363969E-03
 0.55510825E+02  0.35269633E-04  0.18664357E-05  0.50018763E-03  0.50274706E-03
 0.55601529E+02  0.35307926E-04  0.18596269E-05  0.49928842E-03  0.50185769E-03
 0.55692233E+02  0.35162866E-04  0.18528568E-05  0.49841932E-03  0.50097156E-03
 0.55782938E+02  0.35199158E-04  0.18461250E-05  0.49752689E-03  0.50008866E-03
 0.55873642E+02  0.35055088E-04  0.18394312E-05  0.49666410E-03  0.49920896E-03
 0.55964346E+02  0.35089433E-04  0.18327752E-05  0.49577837E-03  0.49833245E-03
 0.56055050E+02  0.35468434E-04  0.18261568E-05  0.49484486E-03  0.49745913E-03
 0.56145754E+02  0.35498689E-04  0.18195753E-05  0.49396587E-03  0.49658894E-03
 0.56236458E+02  0.35354496E-04  0.18130307E-05  0.49311599E-03  0.49572187E-03
 0.56327163E+02  0.35382933E-04  0.18065226E-05  0.49224355E-03  0.49485793E-03
 0.56417867E+02  0.35239750E-04  0.18000508E-05  0.49139975E-03  0.49399708E-03
 0.56508571E+02  0.35266418E-04  0.17936150E-05  0.49053378E-03  0.49313931E-03
 0.56599275E+02  0.35124231E-04  0.17872150E-05  0.48969600E-03  0.49228461E-03
 0.56689979E+02  0.35149186E-04  0.17808503E-05  0.48883642E-03  0.49143295E-03
 0.56780683E+02  0.35007993E-04  0.17745209E-05  0.48800459E-03  0.49058432E-03
 0.56871388E+02  0.35031275E-04  0.17682263E-05  0.48715133E-03  0.48973871E-03
 0.56962092E+02  0.34891074E-04  0.17619664E-05  0.48632539E-03  0.48889609E-03
 0.57052796E+02  0.35418253E-04  0.17557409E-05  0.48540258E-03  0.48805645E-03
 0.57143500E+02  0.35277037E-04  0.17495495E-05  0.48458294E-03  0.48721978E-03
 0.57234204E+02  0.35295053E-04  0.17433923E-05  0.48374230E-03  0.48638611E-03
 0.57324908E+02  0.35154838E-04  0.17372683E-05  0.48292841E-03  0.48555532E-03
 0.57415613E+02  0.35171332E-04  0.17311777E-05  0.48209382E-03  0.48472744E-03
 0.57506317E+02  0.35032112E-04  0.17251201E-05  0.48128562E-03  0.48390245E-03
 0.57597021E+02  0.35047140E-04  0.17190954E-05  0.48045706E-03  0.48308036E-03
 0.57687725E+02  0.34908908E-04  0.17131033E-05  0.47965448E-03  0.48226113E-03
 0.57778429E+02  0.34922505E-04  0.17071435E-05  0.47883189E-03  0.48144475E-03
 0.57869133E+02  0.34934512E-04  0.17012159E-05  0.47801236E-03  0.48063121E-03
 0.57959837E+02  0.34797465E-04  0.16953201E-05  0.47721817E-03  0.47982050E-03
 0.58050542E+02  0.34808117E-04  0.16894559E-05  0.47640451E-03  0.47901259E-03
 0.58141246E+02  0.35160174E-04  0.16836232E-05  0.47554172E-03  0.47820747E-03
 0.58231950E+02  0.35167550E-04  0.16778216E-05  0.47473402E-03  0.47740513E-03
 0.58322654E+02  0.35030580E-04  0.16720509E-05  0.47395117E-03  0.47660555E-03
 0.58413358E+02  0.35036699E-04  0.16663109E-05  0.47314920E-03  0.47580872E-03
 0.58504063E+02  0.34900718E-04  0.16606015E-05  0.47237169E-03  0.47501462E-03
 0.58594767E+02  0.34905614E-04  0.16549223E-05  0.47157539E-03  0.47422324E-03
 0.58685471E+02  0.34770616E-04  0.16492731E-05  0.47080317E-03  0.47343456E-03
 0.58776175E+02  0.34774323E-04  0.16436537E-05  0.47001248E-03  0.47264858E-03
 0.58866879E+02  0.34640311E-04  0.16380643E-05  0.46924555E-03  0.47186532E-03
 0.58957583E+02  0.34642866E-04  0.16325040E-05  0.46846039E-03  0.47108467E-03
 0.59048288E+02  0.34509814E-04  0.16269727E-05  0.46769858E-03  0.47030667E-03
 0.59138992E+02  0.34511246E-04  0.16214705E-05  0.46691891E-03  0.46953130E-03
 0.59229696E+02  0.34851041E-04  0.16159970E-05  0.46608989E-03  0.46875855E-03
 0.59320400E+02  0.34717896E-04  0.16105520E-05  0.46533612E-03  0.46798841E-03
 0.59411104E+02  0.34716622E-04  0.16051354E-05  0.46456463E-03  0.46722085E-03
 0.59501808E+02  0.34584444E-04  0.15997469E-05  0.46381590E-03  0.46645588E-03
 0.59592513E+02  0.34582134E-04  0.15943864E-05  0.46304975E-03  0.46569348E-03
 0.59683217E+02  0.34450920E-04  0.15890535E-05  0.46230600E-03  0.46493362E-03
 0.59773921E+02  0.34447599E-04  0.15837483E-05  0.46154512E-03  0.46417631E-03
 0.59864625E+02  0.34317339E-04  0.15784703E-05  0.46080630E-03  0.46342152E-03
 0.59955329E+02  0.34313044E-04  0.15732195E-05  0.46005064E-03  0.46266924E-03
 0.60046033E+02  0.34183728E-04  0.15679957E-05  0.45931671E-03  0.46191946E-03
 0.60136738E+02  0.34178482E-04  0.15627986E-05  0.45856621E-03  0.46117218E-03
 0.60227442E+02  0.34050111E-04  0.15576281E-05  0.45783710E-03  0.46042736E-03
 0.60318146E+02  0.34500639E-04  0.15524839E-05  0.45702112E-03  0.45968501E-03
 0.60408850E+02  0.34371508E-04  0.15473660E-05  0.45629721E-03  0.45894511E-03
 0.60499554E+02  0.34362706E-04  0.15422744E-05  0.45555711E-03  0.45820769E-03
 0.60590258E+02  0.34234519E-04  0.15372084E-05  0.45483793E-03  0.45747265E-03
 0.60680962E+02  0.34224855E-04  0.15321679E-05  0.45410277E-03  0.45674002E-03
 0.60771667E+02  0.34097609E-04  0.15271530E-05  0.45338827E-03  0.45600979E-03
 0.60862371E+02  0.34087118E-04  0.15221633E-05  0.45265805E-03  0.45528195E-03
 0.60953075E+02  0.33960800E-04  0.15171988E-05  0.45194818E-03  0.45455649E-03
 0.61043779E+02  0.33949508E-04  0.15122592E-05  0.45122286E-03  0.45383338E-03
 0.61134483E+02  0.33824118E-04  0.15073444E-05  0.45051758E-03  0.45311263E-03
 0.61225188E+02  0.33812043E-04  0.15024542E-05  0.44979710E-03  0.45239423E-03
 0.61315892E+02  0.33687571E-04  0.14975884E-05  0.44909635E-03  0.45167814E-03
 0.61406596E+02  0.33674741E-04  0.14927469E-05  0.44838066E-03  0.45096438E-03
 0.61497300E+02  0.33992061E-04  0.14879296E-05  0.44761592E-03  0.45025292E-03
 0.61588004E+02  0.33867551E-04  0.14831361E-05  0.44692224E-03  0.44954376E-03
 0.61678708E+02  0.33852597E-04  0.14783664E-05  0.44621374E-03  0.44883688E-03
 0.61769412E+02  0.33728999E-04  0.14736203E-05  0.44552448E-03  0.44813227E-03
 0.61860117E+02  0.33713349E-04  0.14688977E-05  0.44482065E-03  0.44742992E-03
 0.61950821E+02  0.33590659E-04  0.14641984E-05  0.44413577E-03  0.44672982E-03
 0.62041525E+02  0.33574337E-04  0.14595222E-05  0.44343656E-03  0.44603195E-03
 0.62132229E+02  0.33452553E-04  0.14548693E-05  0.44275606E-03  0.44533636E-03
 0.62222933E+02  0.33435578E-04  0.14502389E-05  0.44206142E-03  0.44464294E-03
 0.62313638E+02  0.33314678E-04  0.14456312E-05  0.44138516E-03  0.44395173E-03
 0.62404342E+02  0.33297070E-04  0.14410459E-05  0.44069505E-03  0.44326270E-03
 0.62495046E+02  0.33177059E-04  0.14364831E-05  0.44002303E-03  0.44257586E-03
 0.62585750E+02  0.33158836E-04  0.14319425E-05  0.43933740E-03  0.44189120E-03
 0.62676454E+02  0.33465820E-04  0.14274239E-05  0.43860316E-03  0.44120870E-03
 0.62767158E+02  0.33445440E-04  0.14229272E-05  0.43792215E-03  0.44052834E-03
 0.62857863E+02  0.33325673E-04  0.14184524E-05  0.43725888E-03  0.43985013E-03
 0.62948567E+02  0.33206521E-04  0.14139991E-05  0.43659764E-03  0.43917405E-03
 0.63039271E+02  0.33185846E-04  0.14095674E-05  0.43592311E-03  0.43850010E-03
 0.63129975E+02  0.33067568E-04  0.14051570E-05  0.43526597E-03  0.43782825E-03
 0.63220679E+02  0.33046350E-04  0.14007677E-05  0.43459576E-03  0.43715850E-03
 0.63311383E+02  0.32928938E-04  0.13963996E-05  0.43394268E-03  0.43649084E-03
 0.63402088E+02  0.32907192E-04  0.13920524E-05  0.43327676E-03  0.43582527E-03
 0.63492792E+02  0.32790641E-04  0.13877259E-05  0.43262770E-03  0.43516176E-03
 0.63583496E+02  0.32768387E-04  0.13834202E-05  0.43196601E-03  0.43450031E-03
 0.63674200E+02  0.32652697E-04  0.13791352E-05  0.43132098E-03  0.43384096E-03
 0.63764904E+02  0.32629948E-04  0.13748703E-05  0.43066348E-03  0.43318361E-03
 0.63855608E+02  0.32515096E-04  0.13706257E-05  0.43002235E-03  0.43252828E-03
 0.63946313E+02  0.32811711E-04  0.13664011E-05  0.42931905E-03  0.43187498E-03
 0.64037017E+02  0.32787275E-04  0.13621966E-05  0.42866788E-03  0.43122369E-03
 0.64127721E+02  0.32672415E-04  0.13580119E-05  0.42803292E-03  0.43057440E-03
 0.64218425E+02  0.32647530E-04  0.13538470E-05  0.42738584E-03  0.42992710E-03
 0.64309129E+02  0.32533514E-04  0.13497016E-05  0.42675472E-03  0.42928179E-03
 0.64399833E+02  0.32508197E-04  0.13455758E-05  0.42611170E-03  0.42863845E-03
 0.64490538E+02  0.32395012E-04  0.13414693E-05  0.42548440E-03  0.42799708E-03
 0.64581242E+02  0.32369279E-04  0.13373820E-05  0.42484538E-03  0.42735766E-03
 0.64671946E+02  0.32256921E-04  0.13333138E-05  0.42422185E-03  0.42672019E-03
 0.64762650E+02  0.32145124E-04  0.13292646E-05  0.42360017E-03  0.42608466E-03
 0.64853354E+02  0.32119247E-04  0.13252342E-05  0.42296703E-03  0.42545106E-03
 0.64944058E+02  0.32008263E-04  0.13212226E-05  0.42234907E-03  0.42481937E-03
 0.65034762E+02  0.31981994E-04  0.13172296E-05  0.42171984E-03  0.42418960E-03
 0.65125467E+02  0.31871818E-04  0.13132551E-05  0.42110557E-03  0.42356172E-03
 0.65216171E+02  0.32241822E-04  0.13092990E-05  0.42041820E-03  0.42293574E-03
 0.65306875E+02  0.32131107E-04  0.13053615E-05  0.41980796E-03  0.42231169E-03
 0.65397579E+02  0.32020926E-04  0.13014418E-05  0.41919947E-03  0.42168947E-03
 0.65488283E+02  0.31992798E-04  0.12975401E-05  0.41857998E-03  0.42106912E-03
 0.65578988E+02  0.31883423E-04  0.12936564E-05  0.41797509E-03  0.42045062E-03
 0.65669692E+02  0.31854953E-04  0.12897905E-05  0.41735938E-03  0.41983398E-03
 0.65760396E+02  0.31746372E-04  0.12859423E-05  0.41675806E-03  0.41921917E-03
 0.65851100E+02  0.31717575E-04  0.12821117E-05  0.41614611E-03  0.41860620E-03
 0.65941804E+02  0.31609786E-04  0.12782985E-05  0.41554832E-03  0.41799505E-03
 0.66032508E+02  0.31580672E-04  0.12745028E-05  0.41494008E-03  0.41738572E-03
 0.66123212E+02  0.31473663E-04  0.12707243E-05  0.41434579E-03  0.41677820E-03
 0.66213917E+02  0.31367174E-04  0.12669629E-05  0.41375322E-03  0.41617248E-03
 0.66304621E+02  0.31338014E-04  0.12632186E-05  0.41315042E-03  0.41556854E-03
 0.66395325E+02  0.31232296E-04  0.12594913E-05  0.41256130E-03  0.41496640E-03
 0.66486029E+02  0.31202843E-04  0.12557808E-05  0.41196213E-03  0.41436602E-03
 0.66576733E+02  0.31480017E-04  0.12520870E-05  0.41131687E-03  0.41376742E-03
 0.66667438E+02  0.31448973E-04  0.12484099E-05  0.41072147E-03  0.41317057E-03
 0.66758142E+02  0.31343514E-04  0.12447493E-05  0.41013949E-03  0.41257547E-03
 0.66848846E+02  0.31238559E-04  0.12411051E-05  0.40955917E-03  0.41198212E-03
 0.66939550E+02  0.31207521E-04  0.12374775E-05  0.40896907E-03  0.41139055E-03
 0.67030254E+02  0.31103327E-04  0.12338658E-05  0.40839209E-03  0.41080066E-03
 0.67120958E+02  0.31072029E-04  0.12302703E-05  0.40780546E-03  0.41021249E-03
 0.67211663E+02  0.30968588E-04  0.12266909E-05  0.40723180E-03  0.40962604E-03
 0.67302367E+02  0.30865638E-04  0.12231273E-05  0.40665976E-03  0.40904129E-03
 0.67393071E+02  0.30834353E-04  0.12195796E-05  0.40607828E-03  0.40845823E-03
 0.67483775E+02  0.30732145E-04  0.12160477E-05  0.40550951E-03  0.40787687E-03
 0.67574479E+02  0.30700628E-04  0.12125314E-05  0.40493145E-03  0.40729719E-03
 0.67665183E+02  0.30599156E-04  0.12090306E-05  0.40436593E-03  0.40671918E-03
 0.67755888E+02  0.30567414E-04  0.12055453E-05  0.40379127E-03  0.40614284E-03
 0.67846592E+02  0.30466672E-04  0.12020754E-05  0.40322897E-03  0.40556817E-03
 0.67937296E+02  0.30735010E-04  0.11986207E-05  0.40261097E-03  0.40499514E-03
 0.68028000E+02  0.30702075E-04  0.11951812E-05  0.40204147E-03  0.40442376E-03
