#   iter=  100   gam= 0.19991632E-01   kpref= 0.16086688E-02
     #   Energy           Spect        Spect(0)            SPKK         SPKK(0)
-0.40817000E+02  0.10432414E-04  0.10432414E-04 -0.87670408E-03 -0.87670408E-03
-0.40726296E+02  0.10476642E-04  0.10476642E-04 -0.87844664E-03 -0.87844664E-03
-0.40635592E+02  0.10521164E-04  0.10521164E-04 -0.88019660E-03 -0.88019660E-03
-0.40544887E+02  0.10565982E-04  0.10565982E-04 -0.88195398E-03 -0.88195398E-03
-0.40454183E+02  0.10611100E-04  0.10611100E-04 -0.88371887E-03 -0.88371887E-03
-0.40363479E+02  0.10656521E-04  0.10656521E-04 -0.88549130E-03 -0.88549130E-03
-0.40272775E+02  0.10702246E-04  0.10702246E-04 -0.88727132E-03 -0.88727132E-03
-0.40182071E+02  0.10748280E-04  0.10748280E-04 -0.88905899E-03 -0.88905899E-03
-0.40091367E+02  0.10794624E-04  0.10794624E-04 -0.89085435E-03 -0.89085435E-03
-0.40000662E+02  0.10841282E-04  0.10841282E-04 -0.89265747E-03 -0.89265747E-03
-0.39909958E+02  0.10888256E-04  0.10888256E-04 -0.89446838E-03 -0.89446838E-03
-0.39819254E+02  0.10935547E-04  0.10935547E-04 -0.89628702E-03 -0.89628702E-03
-0.39728550E+02  0.10983163E-04  0.10983163E-04 -0.89811369E-03 -0.89811369E-03
-0.39637846E+02  0.11031105E-04  0.11031105E-04 -0.89994832E-03 -0.89994832E-03
-0.39547142E+02  0.11079375E-04  0.11079375E-04 -0.90179096E-03 -0.90179096E-03
-0.39456437E+02  0.11127978E-04  0.11127978E-04 -0.90364174E-03 -0.90364174E-03
-0.39365733E+02  0.11176914E-04  0.11176914E-04 -0.90550052E-03 -0.90550052E-03
-0.39275029E+02  0.11226188E-04  0.11226188E-04 -0.90736754E-03 -0.90736754E-03
-0.39184325E+02  0.11275804E-04  0.11275804E-04 -0.90924280E-03 -0.90924280E-03
-0.39093621E+02  0.11325764E-04  0.11325764E-04 -0.91112635E-03 -0.91112635E-03
-0.39002917E+02  0.11376072E-04  0.11376072E-04 -0.91301826E-03 -0.91301826E-03
-0.38912212E+02  0.11426731E-04  0.11426731E-04 -0.91491856E-03 -0.91491856E-03
-0.38821508E+02  0.11477744E-04  0.11477744E-04 -0.91682735E-03 -0.91682735E-03
-0.38730804E+02  0.11529115E-04  0.11529115E-04 -0.91874466E-03 -0.91874466E-03
-0.38640100E+02  0.11580847E-04  0.11580847E-04 -0.92067057E-03 -0.92067057E-03
-0.38549396E+02  0.11632943E-04  0.11632943E-04 -0.92260506E-03 -0.92260506E-03
-0.38458692E+02  0.11685408E-04  0.11685408E-04 -0.92454832E-03 -0.92454832E-03
-0.38367987E+02  0.11738246E-04  0.11738246E-04 -0.92650035E-03 -0.92650035E-03
-0.38277283E+02  0.11791458E-04  0.11791458E-04 -0.92846122E-03 -0.92846122E-03
-0.38186579E+02  0.11845050E-04  0.11845050E-04 -0.93043099E-03 -0.93043099E-03
-0.38095875E+02  0.11899025E-04  0.11899025E-04 -0.93240971E-03 -0.93240971E-03
-0.38005171E+02  0.11953387E-04  0.11953387E-04 -0.93439746E-03 -0.93439746E-03
-0.37914467E+02  0.12008139E-04  0.12008139E-04 -0.93639430E-03 -0.93639430E-03
-0.37823762E+02  0.12063285E-04  0.12063285E-04 -0.93840029E-03 -0.93840029E-03
-0.37733058E+02  0.12118828E-04  0.12118828E-04 -0.94041543E-03 -0.94041543E-03
-0.37642354E+02  0.12174775E-04  0.12174775E-04 -0.94243993E-03 -0.94243993E-03
-0.37551650E+02  0.12231128E-04  0.12231128E-04 -0.94447378E-03 -0.94447378E-03
-0.37460946E+02  0.12287891E-04  0.12287891E-04 -0.94651706E-03 -0.94651706E-03
-0.37370242E+02  0.12345069E-04  0.12345069E-04 -0.94856982E-03 -0.94856982E-03
-0.37279537E+02  0.12402664E-04  0.12402664E-04 -0.95063214E-03 -0.95063214E-03
-0.37188833E+02  0.12460683E-04  0.12460683E-04 -0.95270409E-03 -0.95270409E-03
-0.37098129E+02  0.12519129E-04  0.12519129E-04 -0.95478575E-03 -0.95478575E-03
-0.37007425E+02  0.12578005E-04  0.12578005E-04 -0.95687711E-03 -0.95687711E-03
-0.36916721E+02  0.12637318E-04  0.12637318E-04 -0.95897838E-03 -0.95897838E-03
-0.36826017E+02  0.12697071E-04  0.12697071E-04 -0.96108957E-03 -0.96108957E-03
-0.36735312E+02  0.12757269E-04  0.12757269E-04 -0.96321075E-03 -0.96321075E-03
-0.36644608E+02  0.12817916E-04  0.12817916E-04 -0.96534200E-03 -0.96534200E-03
-0.36553904E+02  0.12879017E-04  0.12879017E-04 -0.96748338E-03 -0.96748338E-03
-0.36463200E+02  0.12940576E-04  0.12940576E-04 -0.96963499E-03 -0.96963499E-03
-0.36372496E+02  0.13002599E-04  0.13002599E-04 -0.97179688E-03 -0.97179688E-03
-0.36281792E+02  0.13065090E-04  0.13065090E-04 -0.97396915E-03 -0.97396915E-03
-0.36191087E+02  0.13128051E-04  0.13128051E-04 -0.97615180E-03 -0.97615180E-03
-0.36100383E+02  0.13191493E-04  0.13191493E-04 -0.97834504E-03 -0.97834504E-03
-0.36009679E+02  0.13255417E-04  0.13255417E-04 -0.98054889E-03 -0.98054889E-03
-0.35918975E+02  0.13319830E-04  0.13319830E-04 -0.98276343E-03 -0.98276343E-03
-0.35828271E+02  0.13384735E-04  0.13384735E-04 -0.98498874E-03 -0.98498874E-03
-0.35737567E+02  0.13450138E-04  0.13450138E-04 -0.98722489E-03 -0.98722489E-03
-0.35646862E+02  0.13516045E-04  0.13516045E-04 -0.98947199E-03 -0.98947199E-03
-0.35556158E+02  0.13582461E-04  0.13582461E-04 -0.99173012E-03 -0.99173012E-03
-0.35465454E+02  0.13649392E-04  0.13649392E-04 -0.99399934E-03 -0.99399934E-03
-0.35374750E+02  0.13716840E-04  0.13716840E-04 -0.99627969E-03 -0.99627969E-03
-0.35284046E+02  0.13784815E-04  0.13784815E-04 -0.99857139E-03 -0.99857139E-03
-0.35193342E+02  0.13853321E-04  0.13853321E-04 -0.10008745E-02 -0.10008745E-02
-0.35102638E+02  0.13922364E-04  0.13922364E-04 -0.10031890E-02 -0.10031890E-02
-0.35011933E+02  0.13991950E-04  0.13991950E-04 -0.10055150E-02 -0.10055150E-02
-0.34921229E+02  0.14062083E-04  0.14062083E-04 -0.10078527E-02 -0.10078527E-02
-0.34830525E+02  0.14132771E-04  0.14132771E-04 -0.10102022E-02 -0.10102022E-02
-0.34739821E+02  0.14204020E-04  0.14204020E-04 -0.10125634E-02 -0.10125634E-02
-0.34649117E+02  0.14275834E-04  0.14275834E-04 -0.10149366E-02 -0.10149366E-02
-0.34558413E+02  0.14348220E-04  0.14348220E-04 -0.10173217E-02 -0.10173217E-02
-0.34467708E+02  0.14421186E-04  0.14421186E-04 -0.10197190E-02 -0.10197190E-02
-0.34377004E+02  0.14494738E-04  0.14494738E-04 -0.10221284E-02 -0.10221284E-02
-0.34286300E+02  0.14568881E-04  0.14568881E-04 -0.10245502E-02 -0.10245502E-02
-0.34195596E+02  0.14643623E-04  0.14643623E-04 -0.10269844E-02 -0.10269844E-02
-0.34104892E+02  0.14718969E-04  0.14718969E-04 -0.10294311E-02 -0.10294311E-02
-0.34014187E+02  0.14794928E-04  0.14794928E-04 -0.10318903E-02 -0.10318903E-02
-0.33923483E+02  0.14871505E-04  0.14871505E-04 -0.10343623E-02 -0.10343623E-02
-0.33832779E+02  0.14948708E-04  0.14948708E-04 -0.10368471E-02 -0.10368471E-02
-0.33742075E+02  0.15026541E-04  0.15026541E-04 -0.10393447E-02 -0.10393447E-02
-0.33651371E+02  0.15105016E-04  0.15105016E-04 -0.10418555E-02 -0.10418555E-02
-0.33560667E+02  0.15184139E-04  0.15184139E-04 -0.10443793E-02 -0.10443793E-02
-0.33469962E+02  0.15263915E-04  0.15263915E-04 -0.10469164E-02 -0.10469164E-02
-0.33379258E+02  0.15344354E-04  0.15344354E-04 -0.10494668E-02 -0.10494668E-02
-0.33288554E+02  0.15425461E-04  0.15425461E-04 -0.10520306E-02 -0.10520306E-02
-0.33197850E+02  0.15507246E-04  0.15507246E-04 -0.10546081E-02 -0.10546081E-02
-0.33107146E+02  0.15589716E-04  0.15589716E-04 -0.10571992E-02 -0.10571992E-02
-0.33016442E+02  0.15672879E-04  0.15672879E-04 -0.10598041E-02 -0.10598041E-02
-0.32925737E+02  0.15756740E-04  0.15756740E-04 -0.10624228E-02 -0.10624228E-02
-0.32835033E+02  0.15841312E-04  0.15841312E-04 -0.10650556E-02 -0.10650556E-02
-0.32744329E+02  0.15926602E-04  0.15926602E-04 -0.10677026E-02 -0.10677026E-02
-0.32653625E+02  0.16012617E-04  0.16012617E-04 -0.10703639E-02 -0.10703639E-02
-0.32562921E+02  0.16099366E-04  0.16099366E-04 -0.10730395E-02 -0.10730395E-02
-0.32472217E+02  0.16186858E-04  0.16186858E-04 -0.10757296E-02 -0.10757296E-02
-0.32381512E+02  0.16275101E-04  0.16275101E-04 -0.10784344E-02 -0.10784344E-02
-0.32290808E+02  0.16364106E-04  0.16364106E-04 -0.10811539E-02 -0.10811539E-02
-0.32200104E+02  0.16453879E-04  0.16453879E-04 -0.10838883E-02 -0.10838883E-02
-0.32109400E+02  0.16544429E-04  0.16544429E-04 -0.10866377E-02 -0.10866377E-02
-0.32018696E+02  0.16635770E-04  0.16635770E-04 -0.10894022E-02 -0.10894022E-02
-0.31927992E+02  0.16727908E-04  0.16727908E-04 -0.10921821E-02 -0.10921821E-02
-0.31837287E+02  0.16820853E-04  0.16820853E-04 -0.10949774E-02 -0.10949774E-02
-0.31746583E+02  0.16914615E-04  0.16914615E-04 -0.10977882E-02 -0.10977882E-02
-0.31655879E+02  0.17009204E-04  0.17009204E-04 -0.11006147E-02 -0.11006147E-02
-0.31565175E+02  0.17104629E-04  0.17104629E-04 -0.11034570E-02 -0.11034570E-02
-0.31474471E+02  0.17200902E-04  0.17200902E-04 -0.11063152E-02 -0.11063152E-02
-0.31383767E+02  0.17298032E-04  0.17298032E-04 -0.11091896E-02 -0.11091896E-02
-0.31293062E+02  0.17396027E-04  0.17396027E-04 -0.11120801E-02 -0.11120801E-02
-0.31202358E+02  0.17494904E-04  0.17494904E-04 -0.11149872E-02 -0.11149872E-02
-0.31111654E+02  0.17594670E-04  0.17594670E-04 -0.11179107E-02 -0.11179107E-02
-0.31020950E+02  0.17695337E-04  0.17695337E-04 -0.11208509E-02 -0.11208509E-02
-0.30930246E+02  0.17796916E-04  0.17796916E-04 -0.11238080E-02 -0.11238080E-02
-0.30839542E+02  0.17899416E-04  0.17899416E-04 -0.11267821E-02 -0.11267821E-02
-0.30748837E+02  0.18002853E-04  0.18002853E-04 -0.11297733E-02 -0.11297733E-02
-0.30658133E+02  0.18107237E-04  0.18107237E-04 -0.11327818E-02 -0.11327818E-02
-0.30567429E+02  0.18212579E-04  0.18212579E-04 -0.11358078E-02 -0.11358078E-02
-0.30476725E+02  0.18318889E-04  0.18318889E-04 -0.11388512E-02 -0.11388512E-02
-0.30386021E+02  0.18426184E-04  0.18426184E-04 -0.11419126E-02 -0.11419126E-02
-0.30295317E+02  0.18534476E-04  0.18534476E-04 -0.11449919E-02 -0.11449919E-02
-0.30204612E+02  0.18643776E-04  0.18643776E-04 -0.11480894E-02 -0.11480894E-02
-0.30113908E+02  0.18754097E-04  0.18754097E-04 -0.11512051E-02 -0.11512051E-02
-0.30023204E+02  0.18865453E-04  0.18865453E-04 -0.11543393E-02 -0.11543393E-02
-0.29932500E+02  0.18977857E-04  0.18977857E-04 -0.11574921E-02 -0.11574921E-02
-0.29841796E+02  0.19091323E-04  0.19091323E-04 -0.11606637E-02 -0.11606637E-02
-0.29751092E+02  0.19205864E-04  0.19205864E-04 -0.11638543E-02 -0.11638543E-02
-0.29660387E+02  0.19321491E-04  0.19321491E-04 -0.11670639E-02 -0.11670639E-02
-0.29569683E+02  0.19438226E-04  0.19438226E-04 -0.11702930E-02 -0.11702930E-02
-0.29478979E+02  0.19556079E-04  0.19556079E-04 -0.11735416E-02 -0.11735416E-02
-0.29388275E+02  0.19675065E-04  0.19675065E-04 -0.11768099E-02 -0.11768099E-02
-0.29297571E+02  0.19795200E-04  0.19795200E-04 -0.11800982E-02 -0.11800982E-02
-0.29206867E+02  0.19916497E-04  0.19916497E-04 -0.11834065E-02 -0.11834065E-02
-0.29116162E+02  0.20038974E-04  0.20038974E-04 -0.11867351E-02 -0.11867351E-02
-0.29025458E+02  0.20162647E-04  0.20162647E-04 -0.11900842E-02 -0.11900842E-02
-0.28934754E+02  0.20287531E-04  0.20287531E-04 -0.11934540E-02 -0.11934540E-02
-0.28844050E+02  0.20413639E-04  0.20413639E-04 -0.11968446E-02 -0.11968446E-02
-0.28753346E+02  0.20540995E-04  0.20540995E-04 -0.12002564E-02 -0.12002564E-02
-0.28662642E+02  0.20669612E-04  0.20669612E-04 -0.12036895E-02 -0.12036895E-02
-0.28571937E+02  0.20799508E-04  0.20799508E-04 -0.12071441E-02 -0.12071441E-02
-0.28481233E+02  0.20930699E-04  0.20930699E-04 -0.12106204E-02 -0.12106204E-02
-0.28390529E+02  0.21063205E-04  0.21063205E-04 -0.12141187E-02 -0.12141187E-02
-0.28299825E+02  0.21197043E-04  0.21197043E-04 -0.12176392E-02 -0.12176392E-02
-0.28209121E+02  0.21332232E-04  0.21332232E-04 -0.12211820E-02 -0.12211820E-02
-0.28118417E+02  0.21468791E-04  0.21468791E-04 -0.12247475E-02 -0.12247475E-02
-0.28027712E+02  0.21606734E-04  0.21606734E-04 -0.12283357E-02 -0.12283357E-02
-0.27937008E+02  0.21746090E-04  0.21746090E-04 -0.12319471E-02 -0.12319471E-02
-0.27846304E+02  0.21886874E-04  0.21886874E-04 -0.12355818E-02 -0.12355818E-02
-0.27755600E+02  0.22029107E-04  0.22029107E-04 -0.12392400E-02 -0.12392400E-02
-0.27664896E+02  0.22172808E-04  0.22172808E-04 -0.12429221E-02 -0.12429221E-02
-0.27574192E+02  0.22317999E-04  0.22317999E-04 -0.12466281E-02 -0.12466281E-02
-0.27483487E+02  0.22464702E-04  0.22464702E-04 -0.12503585E-02 -0.12503585E-02
-0.27392783E+02  0.22612939E-04  0.22612939E-04 -0.12541134E-02 -0.12541134E-02
-0.27302079E+02  0.22762727E-04  0.22762727E-04 -0.12578931E-02 -0.12578931E-02
-0.27211375E+02  0.22914097E-04  0.22914097E-04 -0.12616978E-02 -0.12616978E-02
-0.27120671E+02  0.23067069E-04  0.23067069E-04 -0.12655280E-02 -0.12655280E-02
-0.27029967E+02  0.23221665E-04  0.23221665E-04 -0.12693837E-02 -0.12693837E-02
-0.26939262E+02  0.23377910E-04  0.23377910E-04 -0.12732652E-02 -0.12732652E-02
-0.26848558E+02  0.23535828E-04  0.23535828E-04 -0.12771730E-02 -0.12771730E-02
-0.26757854E+02  0.23695443E-04  0.23695443E-04 -0.12811071E-02 -0.12811071E-02
-0.26667150E+02  0.23856781E-04  0.23856781E-04 -0.12850679E-02 -0.12850679E-02
-0.26576446E+02  0.24019867E-04  0.24019867E-04 -0.12890558E-02 -0.12890558E-02
-0.26485742E+02  0.24184724E-04  0.24184724E-04 -0.12930708E-02 -0.12930708E-02
-0.26395037E+02  0.24351388E-04  0.24351388E-04 -0.12971135E-02 -0.12971135E-02
-0.26304333E+02  0.24519880E-04  0.24519880E-04 -0.13011841E-02 -0.13011841E-02
-0.26213629E+02  0.24690229E-04  0.24690229E-04 -0.13052829E-02 -0.13052829E-02
-0.26122925E+02  0.24862464E-04  0.24862464E-04 -0.13094102E-02 -0.13094102E-02
-0.26032221E+02  0.25036612E-04  0.25036612E-04 -0.13135663E-02 -0.13135663E-02
-0.25941517E+02  0.25212702E-04  0.25212702E-04 -0.13177515E-02 -0.13177515E-02
-0.25850812E+02  0.25390767E-04  0.25390767E-04 -0.13219662E-02 -0.13219662E-02
-0.25760108E+02  0.25570837E-04  0.25570837E-04 -0.13262107E-02 -0.13262107E-02
-0.25669404E+02  0.25752937E-04  0.25752937E-04 -0.13304852E-02 -0.13304852E-02
-0.25578700E+02  0.25937110E-04  0.25937110E-04 -0.13347903E-02 -0.13347903E-02
-0.25487996E+02  0.26123382E-04  0.26123382E-04 -0.13391262E-02 -0.13391262E-02
-0.25397292E+02  0.26311788E-04  0.26311788E-04 -0.13434933E-02 -0.13434933E-02
-0.25306587E+02  0.26502361E-04  0.26502361E-04 -0.13478919E-02 -0.13478919E-02
-0.25215883E+02  0.26695135E-04  0.26695135E-04 -0.13523224E-02 -0.13523224E-02
-0.25125179E+02  0.26890147E-04  0.26890147E-04 -0.13567852E-02 -0.13567852E-02
-0.25034475E+02  0.27087431E-04  0.27087431E-04 -0.13612806E-02 -0.13612806E-02
-0.24943771E+02  0.27287025E-04  0.27287025E-04 -0.13658090E-02 -0.13658090E-02
-0.24853067E+02  0.27488960E-04  0.27488960E-04 -0.13703707E-02 -0.13703707E-02
-0.24762362E+02  0.27693285E-04  0.27693285E-04 -0.13749662E-02 -0.13749662E-02
-0.24671658E+02  0.27900036E-04  0.27900036E-04 -0.13795960E-02 -0.13795960E-02
-0.24580954E+02  0.28109252E-04  0.28109252E-04 -0.13842604E-02 -0.13842604E-02
-0.24490250E+02  0.28320972E-04  0.28320972E-04 -0.13889598E-02 -0.13889598E-02
-0.24399546E+02  0.28535240E-04  0.28535240E-04 -0.13936946E-02 -0.13936946E-02
-0.24308842E+02  0.28752097E-04  0.28752097E-04 -0.13984653E-02 -0.13984653E-02
-0.24218137E+02  0.28971587E-04  0.28971587E-04 -0.14032723E-02 -0.14032723E-02
-0.24127433E+02  0.29193754E-04  0.29193754E-04 -0.14081160E-02 -0.14081160E-02
-0.24036729E+02  0.29418638E-04  0.29418638E-04 -0.14129967E-02 -0.14129967E-02
-0.23946025E+02  0.29646295E-04  0.29646295E-04 -0.14179152E-02 -0.14179152E-02
-0.23855321E+02  0.29876769E-04  0.29876769E-04 -0.14228718E-02 -0.14228718E-02
-0.23764617E+02  0.30110109E-04  0.30110109E-04 -0.14278669E-02 -0.14278669E-02
-0.23673912E+02  0.30346362E-04  0.30346362E-04 -0.14329012E-02 -0.14329012E-02
-0.23583208E+02  0.30585581E-04  0.30585581E-04 -0.14379749E-02 -0.14379749E-02
-0.23492504E+02  0.30827815E-04  0.30827815E-04 -0.14430887E-02 -0.14430887E-02
-0.23401800E+02  0.31073119E-04  0.31073119E-04 -0.14482430E-02 -0.14482430E-02
-0.23311096E+02  0.31321546E-04  0.31321546E-04 -0.14534384E-02 -0.14534384E-02
-0.23220392E+02  0.31573145E-04  0.31573145E-04 -0.14586752E-02 -0.14586752E-02
-0.23129687E+02  0.31827983E-04  0.31827983E-04 -0.14639542E-02 -0.14639542E-02
-0.23038983E+02  0.32086116E-04  0.32086116E-04 -0.14692759E-02 -0.14692759E-02
-0.22948279E+02  0.32347602E-04  0.32347602E-04 -0.14746408E-02 -0.14746408E-02
-0.22857575E+02  0.32612499E-04  0.32612499E-04 -0.14800495E-02 -0.14800495E-02
-0.22766871E+02  0.32880872E-04  0.32880872E-04 -0.14855025E-02 -0.14855025E-02
-0.22676167E+02  0.33152782E-04  0.33152782E-04 -0.14910004E-02 -0.14910004E-02
-0.22585462E+02  0.33428294E-04  0.33428294E-04 -0.14965438E-02 -0.14965438E-02
-0.22494758E+02  0.33707476E-04  0.33707476E-04 -0.15021333E-02 -0.15021333E-02
-0.22404054E+02  0.33990388E-04  0.33990388E-04 -0.15077694E-02 -0.15077694E-02
-0.22313350E+02  0.34277111E-04  0.34277111E-04 -0.15134530E-02 -0.15134530E-02
-0.22222646E+02  0.34567714E-04  0.34567714E-04 -0.15191846E-02 -0.15191846E-02
-0.22131942E+02  0.34862268E-04  0.34862268E-04 -0.15249648E-02 -0.15249648E-02
-0.22041237E+02  0.35160848E-04  0.35160848E-04 -0.15307943E-02 -0.15307943E-02
-0.21950533E+02  0.35463531E-04  0.35463531E-04 -0.15366738E-02 -0.15366738E-02
-0.21859829E+02  0.35770394E-04  0.35770394E-04 -0.15426039E-02 -0.15426039E-02
-0.21769125E+02  0.36081518E-04  0.36081518E-04 -0.15485854E-02 -0.15485854E-02
-0.21678421E+02  0.36396986E-04  0.36396986E-04 -0.15546189E-02 -0.15546189E-02
-0.21587717E+02  0.36716873E-04  0.36716873E-04 -0.15607051E-02 -0.15607051E-02
-0.21497012E+02  0.37041281E-04  0.37041281E-04 -0.15668450E-02 -0.15668450E-02
-0.21406308E+02  0.37370295E-04  0.37370295E-04 -0.15730391E-02 -0.15730391E-02
-0.21315604E+02  0.37704003E-04  0.37704003E-04 -0.15792884E-02 -0.15792884E-02
-0.21224900E+02  0.38042499E-04  0.38042499E-04 -0.15855935E-02 -0.15855935E-02
-0.21134196E+02  0.38385878E-04  0.38385878E-04 -0.15919552E-02 -0.15919552E-02
-0.21043492E+02  0.38734239E-04  0.38734239E-04 -0.15983745E-02 -0.15983745E-02
-0.20952787E+02  0.39087683E-04  0.39087683E-04 -0.16048520E-02 -0.16048520E-02
-0.20862083E+02  0.39446312E-04  0.39446312E-04 -0.16113887E-02 -0.16113887E-02
-0.20771379E+02  0.39810224E-04  0.39810224E-04 -0.16179852E-02 -0.16179852E-02
-0.20680675E+02  0.40179543E-04  0.40179543E-04 -0.16246427E-02 -0.16246427E-02
-0.20589971E+02  0.40554377E-04  0.40554377E-04 -0.16313621E-02 -0.16313621E-02
-0.20499267E+02  0.40934839E-04  0.40934839E-04 -0.16381443E-02 -0.16381443E-02
-0.20408562E+02  0.41321046E-04  0.41321046E-04 -0.16449901E-02 -0.16449901E-02
-0.20317858E+02  0.41713120E-04  0.41713120E-04 -0.16519005E-02 -0.16519005E-02
-0.20227154E+02  0.42111185E-04  0.42111185E-04 -0.16588766E-02 -0.16588766E-02
-0.20136450E+02  0.42515368E-04  0.42515368E-04 -0.16659193E-02 -0.16659193E-02
-0.20045746E+02  0.42925801E-04  0.42925801E-04 -0.16730296E-02 -0.16730296E-02
-0.19955042E+02  0.43342606E-04  0.43342606E-04 -0.16802084E-02 -0.16802084E-02
-0.19864337E+02  0.43765947E-04  0.43765947E-04 -0.16874572E-02 -0.16874572E-02
-0.19773633E+02  0.44195955E-04  0.44195955E-04 -0.16947768E-02 -0.16947768E-02
-0.19682929E+02  0.44632776E-04  0.44632776E-04 -0.17021684E-02 -0.17021684E-02
-0.19592225E+02  0.45076561E-04  0.45076561E-04 -0.17096331E-02 -0.17096331E-02
-0.19501521E+02  0.45527465E-04  0.45527465E-04 -0.17171721E-02 -0.17171721E-02
-0.19410817E+02  0.45985647E-04  0.45985647E-04 -0.17247865E-02 -0.17247865E-02
-0.19320112E+02  0.46451273E-04  0.46451273E-04 -0.17324777E-02 -0.17324777E-02
-0.19229408E+02  0.46924510E-04  0.46924510E-04 -0.17402467E-02 -0.17402467E-02
-0.19138704E+02  0.47405518E-04  0.47405518E-04 -0.17480947E-02 -0.17480947E-02
-0.19048000E+02  0.47894507E-04  0.47894507E-04 -0.17560234E-02 -0.17560234E-02
-0.18957296E+02  0.48391645E-04  0.48391645E-04 -0.17640340E-02 -0.17640340E-02
-0.18866592E+02  0.48897124E-04  0.48897124E-04 -0.17721278E-02 -0.17721278E-02
-0.18775887E+02  0.49411139E-04  0.49411139E-04 -0.17803061E-02 -0.17803061E-02
-0.18685183E+02  0.49933891E-04  0.49933891E-04 -0.17885705E-02 -0.17885705E-02
-0.18594479E+02  0.50465590E-04  0.50465590E-04 -0.17969224E-02 -0.17969224E-02
-0.18503775E+02  0.51006449E-04  0.51006449E-04 -0.18053632E-02 -0.18053632E-02
-0.18413071E+02  0.51556689E-04  0.51556689E-04 -0.18138946E-02 -0.18138946E-02
-0.18322367E+02  0.52116520E-04  0.52116520E-04 -0.18225177E-02 -0.18225177E-02
-0.18231662E+02  0.52686214E-04  0.52686214E-04 -0.18312348E-02 -0.18312348E-02
-0.18140958E+02  0.53265994E-04  0.53265994E-04 -0.18400472E-02 -0.18400472E-02
-0.18050254E+02  0.53856113E-04  0.53856113E-04 -0.18489567E-02 -0.18489567E-02
-0.17959550E+02  0.54456829E-04  0.54456829E-04 -0.18579649E-02 -0.18579649E-02
-0.17868846E+02  0.55068408E-04  0.55068408E-04 -0.18670736E-02 -0.18670736E-02
-0.17778142E+02  0.55691126E-04  0.55691126E-04 -0.18762847E-02 -0.18762847E-02
-0.17687437E+02  0.56325268E-04  0.56325268E-04 -0.18856000E-02 -0.18856000E-02
-0.17596733E+02  0.56971112E-04  0.56971112E-04 -0.18950211E-02 -0.18950211E-02
-0.17506029E+02  0.57628988E-04  0.57628988E-04 -0.19045504E-02 -0.19045504E-02
-0.17415325E+02  0.58299205E-04  0.58299205E-04 -0.19141899E-02 -0.19141899E-02
-0.17324621E+02  0.58982085E-04  0.58982085E-04 -0.19239416E-02 -0.19239416E-02
-0.17233917E+02  0.59677963E-04  0.59677963E-04 -0.19338075E-02 -0.19338075E-02
-0.17143212E+02  0.60387187E-04  0.60387187E-04 -0.19437898E-02 -0.19437898E-02
-0.17052508E+02  0.61110116E-04  0.61110116E-04 -0.19538908E-02 -0.19538908E-02
-0.16961804E+02  0.61847124E-04  0.61847124E-04 -0.19641127E-02 -0.19641127E-02
-0.16871100E+02  0.62598595E-04  0.62598595E-04 -0.19744579E-02 -0.19744579E-02
-0.16780396E+02  0.63364911E-04  0.63364911E-04 -0.19849286E-02 -0.19849286E-02
-0.16689692E+02  0.64146516E-04  0.64146516E-04 -0.19955276E-02 -0.19955276E-02
-0.16598987E+02  0.64943832E-04  0.64943832E-04 -0.20062575E-02 -0.20062575E-02
-0.16508283E+02  0.65757301E-04  0.65757301E-04 -0.20171208E-02 -0.20171208E-02
-0.16417579E+02  0.66587381E-04  0.66587381E-04 -0.20281201E-02 -0.20281201E-02
-0.16326875E+02  0.67434552E-04  0.67434552E-04 -0.20392583E-02 -0.20392583E-02
-0.16236171E+02  0.68299309E-04  0.68299309E-04 -0.20505381E-02 -0.20505381E-02
-0.16145467E+02  0.69182167E-04  0.69182167E-04 -0.20619626E-02 -0.20619626E-02
-0.16054762E+02  0.70083660E-04  0.70083660E-04 -0.20735348E-02 -0.20735348E-02
-0.15964058E+02  0.71004323E-04  0.71004323E-04 -0.20852574E-02 -0.20852574E-02
-0.15873354E+02  0.71944766E-04  0.71944766E-04 -0.20971342E-02 -0.20971342E-02
-0.15782650E+02  0.72905584E-04  0.72905584E-04 -0.21091684E-02 -0.21091684E-02
-0.15691946E+02  0.73887394E-04  0.73887394E-04 -0.21213632E-02 -0.21213632E-02
-0.15601242E+02  0.74890843E-04  0.74890843E-04 -0.21337222E-02 -0.21337222E-02
-0.15510537E+02  0.75916604E-04  0.75916604E-04 -0.21462490E-02 -0.21462490E-02
-0.15419833E+02  0.76965381E-04  0.76965381E-04 -0.21589473E-02 -0.21589473E-02
-0.15329129E+02  0.78037904E-04  0.78037904E-04 -0.21718209E-02 -0.21718209E-02
-0.15238425E+02  0.79134933E-04  0.79134933E-04 -0.21848738E-02 -0.21848738E-02
-0.15147721E+02  0.80257236E-04  0.80257236E-04 -0.21981098E-02 -0.21981098E-02
-0.15057017E+02  0.81405681E-04  0.81405681E-04 -0.22115336E-02 -0.22115336E-02
-0.14966312E+02  0.82581123E-04  0.82581123E-04 -0.22251494E-02 -0.22251494E-02
-0.14875608E+02  0.83784455E-04  0.83784455E-04 -0.22389618E-02 -0.22389618E-02
-0.14784904E+02  0.85016613E-04  0.85016613E-04 -0.22529752E-02 -0.22529752E-02
-0.14694200E+02  0.86278579E-04  0.86278579E-04 -0.22671945E-02 -0.22671945E-02
-0.14603496E+02  0.87571375E-04  0.87571375E-04 -0.22816247E-02 -0.22816247E-02
-0.14512792E+02  0.88896072E-04  0.88896072E-04 -0.22962709E-02 -0.22962709E-02
-0.14422087E+02  0.90253787E-04  0.90253787E-04 -0.23111384E-02 -0.23111384E-02
-0.14331383E+02  0.91645661E-04  0.91645661E-04 -0.23262323E-02 -0.23262323E-02
-0.14240679E+02  0.93072968E-04  0.93072968E-04 -0.23415590E-02 -0.23415590E-02
-0.14149975E+02  0.94536982E-04  0.94536982E-04 -0.23571241E-02 -0.23571241E-02
-0.14059271E+02  0.96039040E-04  0.96039040E-04 -0.23729338E-02 -0.23729338E-02
-0.13968567E+02  0.97580546E-04  0.97580546E-04 -0.23889943E-02 -0.23889943E-02
-0.13877862E+02  0.99162980E-04  0.99162980E-04 -0.24053121E-02 -0.24053121E-02
-0.13787158E+02  0.10078789E-03  0.10078789E-03 -0.24218941E-02 -0.24218941E-02
-0.13696454E+02  0.10245691E-03  0.10245691E-03 -0.24387474E-02 -0.24387474E-02
-0.13605750E+02  0.10417173E-03  0.10417173E-03 -0.24558792E-02 -0.24558792E-02
-0.13515046E+02  0.10593413E-03  0.10593413E-03 -0.24732967E-02 -0.24732967E-02
-0.13424342E+02  0.10774605E-03  0.10774605E-03 -0.24910086E-02 -0.24910086E-02
-0.13333637E+02  0.10960948E-03  0.10960948E-03 -0.25090228E-02 -0.25090228E-02
-0.13242933E+02  0.11152649E-03  0.11152649E-03 -0.25273479E-02 -0.25273479E-02
-0.13152229E+02  0.11349930E-03  0.11349930E-03 -0.25459926E-02 -0.25459926E-02
-0.13061525E+02  0.11553022E-03  0.11553022E-03 -0.25649663E-02 -0.25649663E-02
-0.12970821E+02  0.11762173E-03  0.11762173E-03 -0.25842785E-02 -0.25842785E-02
-0.12880117E+02  0.11977641E-03  0.11977641E-03 -0.26039394E-02 -0.26039394E-02
-0.12789412E+02  0.12199699E-03  0.12199699E-03 -0.26239592E-02 -0.26239592E-02
-0.12698708E+02  0.12428634E-03  0.12428634E-03 -0.26443485E-02 -0.26443485E-02
-0.12608004E+02  0.12664760E-03  0.12664760E-03 -0.26651194E-02 -0.26651194E-02
-0.12517300E+02  0.12908400E-03  0.12908400E-03 -0.26862835E-02 -0.26862835E-02
-0.12426596E+02  0.13159899E-03  0.13159899E-03 -0.27078533E-02 -0.27078533E-02
-0.12335892E+02  0.13419621E-03  0.13419621E-03 -0.27298417E-02 -0.27298417E-02
-0.12245187E+02  0.13687954E-03  0.13687954E-03 -0.27522621E-02 -0.27522621E-02
-0.12154483E+02  0.13965312E-03  0.13965312E-03 -0.27751288E-02 -0.27751288E-02
-0.12063779E+02  0.14252129E-03  0.14252129E-03 -0.27984563E-02 -0.27984563E-02
-0.11973075E+02  0.14548880E-03  0.14548880E-03 -0.28222607E-02 -0.28222607E-02
-0.11882371E+02  0.14856060E-03  0.14856060E-03 -0.28465582E-02 -0.28465582E-02
-0.11791667E+02  0.15174197E-03  0.15174197E-03 -0.28713655E-02 -0.28713655E-02
-0.11700962E+02  0.15503862E-03  0.15503862E-03 -0.28967008E-02 -0.28967008E-02
-0.11610258E+02  0.15845668E-03  0.15845668E-03 -0.29225834E-02 -0.29225834E-02
-0.11519554E+02  0.16200260E-03  0.16200260E-03 -0.29490328E-02 -0.29490328E-02
-0.11428850E+02  0.16568335E-03  0.16568335E-03 -0.29760699E-02 -0.29760699E-02
-0.11338146E+02  0.16950643E-03  0.16950643E-03 -0.30037168E-02 -0.30037168E-02
-0.11247442E+02  0.17347984E-03  0.17347984E-03 -0.30319962E-02 -0.30319962E-02
-0.11156737E+02  0.17761228E-03  0.17761228E-03 -0.30609333E-02 -0.30609333E-02
-0.11066033E+02  0.18191307E-03  0.18191307E-03 -0.30905537E-02 -0.30905537E-02
-0.10975329E+02  0.18639221E-03  0.18639221E-03 -0.31208843E-02 -0.31208843E-02
-0.10884625E+02  0.19106060E-03  0.19106060E-03 -0.31519541E-02 -0.31519541E-02
-0.10793921E+02  0.19593010E-03  0.19593010E-03 -0.31837944E-02 -0.31837944E-02
-0.10703217E+02  0.20101339E-03  0.20101339E-03 -0.32164370E-02 -0.32164370E-02
-0.10612512E+02  0.20632434E-03  0.20632434E-03 -0.32499165E-02 -0.32499165E-02
-0.10521808E+02  0.21187804E-03  0.21187804E-03 -0.32842692E-02 -0.32842692E-02
-0.10431104E+02  0.21769088E-03  0.21769088E-03 -0.33195337E-02 -0.33195337E-02
-0.10340400E+02  0.22378089E-03  0.22378089E-03 -0.33557521E-02 -0.33557521E-02
-0.10249696E+02  0.23016765E-03  0.23016765E-03 -0.33929678E-02 -0.33929678E-02
-0.10158992E+02  0.23687285E-03  0.23687285E-03 -0.34312284E-02 -0.34312284E-02
-0.10068287E+02  0.24392003E-03  0.24392003E-03 -0.34705834E-02 -0.34705834E-02
-0.99775833E+01  0.25133551E-03  0.25133551E-03 -0.35110874E-02 -0.35110874E-02
-0.98868792E+01  0.25914806E-03  0.25914806E-03 -0.35527977E-02 -0.35527977E-02
-0.97961750E+01  0.26738973E-03  0.26738973E-03 -0.35957759E-02 -0.35957759E-02
-0.97054708E+01  0.27609599E-03  0.27609599E-03 -0.36400880E-02 -0.36400880E-02
-0.96147667E+01  0.28530662E-03  0.28530662E-03 -0.36858063E-02 -0.36858063E-02
-0.95240625E+01  0.29506585E-03  0.29506585E-03 -0.37330071E-02 -0.37330071E-02
-0.94333583E+01  0.30542341E-03  0.30542341E-03 -0.37817730E-02 -0.37817730E-02
-0.93426542E+01  0.31643548E-03  0.31643548E-03 -0.38321946E-02 -0.38321946E-02
-0.92519500E+01  0.32816518E-03  0.32816518E-03 -0.38843676E-02 -0.38843676E-02
-0.91612458E+01  0.34068475E-03  0.34068475E-03 -0.39383983E-02 -0.39383983E-02
-0.90705417E+01  0.35407605E-03  0.35407605E-03 -0.39943998E-02 -0.39943998E-02
-0.89798375E+01  0.36843319E-03  0.36843319E-03 -0.40524959E-02 -0.40524959E-02
-0.88891333E+01  0.38386429E-03  0.38386429E-03 -0.41128199E-02 -0.41128199E-02
-0.87984292E+01  0.40049500E-03  0.40049500E-03 -0.41755189E-02 -0.41755189E-02
-0.87077250E+01  0.41847118E-03  0.41847118E-03 -0.42407500E-02 -0.42407500E-02
-0.86170208E+01  0.43796389E-03  0.43796389E-03 -0.43086844E-02 -0.43086844E-02
-0.85263167E+01  0.45917519E-03  0.45917519E-03 -0.43795080E-02 -0.43795080E-02
-0.84356125E+01  0.48234408E-03  0.48234408E-03 -0.44534177E-02 -0.44534177E-02
-0.83449083E+01  0.50775712E-03  0.50775712E-03 -0.45306267E-02 -0.45306267E-02
-0.82542042E+01  0.53575801E-03  0.53575801E-03 -0.46113548E-02 -0.46113548E-02
-0.81635000E+01  0.56676295E-03  0.56676295E-03 -0.46958274E-02 -0.46958274E-02
-0.80727958E+01  0.60127729E-03  0.60127729E-03 -0.47842624E-02 -0.47842624E-02
-0.79820917E+01  0.63991766E-03  0.63991766E-03 -0.48768562E-02 -0.48768562E-02
-0.78913875E+01  0.68343320E-03  0.68343320E-03 -0.49737472E-02 -0.49737472E-02
-0.78006833E+01  0.73272822E-03  0.73272822E-03 -0.50749690E-02 -0.50749690E-02
-0.77099792E+01  0.78887111E-03  0.78887111E-03 -0.51803728E-02 -0.51803728E-02
-0.76192750E+01  0.85306814E-03  0.85306814E-03 -0.52895080E-02 -0.52895080E-02
-0.75285708E+01  0.92656279E-03  0.92656279E-03 -0.54014780E-02 -0.54014780E-02
-0.74378667E+01  0.10103907E-02  0.10103907E-02 -0.55147954E-02 -0.55147954E-02
-0.73471625E+01  0.11049358E-02  0.11049358E-02 -0.56273842E-02 -0.56273842E-02
-0.72564583E+01  0.12093447E-02  0.12093447E-02 -0.57369763E-02 -0.57369763E-02
-0.71657542E+01  0.13212210E-02  0.13212210E-02 -0.58421731E-02 -0.58421731E-02
-0.70750500E+01  0.14373925E-02  0.14373925E-02 -0.59438956E-02 -0.59438956E-02
-0.69843458E+01  0.15561433E-02  0.15561433E-02 -0.60459281E-02 -0.60459281E-02
-0.68936417E+01  0.16795167E-02  0.16795167E-02 -0.61531206E-02 -0.61531206E-02
-0.68029375E+01  0.18132134E-02  0.18132134E-02 -0.62680431E-02 -0.62680431E-02
-0.67122333E+01  0.19637292E-02  0.19637292E-02 -0.63890464E-02 -0.63890464E-02
-0.66215292E+01  0.21351826E-02  0.21351826E-02 -0.65114056E-02 -0.65114056E-02
-0.65308250E+01  0.23284532E-02  0.23284532E-02 -0.66305227E-02 -0.66305227E-02
-0.64401208E+01  0.25435583E-02  0.25435583E-02 -0.67445790E-02 -0.67445790E-02
-0.63494167E+01  0.27839038E-02  0.27839038E-02 -0.68538214E-02 -0.68538214E-02
-0.62587125E+01  0.30586705E-02  0.30586705E-02 -0.69556027E-02 -0.69556027E-02
-0.61680083E+01  0.33800741E-02  0.33800741E-02 -0.70380672E-02 -0.70380672E-02
-0.60773042E+01  0.37558000E-02  0.37558000E-02 -0.70766910E-02 -0.70766910E-02
-0.59866000E+01  0.41789577E-02  0.41789577E-02 -0.70362027E-02 -0.70362027E-02
-0.58958958E+01  0.46183256E-02  0.46183256E-02 -0.68798553E-02 -0.68798553E-02
-0.58051917E+01  0.50146930E-02  0.50146930E-02 -0.65878887E-02 -0.65878887E-02
-0.57144875E+01  0.52938473E-02  0.52938473E-02 -0.61803924E-02 -0.61803924E-02
-0.56237833E+01  0.54000407E-02  0.54000407E-02 -0.57258905E-02 -0.57258905E-02
-0.55330792E+01  0.53295360E-02  0.53295360E-02 -0.53173013E-02 -0.53173013E-02
-0.54423750E+01  0.51320664E-02  0.51320664E-02 -0.50281318E-02 -0.50281318E-02
-0.53516708E+01  0.48789556E-02  0.48789556E-02 -0.48868535E-02 -0.48868535E-02
-0.52609667E+01  0.46303620E-02  0.46303620E-02 -0.48847325E-02 -0.48847325E-02
-0.51702625E+01  0.44244278E-02  0.44244278E-02 -0.49977848E-02 -0.49977848E-02
-0.50795583E+01  0.42828924E-02  0.42828924E-02 -0.52015562E-02 -0.52015562E-02
-0.49888542E+01  0.42191003E-02  0.42191003E-02 -0.54752051E-02 -0.54752051E-02
-0.48981500E+01  0.42426059E-02  0.42426059E-02 -0.58010433E-02 -0.58010433E-02
-0.48074458E+01  0.43614542E-02  0.43614542E-02 -0.61636474E-02 -0.61636474E-02
-0.47167417E+01  0.45839668E-02  0.45839668E-02 -0.65489884E-02 -0.65489884E-02
-0.46260375E+01  0.49203703E-02  0.49203703E-02 -0.69430207E-02 -0.69430207E-02
-0.45353333E+01  0.53842324E-02  0.53842324E-02 -0.73293577E-02 -0.73293577E-02
-0.44446292E+01  0.59932795E-02  0.59932795E-02 -0.76855164E-02 -0.76855164E-02
-0.43539250E+01  0.67683711E-02  0.67683711E-02 -0.79771216E-02 -0.79771216E-02
-0.42632208E+01  0.77284232E-02  0.77284232E-02 -0.81504641E-02 -0.81504641E-02
-0.41725167E+01  0.88783991E-02  0.88783991E-02 -0.81255473E-02 -0.81255473E-02
-0.40818125E+01  0.10187810E-01  0.10187810E-01 -0.77951238E-02 -0.77951238E-02
-0.39911083E+01  0.11561072E-01  0.11561072E-01 -0.70405408E-02 -0.70405408E-02
-0.39004042E+01  0.12814112E-01  0.12814112E-01 -0.57780393E-02 -0.57780393E-02
-0.38097000E+01  0.13691939E-01  0.13691939E-01 -0.40337188E-02 -0.40337188E-02
-0.37189958E+01  0.13959214E-01  0.13959214E-01 -0.20003595E-02 -0.20003595E-02
-0.36282917E+01  0.13529913E-01  0.13529913E-01  0.13513812E-05  0.13513812E-05
-0.35375875E+01  0.12524426E-01  0.12524426E-01  0.16644320E-02  0.16644320E-02
-0.34468833E+01  0.11192586E-01  0.11192586E-01  0.28266622E-02  0.28266622E-02
-0.33561792E+01  0.97818698E-02  0.97818698E-02  0.34893018E-02  0.34893018E-02
-0.32654750E+01  0.84587735E-02  0.84587735E-02  0.37495322E-02  0.37495322E-02
-0.31747708E+01  0.73027097E-02  0.73027097E-02  0.37273059E-02  0.37273059E-02
-0.30840667E+01  0.63337638E-02  0.63337638E-02  0.35255475E-02  0.35255475E-02
-0.29933625E+01  0.55414530E-02  0.55414530E-02  0.32193390E-02  0.32193390E-02
-0.29026583E+01  0.49035901E-02  0.49035901E-02  0.28589885E-02  0.28589885E-02
-0.28119542E+01  0.43959150E-02  0.43959150E-02  0.24767805E-02  0.24767805E-02
-0.27212500E+01  0.39960053E-02  0.39960053E-02  0.20931420E-02  0.20931420E-02
-0.26305458E+01  0.36841440E-02  0.36841440E-02  0.17210097E-02  0.17210097E-02
-0.25398417E+01  0.34429545E-02  0.34429545E-02  0.13682976E-02  0.13682976E-02
-0.24491375E+01  0.32570562E-02  0.32570562E-02  0.10390101E-02  0.10390101E-02
-0.23584333E+01  0.31132910E-02  0.31132910E-02  0.73386774E-03  0.73386774E-03
-0.22677292E+01  0.30011240E-02  0.30011240E-02  0.45136694E-03  0.45136694E-03
-0.21770250E+01  0.29122520E-02  0.29122520E-02  0.18902468E-03  0.18902468E-03
-0.20863208E+01  0.28395622E-02  0.28395622E-02 -0.56275641E-04 -0.56275641E-04
-0.19956167E+01  0.27767255E-02  0.27767255E-02 -0.28910646E-03 -0.28910646E-03
-0.19049125E+01  0.27192175E-02  0.27192175E-02 -0.51619577E-03 -0.51619577E-03
-0.18142083E+01  0.26659219E-02  0.26659219E-02 -0.74571276E-03 -0.74571276E-03
-0.17235042E+01  0.26197998E-02  0.26197998E-02 -0.98527142E-03 -0.98527142E-03
-0.16328000E+01  0.25869033E-02  0.25869033E-02 -0.12398916E-02 -0.12398916E-02
-0.15420958E+01  0.25744124E-02  0.25744124E-02 -0.15112724E-02 -0.15112724E-02
-0.14513917E+01  0.25890078E-02  0.25890078E-02 -0.17984449E-02 -0.17984449E-02
-0.13606875E+01  0.26363116E-02  0.26363116E-02 -0.20990162E-02 -0.20990162E-02
-0.12699833E+01  0.27212676E-02  0.27212676E-02 -0.24100863E-02 -0.24100863E-02
-0.11792792E+01  0.28489173E-02  0.28489173E-02 -0.27285270E-02 -0.27285270E-02
-0.10885750E+01  0.30251740E-02  0.30251740E-02 -0.30506342E-02 -0.30506342E-02
-0.99787083E+00  0.32573898E-02  0.32573898E-02 -0.33712466E-02 -0.33712466E-02
-0.90716667E+00  0.35546147E-02  0.35546147E-02 -0.36823611E-02 -0.36823611E-02
-0.81646250E+00  0.39272133E-02  0.39272133E-02 -0.39710529E-02 -0.39710529E-02
-0.72575833E+00  0.43852600E-02  0.43852600E-02 -0.42167424E-02 -0.42167424E-02
-0.63505417E+00  0.49345736E-02  0.49345736E-02 -0.43881110E-02 -0.43881110E-02
-0.54435000E+00  0.55688712E-02  0.55688712E-02 -0.44413797E-02 -0.44413797E-02
-0.45364583E+00  0.62575049E-02  0.62575049E-02 -0.43239620E-02 -0.43239620E-02
-0.36294167E+00  0.69325326E-02  0.69325326E-02 -0.39899661E-02 -0.39899661E-02
-0.27223750E+00  0.74880290E-02  0.74880290E-02 -0.34308299E-02 -0.34308299E-02
-0.18153333E+00  0.78094581E-02  0.78094581E-02 -0.27077982E-02 -0.27077982E-02
-0.90829167E-01  0.78309371E-02  0.78309371E-02 -0.19519699E-02 -0.19519699E-02
-0.12500000E-03  0.75774241E-02  0.75774241E-02 -0.13125067E-02 -0.13125067E-02
 0.90579167E-01  0.71491826E-02  0.71491826E-02 -0.88963617E-03 -0.88963617E-03
 0.18128333E+00  0.66654400E-02  0.66654400E-02 -0.70826132E-03 -0.70826132E-03
 0.27198750E+00  0.62190379E-02  0.62190379E-02 -0.73858783E-03 -0.73858783E-03
 0.36269167E+00  0.58642019E-02  0.58642019E-02 -0.93016292E-03 -0.93016292E-03
 0.45339583E+00  0.56255741E-02  0.56255741E-02 -0.12346145E-02 -0.12346145E-02
 0.54410000E+00  0.55117294E-02  0.55117294E-02 -0.16139813E-02 -0.16139813E-02
 0.63480417E+00  0.55254917E-02  0.55254917E-02 -0.20406305E-02 -0.20406305E-02
 0.72550833E+00  0.56700714E-02  0.56700714E-02 -0.24939058E-02 -0.24939058E-02
 0.81621250E+00  0.59522176E-02  0.59522176E-02 -0.29559496E-02 -0.29559496E-02
 0.90691667E+00  0.63835122E-02  0.63835122E-02 -0.34072761E-02 -0.34072761E-02
 0.99762083E+00  0.69801810E-02  0.69801810E-02 -0.38218738E-02 -0.38218738E-02
 0.10883250E+01  0.77608867E-02  0.77608867E-02 -0.41613309E-02 -0.41613309E-02
 0.11790292E+01  0.87408956E-02  0.87408956E-02 -0.43681401E-02 -0.43681401E-02
 0.12697333E+01  0.99199756E-02  0.99199756E-02 -0.43598309E-02 -0.43598309E-02
 0.13604375E+01  0.11261408E-01  0.11261408E-01 -0.40292136E-02 -0.40292136E-02
 0.14511417E+01  0.12663947E-01  0.12663947E-01 -0.32615907E-02 -0.32615907E-02
 0.15418458E+01  0.13942167E-01  0.13942167E-01 -0.19811847E-02 -0.19811847E-02
 0.16325500E+01  0.14848517E-01  0.14848517E-01 -0.22166996E-03 -0.22166996E-03
 0.17232542E+01  0.15162505E-01  0.15162505E-01  0.18268642E-02  0.18268642E-02
 0.18139583E+01  0.14807327E-01  0.14807327E-01  0.38623235E-02  0.38623235E-02
 0.19046625E+01  0.13892932E-01  0.13892932E-01  0.56011333E-02  0.56011333E-02
 0.19953667E+01  0.12642831E-01  0.12642831E-01  0.68900847E-02  0.68900847E-02
 0.20860708E+01  0.11280013E-01  0.11280013E-01  0.77194734E-02  0.77194734E-02
 0.21767750E+01  0.99601403E-02  0.99601403E-02  0.81654410E-02  0.81654410E-02
 0.22674792E+01  0.87651131E-02  0.87651131E-02  0.83284597E-02  0.83284597E-02
 0.23581833E+01  0.77247790E-02  0.77247790E-02  0.82992273E-02  0.82992273E-02
 0.24488875E+01  0.68397950E-02  0.68397950E-02  0.81483145E-02  0.81483145E-02
 0.25395917E+01  0.60967127E-02  0.60967127E-02  0.79270158E-02  0.79270158E-02
 0.26302958E+01  0.54760763E-02  0.54760763E-02  0.76710459E-02  0.76710459E-02
 0.27210000E+01  0.49566951E-02  0.49566951E-02  0.74038599E-02  0.74038599E-02
 0.28117042E+01  0.45182882E-02  0.45182882E-02  0.71391579E-02  0.71391579E-02
 0.29024083E+01  0.41435467E-02  0.41435467E-02  0.68831808E-02  0.68831808E-02
 0.29931125E+01  0.38195882E-02  0.38195882E-02  0.66373601E-02  0.66373601E-02
 0.30838167E+01  0.35382033E-02  0.35382033E-02  0.64012512E-02  0.64012512E-02
 0.31745208E+01  0.32947238E-02  0.32947238E-02  0.61750092E-02  0.61750092E-02
 0.32652250E+01  0.30859629E-02  0.30859629E-02  0.59606223E-02  0.59606223E-02
 0.33559292E+01  0.29081697E-02  0.29081697E-02  0.57617254E-02  0.57617254E-02
 0.34466333E+01  0.27556545E-02  0.27556545E-02  0.55823319E-02  0.55823319E-02
 0.35373375E+01  0.26205089E-02  0.26205089E-02  0.54250196E-02  0.54250196E-02
 0.36280417E+01  0.24936176E-02  0.24936176E-02  0.52891838E-02  0.52891838E-02
 0.37187458E+01  0.23668428E-02  0.23668428E-02  0.51702948E-02  0.51702948E-02
 0.38094500E+01  0.22354046E-02  0.22354046E-02  0.50609471E-02  0.50609471E-02
 0.39001542E+01  0.20989180E-02  0.20989180E-02  0.49534106E-02  0.49534106E-02
 0.39908583E+01  0.19603726E-02  0.19603726E-02  0.48421143E-02  0.48421143E-02
 0.40815625E+01  0.18239339E-02  0.18239339E-02  0.47245791E-02  0.47245791E-02
 0.41722667E+01  0.16931395E-02  0.16931395E-02  0.46007474E-02  0.46007474E-02
 0.42629708E+01  0.15702434E-02  0.15702434E-02  0.44717034E-02  0.44717034E-02
 0.43536750E+01  0.14564637E-02  0.14564637E-02  0.43387427E-02  0.43387427E-02
 0.44443792E+01  0.13524655E-02  0.13524655E-02  0.42030416E-02  0.42030416E-02
 0.45350833E+01  0.12586524E-02  0.12586524E-02  0.40657089E-02  0.40657089E-02
 0.46257875E+01  0.11752095E-02  0.11752095E-02  0.39278793E-02  0.39278793E-02
 0.47164917E+01  0.11020520E-02  0.11020520E-02  0.37906924E-02  0.37906924E-02
 0.48071958E+01  0.10388267E-02  0.10388267E-02  0.36551922E-02  0.36551922E-02
 0.48979000E+01  0.98499018E-03  0.98499018E-03  0.35222329E-02  0.35222329E-02
 0.49886042E+01  0.93992549E-03  0.93992549E-03  0.33924563E-02  0.33924563E-02
 0.50793083E+01  0.90304338E-03  0.90304338E-03  0.32663245E-02  0.32663245E-02
 0.51700125E+01  0.87384613E-03  0.87384613E-03  0.31442015E-02  0.31442015E-02
 0.52607167E+01  0.85194109E-03  0.85194109E-03  0.30264465E-02  0.30264465E-02
 0.53514208E+01  0.83700467E-03  0.83700467E-03  0.29135098E-02  0.29135098E-02
 0.54421250E+01  0.82868623E-03  0.82868623E-03  0.28060131E-02  0.28060131E-02
 0.55328292E+01  0.82644938E-03  0.82644938E-03  0.27047721E-02  0.27047721E-02
 0.56235333E+01  0.82937007E-03  0.82937007E-03  0.26107091E-02  0.26107091E-02
 0.57142375E+01  0.83597662E-03  0.83597662E-03  0.25245883E-02  0.25245883E-02
 0.58049417E+01  0.84429878E-03  0.84429878E-03  0.24466010E-02  0.24466010E-02
 0.58956458E+01  0.85227396E-03  0.85227396E-03  0.23759914E-02  0.23759914E-02
 0.59863500E+01  0.85842639E-03  0.85842639E-03  0.23110738E-02  0.23110738E-02
 0.60770542E+01  0.86239662E-03  0.86239662E-03  0.22497993E-02  0.22497993E-02
 0.61677583E+01  0.86488661E-03  0.86488661E-03  0.21905726E-02  0.21905726E-02
 0.62584625E+01  0.86703802E-03  0.86703802E-03  0.21327629E-02  0.21327629E-02
 0.63491667E+01  0.86969054E-03  0.86969054E-03  0.20766177E-02  0.20766177E-02
 0.64398708E+01  0.87295429E-03  0.87295429E-03  0.20227344E-02  0.20227344E-02
 0.65305750E+01  0.87626079E-03  0.87626079E-03  0.19714321E-02  0.19714321E-02
 0.66212792E+01  0.87881243E-03  0.87881243E-03  0.19223521E-02  0.19223521E-02
 0.67119833E+01  0.88018457E-03  0.88018457E-03  0.18744820E-02  0.18744820E-02
 0.68026875E+01  0.88074280E-03  0.88074280E-03  0.18266096E-02  0.18266096E-02
 0.68933917E+01  0.88162177E-03  0.88162177E-03  0.17779504E-02  0.17779504E-02
 0.69840958E+01  0.88428206E-03  0.88428206E-03  0.17285955E-02  0.17285955E-02
 0.70748000E+01  0.88988678E-03  0.88988678E-03  0.16795748E-02  0.16795748E-02
 0.71655042E+01  0.89876353E-03  0.89876353E-03  0.16325421E-02  0.16325421E-02
 0.72562083E+01  0.91010478E-03  0.91010478E-03  0.15891991E-02  0.15891991E-02
 0.73469125E+01  0.92202192E-03  0.92202192E-03  0.15505743E-02  0.15505743E-02
 0.74376167E+01  0.93205828E-03  0.93205828E-03  0.15163556E-02  0.15163556E-02
 0.75283208E+01  0.93814530E-03  0.93814530E-03  0.14846209E-02  0.14846209E-02
 0.76190250E+01  0.93964494E-03  0.93964494E-03  0.14522904E-02  0.14522904E-02
 0.77097292E+01  0.93786989E-03  0.93786989E-03  0.14162404E-02  0.14162404E-02
 0.78004333E+01  0.93573560E-03  0.93573560E-03  0.13744806E-02  0.13744806E-02
 0.78911375E+01  0.93680937E-03  0.93680937E-03  0.13267750E-02  0.13267750E-02
 0.79818417E+01  0.94435912E-03  0.94435912E-03  0.12745742E-02  0.12745742E-02
 0.80725458E+01  0.96074501E-03  0.96074501E-03  0.12205852E-02  0.12205852E-02
 0.81632500E+01  0.98712281E-03  0.98712281E-03  0.11683119E-02  0.11683119E-02
 0.82539542E+01  0.10232339E-02  0.10232339E-02  0.11216648E-02  0.11216648E-02
 0.83446583E+01  0.10671678E-02  0.10671678E-02  0.10844880E-02  0.10844880E-02
 0.84353625E+01  0.11152123E-02  0.11152123E-02  0.10597996E-02  0.10597996E-02
 0.85260667E+01  0.11621650E-02  0.11621650E-02  0.10487221E-02  0.10487221E-02
 0.86167708E+01  0.12024871E-02  0.12024871E-02  0.10495254E-02  0.10495254E-02
 0.87074750E+01  0.12321836E-02  0.12321836E-02  0.10575863E-02  0.10575863E-02
 0.87981792E+01  0.12504721E-02  0.12504721E-02  0.10667935E-02  0.10667935E-02
 0.88888833E+01  0.12600699E-02  0.12600699E-02  0.10718484E-02  0.10718484E-02
 0.89795875E+01  0.12658854E-02  0.12658854E-02  0.10701202E-02  0.10701202E-02
 0.90702917E+01  0.12730114E-02  0.12730114E-02  0.10621402E-02  0.10621402E-02
 0.91609958E+01  0.12851107E-02  0.12851107E-02  0.10508959E-02  0.10508959E-02
 0.92517000E+01  0.13036079E-02  0.13036079E-02  0.10406065E-02  0.10406065E-02
 0.93424042E+01  0.13275698E-02  0.13275698E-02  0.10354915E-02  0.10354915E-02
 0.94331083E+01  0.13540641E-02  0.13540641E-02  0.10386998E-02  0.10386998E-02
 0.95238125E+01  0.13789389E-02  0.13789389E-02  0.10514906E-02  0.10514906E-02
 0.96145167E+01  0.13979583E-02  0.13979583E-02  0.10728707E-02  0.10728707E-02
 0.97052208E+01  0.14080136E-02  0.14080136E-02  0.10999195E-02  0.10999195E-02
 0.97959250E+01  0.14079280E-02  0.14079280E-02  0.11287936E-02  0.11287936E-02
 0.98866292E+01  0.13984604E-02  0.13984604E-02  0.11559685E-02  0.11559685E-02
 0.99773333E+01  0.13815820E-02  0.13815820E-02  0.11791304E-02  0.11791304E-02
 0.10068038E+02  0.13594869E-02  0.13594869E-02  0.11973648E-02  0.11973648E-02
 0.10158742E+02  0.13338503E-02  0.13338503E-02  0.12107488E-02  0.12107488E-02
 0.10249446E+02  0.13055706E-02  0.13055706E-02  0.12196932E-02  0.12196932E-02
 0.10340150E+02  0.12749567E-02  0.12749567E-02  0.12243948E-02  0.12243948E-02
 0.10430854E+02  0.12421481E-02  0.12421481E-02  0.12245927E-02  0.12245927E-02
 0.10521558E+02  0.12075206E-02  0.12075206E-02  0.12196519E-02  0.12196519E-02
 0.10612263E+02  0.11719037E-02  0.11719037E-02  0.12088571E-02  0.12088571E-02
 0.10702967E+02  0.11365523E-02  0.11365523E-02  0.11917393E-02  0.11917393E-02
 0.10793671E+02  0.11029412E-02  0.11029412E-02  0.11682846E-02  0.11682846E-02
 0.10884375E+02  0.10725093E-02  0.10725093E-02  0.11389695E-02  0.11389695E-02
 0.10975079E+02  0.10464662E-02  0.10464662E-02  0.11046622E-02  0.11046622E-02
 0.11065783E+02  0.10257029E-02  0.10257029E-02  0.10664680E-02  0.10664680E-02
 0.11156488E+02  0.10107934E-02  0.10107934E-02  0.10255913E-02  0.10255913E-02
 0.11247192E+02  0.10020479E-02  0.10020479E-02  0.98325405E-03  0.98325405E-03
 0.11337896E+02  0.99956627E-03  0.99956627E-03  0.94066873E-03  0.94066873E-03
 0.11428600E+02  0.10032676E-02  0.10032676E-02  0.89905376E-03  0.89905376E-03
 0.11519304E+02  0.10128689E-02  0.10128689E-02  0.85966078E-03  0.85966078E-03
 0.11610008E+02  0.10278160E-02  0.10278160E-02  0.82378046E-03  0.82378046E-03
 0.11700713E+02  0.10471748E-02  0.10471748E-02  0.79268573E-03  0.79268573E-03
 0.11791417E+02  0.10695292E-02  0.10695292E-02  0.76748382E-03  0.76748382E-03
 0.11882121E+02  0.10929512E-02  0.10929512E-02  0.74885724E-03  0.74885724E-03
 0.11972825E+02  0.11151350E-02  0.11151350E-02  0.73674635E-03  0.73674635E-03
 0.12063529E+02  0.11337556E-02  0.11337556E-02  0.73007833E-03  0.73007833E-03
 0.12154233E+02  0.11470177E-02  0.11470177E-02  0.72672463E-03  0.72672463E-03
 0.12244938E+02  0.11542214E-02  0.11542214E-02  0.72381310E-03  0.72381310E-03
 0.12335642E+02  0.11560787E-02  0.11560787E-02  0.71836731E-03  0.71836731E-03
 0.12426346E+02  0.11546071E-02  0.11546071E-02  0.70803905E-03  0.70803905E-03
 0.12517050E+02  0.11526403E-02  0.11526403E-02  0.69164294E-03  0.69164294E-03
 0.12607754E+02  0.11531840E-02  0.11531840E-02  0.66932809E-03  0.66932809E-03
 0.12698458E+02  0.11588528E-02  0.11588528E-02  0.64242632E-03  0.64242632E-03
 0.12789163E+02  0.11715020E-02  0.11715020E-02  0.61312831E-03  0.61312831E-03
 0.12879867E+02  0.11920399E-02  0.11920399E-02  0.58412242E-03  0.58412242E-03
 0.12970571E+02  0.12203500E-02  0.12203500E-02  0.55824639E-03  0.55824639E-03
 0.13061275E+02  0.12552934E-02  0.12552934E-02  0.53813584E-03  0.53813584E-03
 0.13151979E+02  0.12948114E-02  0.12948114E-02  0.52584828E-03  0.52584828E-03
 0.13242683E+02  0.13361997E-02  0.13361997E-02  0.52249462E-03  0.52249462E-03
 0.13333388E+02  0.13765873E-02  0.13765873E-02  0.52799537E-03  0.52799537E-03
 0.13424092E+02  0.14135492E-02  0.14135492E-02  0.54112478E-03  0.54112478E-03
 0.13514796E+02  0.14456321E-02  0.14456321E-02  0.55992447E-03  0.55992447E-03
 0.13605500E+02  0.14725417E-02  0.14725417E-02  0.58238410E-03  0.58238410E-03
 0.13696204E+02  0.14948690E-02  0.14948690E-02  0.60709906E-03  0.60709906E-03
 0.13786908E+02  0.15134700E-02  0.15134700E-02  0.63361228E-03  0.63361228E-03
 0.13877613E+02  0.15287773E-02  0.15287773E-02  0.66229019E-03  0.66229019E-03
 0.13968317E+02  0.15403403E-02  0.15403403E-02  0.69379988E-03  0.69379988E-03
 0.14059021E+02  0.15467838E-02  0.15467838E-02  0.72839004E-03  0.72839004E-03
 0.14149725E+02  0.15462419E-02  0.15462419E-02  0.76526503E-03  0.76526503E-03
 0.14240429E+02  0.15371412E-02  0.15371412E-02  0.80233980E-03  0.80233980E-03
 0.14331133E+02  0.15190274E-02  0.15190274E-02  0.83654897E-03  0.83654897E-03
 0.14421838E+02  0.14930512E-02  0.14930512E-02  0.86464152E-03  0.86464152E-03
 0.14512542E+02  0.14618697E-02  0.14618697E-02  0.88412293E-03  0.88412293E-03
 0.14603246E+02  0.14290218E-02  0.14290218E-02  0.89393615E-03  0.89393615E-03
 0.14693950E+02  0.13980911E-02  0.13980911E-02  0.89465086E-03  0.89465086E-03
 0.14784654E+02  0.13719800E-02  0.13719800E-02  0.88820977E-03  0.88820977E-03
 0.14875358E+02  0.13524663E-02  0.13524663E-02  0.87743018E-03  0.87743018E-03
 0.14966063E+02  0.13400363E-02  0.13400363E-02  0.86545377E-03  0.86545377E-03
 0.15056767E+02  0.13339187E-02  0.13339187E-02  0.85523764E-03  0.85523764E-03
 0.15147471E+02  0.13322703E-02  0.13322703E-02  0.84910326E-03  0.84910326E-03
 0.15238175E+02  0.13325071E-02  0.13325071E-02  0.84836125E-03  0.84836125E-03
 0.15328879E+02  0.13317955E-02  0.13317955E-02  0.85307221E-03  0.85307221E-03
 0.15419583E+02  0.13276460E-02  0.13276460E-02  0.86205466E-03  0.86205466E-03
 0.15510288E+02  0.13184604E-02  0.13184604E-02  0.87320714E-03  0.87320714E-03
 0.15600992E+02  0.13038272E-02  0.13038272E-02  0.88408930E-03  0.88408930E-03
 0.15691696E+02  0.12844459E-02  0.12844459E-02  0.89255754E-03  0.89255754E-03
 0.15782400E+02  0.12617269E-02  0.12617269E-02  0.89721402E-03  0.89721402E-03
 0.15873104E+02  0.12372637E-02  0.12372637E-02  0.89753404E-03  0.89753404E-03
 0.15963808E+02  0.12123898E-02  0.12123898E-02  0.89369301E-03  0.89369301E-03
 0.16054513E+02  0.11879483E-02  0.11879483E-02  0.88622588E-03  0.88622588E-03
 0.16145217E+02  0.11642930E-02  0.11642930E-02  0.87567441E-03  0.87567441E-03
 0.16235921E+02  0.11414672E-02  0.11414672E-02  0.86233167E-03  0.86233167E-03
 0.16326625E+02  0.11194668E-02  0.11194668E-02  0.84614981E-03  0.84614981E-03
 0.16417329E+02  0.10984888E-02  0.10984888E-02  0.82681120E-03  0.82681120E-03
 0.16508033E+02  0.10790841E-02  0.10790841E-02  0.80392127E-03  0.80392127E-03
 0.16598738E+02  0.10621727E-02  0.10621727E-02  0.77724495E-03  0.77724495E-03
 0.16689442E+02  0.10489358E-02  0.10489358E-02  0.74690325E-03  0.74690325E-03
 0.16780146E+02  0.10406357E-02  0.10406357E-02  0.71348613E-03  0.71348613E-03
 0.16870850E+02  0.10384219E-02  0.10384219E-02  0.67807195E-03  0.67807195E-03
 0.16961554E+02  0.10431586E-02  0.10431586E-02  0.64218525E-03  0.64218525E-03
 0.17052258E+02  0.10552751E-02  0.10552751E-02  0.60771533E-03  0.60771533E-03
 0.17142963E+02  0.10746250E-02  0.10746250E-02  0.57680661E-03  0.57680661E-03
 0.17233667E+02  0.11003466E-02  0.11003466E-02  0.55169600E-03  0.55169600E-03
 0.17324371E+02  0.11307406E-02  0.11307406E-02  0.53446279E-03  0.53446279E-03
 0.17415075E+02  0.11632410E-02  0.11632410E-02  0.52666307E-03  0.52666307E-03
 0.17505779E+02  0.11945761E-02  0.11945761E-02  0.52888587E-03  0.52888587E-03
 0.17596483E+02  0.12212116E-02  0.12212116E-02  0.54036248E-03  0.54036248E-03
 0.17687188E+02  0.12400415E-02  0.12400415E-02  0.55883403E-03  0.55883403E-03
 0.17777892E+02  0.12491293E-02  0.12491293E-02  0.58085572E-03  0.58085572E-03
 0.17868596E+02  0.12481816E-02  0.12481816E-02  0.60250898E-03  0.60250898E-03
 0.17959300E+02  0.12385269E-02  0.12385269E-02  0.62026689E-03  0.62026689E-03
 0.18050004E+02  0.12226330E-02  0.12226330E-02  0.63165644E-03  0.63165644E-03
 0.18140708E+02  0.12034112E-02  0.12034112E-02  0.63550339E-03  0.63550339E-03
 0.18231412E+02  0.11836126E-02  0.11836126E-02  0.63178630E-03  0.63178630E-03
 0.18322117E+02  0.11654709E-02  0.11654709E-02  0.62127514E-03  0.62127514E-03
 0.18412821E+02  0.11506073E-02  0.11506073E-02  0.60515096E-03  0.60515096E-03
 0.18503525E+02  0.11401096E-02  0.11401096E-02  0.58471786E-03  0.58471786E-03
 0.18594229E+02  0.11346860E-02  0.11346860E-02  0.56124979E-03  0.56124979E-03
 0.18684933E+02  0.11348214E-02  0.11348214E-02  0.53595567E-03  0.53595567E-03
 0.18775638E+02  0.11408829E-02  0.11408829E-02  0.51002892E-03  0.51002892E-03
 0.18866342E+02  0.11531563E-02  0.11531563E-02  0.48474362E-03  0.48474362E-03
 0.18957046E+02  0.11717996E-02  0.11717996E-02  0.46155705E-03  0.46155705E-03
 0.19047750E+02  0.11967183E-02  0.11967183E-02  0.44218423E-03  0.44218423E-03
 0.19138454E+02  0.12273665E-02  0.12273665E-02  0.42859881E-03  0.42859881E-03
 0.19229158E+02  0.12625086E-02  0.12625086E-02  0.42292054E-03  0.42292054E-03
 0.19319863E+02  0.12999932E-02  0.12999932E-02  0.42713277E-03  0.42713277E-03
 0.19410567E+02  0.13366554E-02  0.13366554E-02  0.44261709E-03  0.44261709E-03
 0.19501271E+02  0.13684910E-02  0.13684910E-02  0.46955434E-03  0.46955434E-03
 0.19591975E+02  0.13912324E-02  0.13912324E-02  0.50638285E-03  0.50638285E-03
 0.19682679E+02  0.14012945E-02  0.14012945E-02  0.54961666E-03  0.54961666E-03
 0.19773383E+02  0.13968022E-02  0.13968022E-02  0.59428499E-03  0.59428499E-03
 0.19864088E+02  0.13782329E-02  0.13782329E-02  0.63498221E-03  0.63498221E-03
 0.19954792E+02  0.13483161E-02  0.13483161E-02  0.66713041E-03  0.66713041E-03
 0.20045496E+02  0.13112374E-02  0.13112374E-02  0.68792232E-03  0.68792232E-03
 0.20136200E+02  0.12715506E-02  0.12715506E-02  0.69660787E-03  0.69660787E-03
 0.20226904E+02  0.12332526E-02  0.12332526E-02  0.69418962E-03  0.69418962E-03
 0.20317608E+02  0.11992581E-02  0.11992581E-02  0.68281400E-03  0.68281400E-03
 0.20408312E+02  0.11712538E-02  0.11712538E-02  0.66514861E-03  0.66514861E-03
 0.20499017E+02  0.11497898E-02  0.11497898E-02  0.64389078E-03  0.64389078E-03
 0.20589721E+02  0.11344773E-02  0.11344773E-02  0.62142562E-03  0.62142562E-03
 0.20680425E+02  0.11242184E-02  0.11242184E-02  0.59959320E-03  0.59959320E-03
 0.20771129E+02  0.11174612E-02  0.11174612E-02  0.57952574E-03  0.57952574E-03
 0.20861833E+02  0.11124927E-02  0.11124927E-02  0.56155520E-03  0.56155520E-03
 0.20952538E+02  0.11077684E-02  0.11077684E-02  0.54522242E-03  0.54522242E-03
 0.21043242E+02  0.11022314E-02  0.11022314E-02  0.52942930E-03  0.52942930E-03
 0.21133946E+02  0.10955417E-02  0.10955417E-02  0.51273012E-03  0.51273012E-03
 0.21224650E+02  0.10881377E-02  0.10881377E-02  0.49370387E-03  0.49370387E-03
 0.21315354E+02  0.10811111E-02  0.10811111E-02  0.47129552E-03  0.47129552E-03
 0.21406058E+02  0.10759504E-02  0.10759504E-02  0.44503921E-03  0.44503921E-03
 0.21496763E+02  0.10742466E-02  0.10742466E-02  0.41512400E-03  0.41512400E-03
 0.21587467E+02  0.10774394E-02  0.10774394E-02  0.38233632E-03  0.38233632E-03
 0.21678171E+02  0.10866412E-02  0.10866412E-02  0.34793464E-03  0.34793464E-03
 0.21768875E+02  0.11025286E-02  0.11025286E-02  0.31350607E-03  0.31350607E-03
 0.21859579E+02  0.11252739E-02  0.11252739E-02  0.28082690E-03  0.28082690E-03
 0.21950283E+02  0.11544979E-02  0.11544979E-02  0.25171593E-03  0.25171593E-03
 0.22040988E+02  0.11892424E-02  0.11892424E-02  0.22786421E-03  0.22786421E-03
 0.22131692E+02  0.12279953E-02  0.12279953E-02  0.21062281E-03  0.21062281E-03
 0.22222396E+02  0.12688087E-02  0.12688087E-02  0.20077065E-03  0.20077065E-03
 0.22313100E+02  0.13095507E-02  0.13095507E-02  0.19831740E-03  0.19831740E-03
 0.22403804E+02  0.13482745E-02  0.13482745E-02  0.20243645E-03  0.20243645E-03
 0.22494508E+02  0.13836226E-02  0.13836226E-02  0.21161136E-03  0.21161136E-03
 0.22585213E+02  0.14151204E-02  0.14151204E-02  0.22400251E-03  0.22400251E-03
 0.22675917E+02  0.14432339E-02  0.14432339E-02  0.23794574E-03  0.23794574E-03
 0.22766621E+02  0.14691472E-02  0.14691472E-02  0.25241705E-03  0.25241705E-03
 0.22857325E+02  0.14943275E-02  0.14943275E-02  0.26731697E-03  0.26731697E-03
 0.22948029E+02  0.15200095E-02  0.15200095E-02  0.28350122E-03  0.28350122E-03
 0.23038733E+02  0.15467247E-02  0.15467247E-02  0.30256466E-03  0.30256466E-03
 0.23129438E+02  0.15739655E-02  0.15739655E-02  0.32642901E-03  0.32642901E-03
 0.23220142E+02  0.16000548E-02  0.16000548E-02  0.35679026E-03  0.35679026E-03
 0.23310846E+02  0.16222835E-02  0.16222835E-02  0.39450832E-03  0.39450832E-03
 0.23401550E+02  0.16373708E-02  0.16373708E-02  0.43906449E-03  0.43906449E-03
 0.23492254E+02  0.16422208E-02  0.16422208E-02  0.48828690E-03  0.48828690E-03
 0.23582958E+02  0.16348057E-02  0.16348057E-02  0.53852770E-03  0.53852770E-03
 0.23673663E+02  0.16148612E-02  0.16148612E-02  0.58534357E-03  0.58534357E-03
 0.23764367E+02  0.15840969E-02  0.15840969E-02  0.62448477E-03  0.62448477E-03
 0.23855071E+02  0.15458204E-02  0.15458204E-02  0.65281959E-03  0.65281959E-03
 0.23945775E+02  0.15041670E-02  0.15041670E-02  0.66886547E-03  0.66886547E-03
 0.24036479E+02  0.14632646E-02  0.14632646E-02  0.67282170E-03  0.67282170E-03
 0.24127183E+02  0.14266092E-02  0.14266092E-02  0.66623500E-03  0.66623500E-03
 0.24217888E+02  0.13967440E-02  0.13967440E-02  0.65152061E-03  0.65152061E-03
 0.24308592E+02  0.13751891E-02  0.13751891E-02  0.63151931E-03  0.63151931E-03
 0.24399296E+02  0.13625093E-02  0.13625093E-02  0.60916563E-03  0.60916563E-03
 0.24490000E+02  0.13584234E-02  0.13584234E-02  0.58726394E-03  0.58726394E-03
 0.24580704E+02  0.13619050E-02  0.13619050E-02  0.56832409E-03  0.56832409E-03
 0.24671408E+02  0.13712729E-02  0.13712729E-02  0.55440871E-03  0.55440871E-03
 0.24762113E+02  0.13843024E-02  0.13843024E-02  0.54696337E-03  0.54696337E-03
 0.24852817E+02  0.13984024E-02  0.13984024E-02  0.54663834E-03  0.54663834E-03
 0.24943521E+02  0.14108894E-02  0.14108894E-02  0.55314945E-03  0.55314945E-03
 0.25034225E+02  0.14193496E-02  0.14193496E-02  0.56525184E-03  0.56525184E-03
 0.25124929E+02  0.14220182E-02  0.14220182E-02  0.58088730E-03  0.58088730E-03
 0.25215633E+02  0.14180725E-02  0.14180725E-02  0.59751279E-03  0.59751279E-03
 0.25306338E+02  0.14077365E-02  0.14077365E-02  0.61253951E-03  0.61253951E-03
 0.25397042E+02  0.13921658E-02  0.13921658E-02  0.62376101E-03  0.62376101E-03
 0.25487746E+02  0.13731625E-02  0.13731625E-02  0.62965613E-03  0.62965613E-03
 0.25578450E+02  0.13528212E-02  0.13528212E-02  0.62951237E-03  0.62951237E-03
 0.25669154E+02  0.13332080E-02  0.13332080E-02  0.62338702E-03  0.62338702E-03
 0.25759858E+02  0.13161288E-02  0.13161288E-02  0.61196939E-03  0.61196939E-03
 0.25850563E+02  0.13029968E-02  0.13029968E-02  0.59640850E-03  0.59640850E-03
 0.25941267E+02  0.12947727E-02  0.12947727E-02  0.57815403E-03  0.57815403E-03
 0.26031971E+02  0.12919446E-02  0.12919446E-02  0.55882545E-03  0.55882545E-03
 0.26122675E+02  0.12945181E-02  0.12945181E-02  0.54010398E-03  0.54010398E-03
 0.26213379E+02  0.13020032E-02  0.13020032E-02  0.52362599E-03  0.52362599E-03
 0.26304083E+02  0.13134041E-02  0.13134041E-02  0.51085549E-03  0.51085549E-03
 0.26394788E+02  0.13272364E-02  0.13272364E-02  0.50291925E-03  0.50291925E-03
 0.26485492E+02  0.13416097E-02  0.13416097E-02  0.50040973E-03  0.50040973E-03
 0.26576196E+02  0.13544164E-02  0.13544164E-02  0.50319173E-03  0.50319173E-03
 0.26666900E+02  0.13636378E-02  0.13636378E-02  0.51028416E-03  0.51028416E-03
 0.26757604E+02  0.13677270E-02  0.13677270E-02  0.51989825E-03  0.51989825E-03
 0.26848308E+02  0.13659674E-02  0.13659674E-02  0.52968200E-03  0.52968200E-03
 0.26939013E+02  0.13586776E-02  0.13586776E-02  0.53714097E-03  0.53714097E-03
 0.27029717E+02  0.13471750E-02  0.13471750E-02  0.54011824E-03  0.54011824E-03
 0.27120421E+02  0.13335078E-02  0.13335078E-02  0.53718512E-03  0.53718512E-03
 0.27211125E+02  0.13200554E-02  0.13200554E-02  0.52783684E-03  0.52783684E-03
 0.27301829E+02  0.13091268E-02  0.13091268E-02  0.51247897E-03  0.51247897E-03
 0.27392533E+02  0.13026517E-02  0.13026517E-02  0.49226335E-03  0.49226335E-03
 0.27483238E+02  0.13019936E-02  0.13019936E-02  0.46885741E-03  0.46885741E-03
 0.27573942E+02  0.13078660E-02  0.13078660E-02  0.44420778E-03  0.44420778E-03
 0.27664646E+02  0.13203163E-02  0.13203163E-02  0.42032269E-03  0.42032269E-03
 0.27755350E+02  0.13387554E-02  0.13387554E-02  0.39907052E-03  0.39907052E-03
 0.27846054E+02  0.13620323E-02  0.13620323E-02  0.38198360E-03  0.38198360E-03
 0.27936758E+02  0.13885735E-02  0.13885735E-02  0.37007286E-03  0.37007286E-03
 0.28027463E+02  0.14166054E-02  0.14166054E-02  0.36368448E-03  0.36368448E-03
 0.28118167E+02  0.14444495E-02  0.14444495E-02  0.36245588E-03  0.36245588E-03
 0.28208871E+02  0.14708379E-02  0.14708379E-02  0.36542066E-03  0.36542066E-03
 0.28299575E+02  0.14951533E-02  0.14951533E-02  0.37127416E-03  0.37127416E-03
 0.28390279E+02  0.15175055E-02  0.15175055E-02  0.37874189E-03  0.37874189E-03
 0.28480983E+02  0.15386027E-02  0.15386027E-02  0.38694114E-03  0.38694114E-03
 0.28571688E+02  0.15594542E-02  0.15594542E-02  0.39562484E-03  0.39562484E-03
 0.28662392E+02  0.15809942E-02  0.15809942E-02  0.40523871E-03  0.40523871E-03
 0.28753096E+02  0.16037315E-02  0.16037315E-02  0.41678691E-03  0.41678691E-03
 0.28843800E+02  0.16275050E-02  0.16275050E-02  0.43154513E-03  0.43154513E-03
 0.28934504E+02  0.16514049E-02  0.16514049E-02  0.45068373E-03  0.45068373E-03
 0.29025208E+02  0.16738850E-02  0.16738850E-02  0.47488156E-03  0.47488156E-03
 0.29115913E+02  0.16930692E-02  0.16930692E-02  0.50402514E-03  0.50402514E-03
 0.29206617E+02  0.17071978E-02  0.17071978E-02  0.53709577E-03  0.53709577E-03
 0.29297321E+02  0.17150951E-02  0.17150951E-02  0.57231678E-03  0.57231678E-03
 0.29388025E+02  0.17164997E-02  0.17164997E-02  0.60754668E-03  0.60754668E-03
 0.29478729E+02  0.17121265E-02  0.17121265E-02  0.64080183E-03  0.64080183E-03
 0.29569433E+02  0.17034308E-02  0.17034308E-02  0.67072567E-03  0.67072567E-03
 0.29660137E+02  0.16921667E-02  0.16921667E-02  0.69684724E-03  0.69684724E-03
 0.29750842E+02  0.16798960E-02  0.16798960E-02  0.71956270E-03  0.71956270E-03
 0.29841546E+02  0.16675980E-02  0.16675980E-02  0.73987793E-03  0.73987793E-03
 0.29932250E+02  0.16554714E-02  0.16554714E-02  0.75900494E-03  0.75900494E-03
 0.30022954E+02  0.16429627E-02  0.16429627E-02  0.77792482E-03  0.77792482E-03
 0.30113658E+02  0.16290082E-02  0.16290082E-02  0.79702189E-03  0.79702189E-03
 0.30204363E+02  0.16124347E-02  0.16124347E-02  0.81588739E-03  0.81588739E-03
 0.30295067E+02  0.15924180E-02  0.15924180E-02  0.83336032E-03  0.83336032E-03
 0.30385771E+02  0.15688598E-02  0.15688598E-02  0.84781393E-03  0.84781393E-03
 0.30476475E+02  0.15425535E-02  0.15425535E-02  0.85760738E-03  0.85760738E-03
 0.30567179E+02  0.15150820E-02  0.15150820E-02  0.86155205E-03  0.86155205E-03
 0.30657883E+02  0.14884939E-02  0.14884939E-02  0.85924304E-03  0.85924304E-03
 0.30748588E+02  0.14648831E-02  0.14648831E-02  0.85117262E-03  0.85117262E-03
 0.30839292E+02  0.14459974E-02  0.14459974E-02  0.83863806E-03  0.83863806E-03
 0.30929996E+02  0.14329547E-02  0.14329547E-02  0.82350946E-03  0.82350946E-03
 0.31020700E+02  0.14260842E-02  0.14260842E-02  0.80793173E-03  0.80793173E-03
 0.31111404E+02  0.14248834E-02  0.14248834E-02  0.79400443E-03  0.79400443E-03
 0.31202108E+02  0.14280843E-02  0.14280843E-02  0.78346210E-03  0.78346210E-03
 0.31292813E+02  0.14338381E-02  0.14338381E-02  0.77737807E-03  0.77737807E-03
 0.31383517E+02  0.14400333E-02  0.14400333E-02  0.77594224E-03  0.77594224E-03
 0.31474221E+02  0.14447218E-02  0.14447218E-02  0.77839268E-03  0.77839268E-03
 0.31564925E+02  0.14465680E-02  0.14465680E-02  0.78317332E-03  0.78317332E-03
 0.31655629E+02  0.14451786E-02  0.14451786E-02  0.78832293E-03  0.78832293E-03
 0.31746333E+02  0.14411848E-02  0.14411848E-02  0.79199717E-03  0.79199717E-03
 0.31837037E+02  0.14360376E-02  0.14360376E-02  0.79295714E-03  0.79295714E-03
 0.31927742E+02  0.14315930E-02  0.14315930E-02  0.79087159E-03  0.79087159E-03
 0.32018446E+02  0.14296311E-02  0.14296311E-02  0.78637024E-03  0.78637024E-03
 0.32109150E+02  0.14314347E-02  0.14314347E-02  0.78087821E-03  0.78087821E-03
 0.32199854E+02  0.14375018E-02  0.14375018E-02  0.77630551E-03  0.77630551E-03
 0.32290558E+02  0.14474092E-02  0.14474092E-02  0.77466144E-03  0.77466144E-03
 0.32381263E+02  0.14598370E-02  0.14598370E-02  0.77764253E-03  0.77764253E-03
 0.32471967E+02  0.14727661E-02  0.14727661E-02  0.78624380E-03  0.78624380E-03
 0.32562671E+02  0.14838552E-02  0.14838552E-02  0.80047030E-03  0.80047030E-03
 0.32653375E+02  0.14909527E-02  0.14909527E-02  0.81925371E-03  0.81925371E-03
 0.32744079E+02  0.14926192E-02  0.14926192E-02  0.84065276E-03  0.84065276E-03
 0.32834783E+02  0.14884821E-02  0.14884821E-02  0.86232500E-03  0.86232500E-03
 0.32925488E+02  0.14792751E-02  0.14792751E-02  0.88212507E-03  0.88212507E-03
 0.33016192E+02  0.14665477E-02  0.14665477E-02  0.89861895E-03  0.89861895E-03
 0.33106896E+02  0.14521643E-02  0.14521643E-02  0.91134208E-03  0.91134208E-03
 0.33197600E+02  0.14377817E-02  0.14377817E-02  0.92075513E-03  0.92075513E-03
 0.33288304E+02  0.14244568E-02  0.14244568E-02  0.92796095E-03  0.92796095E-03
 0.33379008E+02  0.14124622E-02  0.14124622E-02  0.93429794E-03  0.93429794E-03
 0.33469713E+02  0.14013168E-02  0.14013168E-02  0.94092113E-03  0.94092113E-03
 0.33560417E+02  0.13900057E-02  0.13900057E-02  0.94846046E-03  0.94846046E-03
 0.33651121E+02  0.13773363E-02  0.13773363E-02  0.95683134E-03  0.95683134E-03
 0.33741825E+02  0.13623441E-02  0.13623441E-02  0.96525216E-03  0.96525216E-03
 0.33832529E+02  0.13446329E-02  0.13446329E-02  0.97247467E-03  0.97247467E-03
 0.33923233E+02  0.13245361E-02  0.13245361E-02  0.97716296E-03  0.97716296E-03
 0.34013937E+02  0.13030458E-02  0.13030458E-02  0.97829232E-03  0.97829232E-03
 0.34104642E+02  0.12815453E-02  0.12815453E-02  0.97543604E-03  0.97543604E-03
 0.34195346E+02  0.12614509E-02  0.12614509E-02  0.96885920E-03  0.96885920E-03
 0.34286050E+02  0.12438783E-02  0.12438783E-02  0.95942493E-03  0.95942493E-03
 0.34376754E+02  0.12294127E-02  0.12294127E-02  0.94836483E-03  0.94836483E-03
 0.34467458E+02  0.12180141E-02  0.12180141E-02  0.93698696E-03  0.93698696E-03
 0.34558163E+02  0.12090613E-02  0.12090613E-02  0.92637896E-03  0.92637896E-03
 0.34648867E+02  0.12015225E-02  0.12015225E-02  0.91715805E-03  0.91715805E-03
 0.34739571E+02  0.11942339E-02  0.11942339E-02  0.90932147E-03  0.90932147E-03
 0.34830275E+02  0.11862310E-02  0.11862310E-02  0.90224792E-03  0.90224792E-03
 0.34920979E+02  0.11770516E-02  0.11770516E-02  0.89487653E-03  0.89487653E-03
 0.35011683E+02  0.11669073E-02  0.11669073E-02  0.88602842E-03  0.88602842E-03
 0.35102388E+02  0.11566593E-02  0.11566593E-02  0.87477818E-03  0.87477818E-03
 0.35193092E+02  0.11476065E-02  0.11476065E-02  0.86075503E-03  0.86075503E-03
 0.35283796E+02  0.11549709E-02  0.11411594E-02  0.84064950E-03  0.84429502E-03
 0.35374500E+02  0.11587380E-02  0.11384975E-02  0.82559007E-03  0.82642123E-03
 0.35465204E+02  0.11643737E-02  0.11402755E-02  0.81310562E-03  0.80868855E-03
 0.35555908E+02  0.11707302E-02  0.11464148E-02  0.80342271E-03  0.79292723E-03
 0.35646613E+02  0.11798991E-02  0.11559919E-02  0.79727943E-03  0.78091318E-03
 0.35737317E+02  0.11842142E-02  0.11672619E-02  0.79179069E-03  0.77397741E-03
 0.35828021E+02  0.11874159E-02  0.11778681E-02  0.78722025E-03  0.77260109E-03
 0.35918725E+02  0.11895454E-02  0.11852831E-02  0.78292895E-03  0.77610533E-03
 0.36009429E+02  0.11908730E-02  0.11874327E-02  0.77842131E-03  0.78259669E-03
 0.36100133E+02  0.11940089E-02  0.11833199E-02  0.77298514E-03  0.78929447E-03
 0.36190838E+02  0.11951806E-02  0.11733858E-02  0.76738593E-03  0.79319626E-03
 0.36281542E+02  0.11967257E-02  0.11594232E-02  0.76139958E-03  0.79184739E-03
 0.36372246E+02  0.11988653E-02  0.11440906E-02  0.75518823E-03  0.78390595E-03
 0.36462950E+02  0.12045611E-02  0.11302539E-02  0.74937490E-03  0.76933343E-03
 0.36553654E+02  0.12081563E-02  0.11204094E-02  0.74367546E-03  0.74924112E-03
 0.36644358E+02  0.12123947E-02  0.11163127E-02  0.73835778E-03  0.72554984E-03
 0.36735063E+02  0.12172019E-02  0.11188064E-02  0.73354881E-03  0.70061005E-03
 0.36825767E+02  0.12224809E-02  0.11277785E-02  0.72933670E-03  0.67684665E-03
 0.36916471E+02  0.12301770E-02  0.11422029E-02  0.72762751E-03  0.65642487E-03
 0.37007175E+02  0.12358529E-02  0.11602698E-02  0.72492371E-03  0.64091387E-03
 0.37097879E+02  0.12417001E-02  0.11796568E-02  0.72286197E-03  0.63096612E-03
 0.37188583E+02  0.12476486E-02  0.11979788E-02  0.72143619E-03  0.62610389E-03
 0.37279288E+02  0.12536371E-02  0.12133653E-02  0.72063413E-03  0.62475053E-03
 0.37369992E+02  0.12603343E-02  0.12249966E-02  0.72284882E-03  0.62459886E-03
 0.37460696E+02  0.12659875E-02  0.12333677E-02  0.72328853E-03  0.62325250E-03
 0.37551400E+02  0.12713738E-02  0.12401556E-02  0.72249730E-03  0.61892452E-03
 0.37642104E+02  0.12769335E-02  0.12477373E-02  0.72403187E-03  0.61093557E-03
 0.37732808E+02  0.12822822E-02  0.12585664E-02  0.72607984E-03  0.59988457E-03
 0.37823512E+02  0.12868690E-02  0.12745951E-02  0.73098008E-03  0.58751744E-03
 0.37914217E+02  0.12914559E-02  0.12968412E-02  0.73387070E-03  0.57640373E-03
 0.38004921E+02  0.12957358E-02  0.13251037E-02  0.73713629E-03  0.56950419E-03
 0.38095625E+02  0.12996874E-02  0.13578216E-02  0.74073099E-03  0.56964741E-03
 0.38186329E+02  0.13032967E-02  0.13921251E-02  0.74460853E-03  0.57891791E-03
 0.38277033E+02  0.13051700E-02  0.14241879E-02  0.75052312E-03  0.59800803E-03
 0.38367737E+02  0.13089508E-02  0.14499603E-02  0.75361085E-03  0.62573564E-03
 0.38458442E+02  0.13114785E-02  0.14661956E-02  0.75803719E-03  0.65900322E-03
 0.38549146E+02  0.13136810E-02  0.14714289E-02  0.76258135E-03  0.69340260E-03
 0.38639850E+02  0.13155716E-02  0.14664549E-02  0.76721408E-03  0.72433639E-03
 0.38730554E+02  0.13153277E-02  0.14540586E-02  0.77308641E-03  0.74821331E-03
 0.38821258E+02  0.13165869E-02  0.14381498E-02  0.77771050E-03  0.76322258E-03
 0.38911963E+02  0.13175867E-02  0.14227333E-02  0.78236581E-03  0.76947275E-03
 0.39002667E+02  0.13195443E-02  0.14110921E-02  0.78652858E-03  0.76862896E-03
 0.39093371E+02  0.13200659E-02  0.14053449E-02  0.79127573E-03  0.76332142E-03
 0.39184075E+02  0.13203561E-02  0.14063168E-02  0.79601381E-03  0.75655664E-03
 0.39274779E+02  0.13183830E-02  0.14136168E-02  0.80125035E-03  0.75121617E-03
 0.39365483E+02  0.13182268E-02  0.14258355E-02  0.80583877E-03  0.74965961E-03
 0.39456188E+02  0.13178704E-02  0.14408406E-02  0.81038887E-03  0.75340898E-03
 0.39546892E+02  0.13185114E-02  0.14561739E-02  0.81476035E-03  0.76295175E-03
 0.39637596E+02  0.13177645E-02  0.14695169E-02  0.81925681E-03  0.77770977E-03
 0.39728300E+02  0.13168401E-02  0.14791449E-02  0.82368102E-03  0.79623452E-03
 0.39819004E+02  0.13137312E-02  0.14842332E-02  0.82798015E-03  0.81660521E-03
 0.39909708E+02  0.13125080E-02  0.14849194E-02  0.83214771E-03  0.83692518E-03
 0.40000413E+02  0.13111449E-02  0.14821005E-02  0.83621790E-03  0.85575721E-03
 0.40091117E+02  0.13107069E-02  0.14770665E-02  0.84033138E-03  0.87236843E-03
 0.40181821E+02  0.13090697E-02  0.14710986E-02  0.84421814E-03  0.88674814E-03
 0.40272525E+02  0.13054892E-02  0.14651564E-02  0.84758536E-03  0.89944171E-03
 0.40363229E+02  0.13037104E-02  0.14597072E-02  0.85116883E-03  0.91129063E-03
 0.40453933E+02  0.13018613E-02  0.14546999E-02  0.85462797E-03  0.92315788E-03
 0.40544638E+02  0.13008381E-02  0.14496559E-02  0.85824049E-03  0.93570148E-03
 0.40635342E+02  0.12988555E-02  0.14438309E-02  0.86146128E-03  0.94922368E-03
 0.40726046E+02  0.12968468E-02  0.14364115E-02  0.86455246E-03  0.96361473E-03
 0.40816750E+02  0.12933029E-02  0.14266992E-02  0.86690770E-03  0.97838072E-03
 0.40907454E+02  0.12913416E-02  0.14142556E-02  0.86973735E-03  0.99274464E-03
 0.40998158E+02  0.12901036E-02  0.13989824E-02  0.87276613E-03  0.10057855E-02
 0.41088862E+02  0.12881532E-02  0.13811375E-02  0.87537617E-03  0.10165851E-02
 0.41179567E+02  0.12862438E-02  0.13612921E-02  0.87788615E-03  0.10243593E-02
 0.41270271E+02  0.12843861E-02  0.13402541E-02  0.88030477E-03  0.10285494E-02
 0.41360975E+02  0.12825898E-02  0.13189710E-02  0.88264214E-03  0.10288809E-02
 0.41451679E+02  0.12802395E-02  0.12984318E-02  0.88461985E-03  0.10253824E-02
 0.41542383E+02  0.12786032E-02  0.12795711E-02  0.88684021E-03  0.10183815E-02
 0.41633088E+02  0.12770477E-02  0.12631823E-02  0.88901533E-03  0.10084735E-02
 0.41723792E+02  0.12755776E-02  0.12498395E-02  0.89115745E-03  0.99647125E-03
 0.41814496E+02  0.12747094E-02  0.12398311E-02  0.89347458E-03  0.98333291E-03
 0.41905200E+02  0.12734084E-02  0.12331120E-02  0.89556753E-03  0.97006677E-03
 0.41995904E+02  0.12710999E-02  0.12292816E-02  0.89732470E-03  0.95761543E-03
 0.42086608E+02  0.12699834E-02  0.12276034E-02  0.89947968E-03  0.94671809E-03
 0.42177313E+02  0.12694538E-02  0.12270816E-02  0.90177981E-03  0.93777367E-03
 0.42268017E+02  0.12685044E-02  0.12266058E-02  0.90398492E-03  0.93072461E-03
 0.42358721E+02  0.12676336E-02  0.12251551E-02  0.90624184E-03  0.92500943E-03
 0.42449425E+02  0.12668356E-02  0.12220296E-02  0.90856067E-03  0.91961555E-03
 0.42540129E+02  0.12666283E-02  0.12170464E-02  0.91099774E-03  0.91324714E-03
 0.42630833E+02  0.12647198E-02  0.12106353E-02  0.91337467E-03  0.90457948E-03
 0.42721538E+02  0.12640703E-02  0.12038034E-02  0.91594845E-03  0.89253129E-03
 0.42812242E+02  0.12634590E-02  0.11979773E-02  0.91861482E-03  0.87648506E-03
 0.42902946E+02  0.12634601E-02  0.11947810E-02  0.92138659E-03  0.85640150E-03
 0.42993650E+02  0.12629115E-02  0.11958094E-02  0.92424749E-03  0.83282856E-03
 0.43084354E+02  0.12623723E-02  0.12024463E-02  0.92721579E-03  0.80683378E-03
 0.43175058E+02  0.12618312E-02  0.12157335E-02  0.93029355E-03  0.77990540E-03
 0.43265763E+02  0.12603344E-02  0.12362848E-02  0.93348327E-03  0.75384535E-03
 0.43356467E+02  0.12597212E-02  0.12642149E-02  0.93677662E-03  0.73066961E-03
 0.43447171E+02  0.12590749E-02  0.12990683E-02  0.94017526E-03  0.71249737E-03
 0.43537875E+02  0.12583856E-02  0.13397460E-02  0.94367668E-03  0.70140916E-03
 0.43628579E+02  0.12583659E-02  0.13844544E-02  0.94730023E-03  0.69924760E-03
 0.43719283E+02  0.12575780E-02  0.14307182E-02  0.95100607E-03  0.70735490E-03
 0.43809988E+02  0.12567206E-02  0.14755157E-02  0.95480334E-03  0.72626659E-03
 0.43900692E+02  0.12545831E-02  0.15155825E-02  0.95859263E-03  0.75543944E-03
 0.43991396E+02  0.12535342E-02  0.15478697E-02  0.96253095E-03  0.79311710E-03
 0.44082100E+02  0.12523982E-02  0.15700860E-02  0.96653950E-03  0.83643822E-03
 0.44172804E+02  0.12511702E-02  0.15811556E-02  0.97061141E-03  0.88182507E-03
 0.44263508E+02  0.12506492E-02  0.15814417E-02  0.97486334E-03  0.92557535E-03
 0.44354213E+02  0.12492309E-02  0.15726429E-02  0.97905781E-03  0.96449066E-03
 0.44444917E+02  0.12477099E-02  0.15574140E-02  0.98329406E-03  0.99635819E-03
 0.44535621E+02  0.12446876E-02  0.15388393E-02  0.98725980E-03  0.10201773E-02
 0.44626325E+02  0.12429388E-02  0.15199255E-02  0.99152265E-03  0.10361234E-02
 0.44717029E+02  0.12410866E-02  0.15032133E-02  0.99580476E-03  0.10453366E-02
 0.44807733E+02  0.12399494E-02  0.14905395E-02  0.10003328E-02  0.10496216E-02
 0.44898438E+02  0.12378873E-02  0.14829342E-02  0.10046500E-02  0.10511487E-02
 0.44989142E+02  0.12357227E-02  0.14806046E-02  0.10089658E-02  0.10521717E-02
 0.45079846E+02  0.12334575E-02  0.14829846E-02  0.10132744E-02  0.10547768E-02
 0.45170550E+02  0.12319001E-02  0.14888383E-02  0.10178721E-02  0.10606471E-02
 0.45261254E+02  0.12271490E-02  0.14964349E-02  0.10212507E-02  0.10708563E-02
 0.45351958E+02  0.12245969E-02  0.15038013E-02  0.10254687E-02  0.10857131E-02
 0.45442662E+02  0.12227366E-02  0.15090495E-02  0.10300077E-02  0.11047119E-02
 0.45533367E+02  0.12200028E-02  0.15107179E-02  0.10341787E-02  0.11266365E-02
 0.45624071E+02  0.12171883E-02  0.15080428E-02  0.10383127E-02  0.11498229E-02
 0.45714775E+02  0.12150511E-02  0.15010695E-02  0.10427956E-02  0.11725342E-02
 0.45805479E+02  0.12120750E-02  0.14905655E-02  0.10468563E-02  0.11933385E-02
 0.45896183E+02  0.12090304E-02  0.14777622E-02  0.10508701E-02  0.12113849E-02
 0.45986888E+02  0.12044660E-02  0.14640167E-02  0.10539822E-02  0.12265078E-02
 0.46077592E+02  0.12013092E-02  0.14504844E-02  0.10578691E-02  0.12391654E-02
 0.46168296E+02  0.11980986E-02  0.14378767E-02  0.10617047E-02  0.12502443E-02
 0.46259000E+02  0.11955227E-02  0.14263388E-02  0.10659339E-02  0.12607978E-02
 0.46349704E+02  0.11922046E-02  0.14154484E-02  0.10696700E-02  0.12717655E-02
 0.46440408E+02  0.11888462E-02  0.14043340E-02  0.10733521E-02  0.12837195E-02
 0.46531113E+02  0.11861011E-02  0.13918921E-02  0.10774448E-02  0.12966817E-02
 0.46621817E+02  0.11826616E-02  0.13770832E-02  0.10810231E-02  0.13100548E-02
 0.46712521E+02  0.11772059E-02  0.13592377E-02  0.10830499E-02  0.13227023E-02
 0.46803225E+02  0.11743544E-02  0.13382995E-02  0.10869797E-02  0.13331770E-02
 0.46893929E+02  0.11708582E-02  0.13149285E-02  0.10903903E-02  0.13400534E-02
 0.46984633E+02  0.11673455E-02  0.12904247E-02  0.10937539E-02  0.13422681E-02
 0.47075338E+02  0.11644006E-02  0.12665004E-02  0.10975506E-02  0.13393827E-02
 0.47166042E+02  0.11608530E-02  0.12449696E-02  0.11008266E-02  0.13317003E-02
 0.47256746E+02  0.11572980E-02  0.12274356E-02  0.11040625E-02  0.13202420E-02
 0.47347450E+02  0.11542909E-02  0.12150301E-02  0.11077390E-02  0.13066126E-02
 0.47438154E+02  0.11488923E-02  0.12082206E-02  0.11093026E-02  0.12927997E-02
 0.47528858E+02  0.11453359E-02  0.12066806E-02  0.11124288E-02  0.12809226E-02
 0.47619563E+02  0.11423069E-02  0.12092289E-02  0.11160004E-02  0.12729276E-02
 0.47710267E+02  0.11387410E-02  0.12138754E-02  0.11190717E-02  0.12702303E-02
 0.47800971E+02  0.11356926E-02  0.12180373E-02  0.11225929E-02  0.12733303E-02
 0.47891675E+02  0.11321213E-02  0.12189788E-02  0.11256213E-02  0.12815147E-02
 0.47982379E+02  0.11285517E-02  0.12144355E-02  0.11286344E-02  0.12928023E-02
 0.48073083E+02  0.11254838E-02  0.12032460E-02  0.11321018E-02  0.13042665E-02
 0.48163788E+02  0.11219097E-02  0.11857303E-02  0.11350905E-02  0.13127004E-02
 0.48254492E+02  0.11165912E-02  0.11636219E-02  0.11364333E-02  0.13153964E-02
 0.48345196E+02  0.11135073E-02  0.11395905E-02  0.11398707E-02  0.13107253E-02
 0.48435900E+02  0.11099258E-02  0.11165903E-02  0.11428426E-02  0.12983326E-02
 0.48526604E+02  0.11063381E-02  0.10972935E-02  0.11458152E-02  0.12789824E-02
 0.48617308E+02  0.11032226E-02  0.10837573E-02  0.11492491E-02  0.12542101E-02
 0.48708013E+02  0.10996127E-02  0.10773189E-02  0.11522272E-02  0.12259638E-02
 0.48798717E+02  0.10964683E-02  0.10786382E-02  0.11556709E-02  0.11963197E-02
 0.48889421E+02  0.10928276E-02  0.10878038E-02  0.11586617E-02  0.11673019E-02
 0.48980125E+02  0.10891690E-02  0.11044499E-02  0.11616610E-02  0.11407825E-02
 0.49070829E+02  0.10841949E-02  0.11278496E-02  0.11634059E-02  0.11184368E-02
 0.49161533E+02  0.10804865E-02  0.11569869E-02  0.11664107E-02  0.11017303E-02
 0.49252237E+02  0.10772227E-02  0.11905941E-02  0.11698897E-02  0.10919180E-02
 0.49342942E+02  0.10734565E-02  0.12271517E-02  0.11729119E-02  0.10900412E-02
 0.49433646E+02  0.10696587E-02  0.12648610E-02  0.11759419E-02  0.10968895E-02
 0.49524350E+02  0.10662937E-02  0.13016065E-02  0.11794518E-02  0.11128988E-02
 0.49615054E+02  0.10624223E-02  0.13349748E-02  0.11824968E-02  0.11379670E-02
 0.49705758E+02  0.10585115E-02  0.13623986E-02  0.11855467E-02  0.11712229E-02
 0.49796462E+02  0.10550217E-02  0.13814804E-02  0.11890825E-02  0.12108470E-02
 0.49887167E+02  0.10492133E-02  0.13904582E-02  0.11902216E-02  0.12540774E-02
 0.49977871E+02  0.10456260E-02  0.13886743E-02  0.11937459E-02  0.12975080E-02
 0.50068575E+02  0.10415326E-02  0.13768441E-02  0.11967784E-02  0.13376488E-02
 0.50159279E+02  0.10373911E-02  0.13569721E-02  0.11998059E-02  0.13715746E-02
 0.50249983E+02  0.10336486E-02  0.13319386E-02  0.12033306E-02  0.13974291E-02
 0.50340687E+02  0.10294032E-02  0.13049166E-02  0.12063445E-02  0.14146198E-02
 0.50431392E+02  0.10255493E-02  0.12788409E-02  0.12098616E-02  0.14237098E-02
 0.50522096E+02  0.10211954E-02  0.12560463E-02  0.12128528E-02  0.14261190E-02
 0.50612800E+02  0.10167888E-02  0.12381135E-02  0.12158272E-02  0.14237798E-02
 0.50703504E+02  0.10127598E-02  0.12258537E-02  0.12193114E-02  0.14188390E-02
 0.50794208E+02  0.10064743E-02  0.12193660E-02  0.12200250E-02  0.14134317E-02
 0.50884913E+02  0.10023346E-02  0.12181142E-02  0.12234469E-02  0.14095137E-02
 0.50975617E+02  0.99771864E-03  0.12210072E-02  0.12263067E-02  0.14087112E-02
 0.51066321E+02  0.99346030E-03  0.12265030E-02  0.12296865E-02  0.14121670E-02
 0.51157025E+02  0.98873542E-03  0.12327793E-02  0.12324892E-02  0.14203834E-02
 0.51247729E+02  0.98396068E-03  0.12379988E-02  0.12352586E-02  0.14331213E-02
 0.51338433E+02  0.97952754E-03  0.12406459E-02  0.12385542E-02  0.14494277E-02
 0.51429138E+02  0.97464774E-03  0.12398506E-02  0.12412532E-02  0.14678623E-02
 0.51519842E+02  0.97009997E-03  0.12355538E-02  0.12444834E-02  0.14868973E-02
 0.51610546E+02  0.96511912E-03  0.12284139E-02  0.12471038E-02  0.15053794E-02
 0.51701250E+02  0.95849628E-03  0.12194430E-02  0.12471491E-02  0.15228611E-02
 0.51791954E+02  0.95380732E-03  0.12094994E-02  0.12502356E-02  0.15396602E-02
 0.51882658E+02  0.94871425E-03  0.11988243E-02  0.12526999E-02  0.15565958E-02
 0.51973363E+02  0.94392319E-03  0.11868124E-02  0.12557031E-02  0.15744710E-02
 0.52064067E+02  0.93874431E-03  0.11721451E-02  0.12580742E-02  0.15934722E-02
 0.52154771E+02  0.93385657E-03  0.11533127E-02  0.12609880E-02  0.16127257E-02
 0.52245475E+02  0.92859770E-03  0.11293765E-02  0.12632607E-02  0.16302710E-02
 0.52336179E+02  0.92361911E-03  0.11006380E-02  0.12660798E-02  0.16435610E-02
 0.52426883E+02  0.91828660E-03  0.10688538E-02  0.12682506E-02  0.16503225E-02
 0.52517588E+02  0.91292401E-03  0.10368608E-02  0.12703693E-02  0.16493680E-02
 0.52608292E+02  0.90648198E-03  0.10078195E-02  0.12702590E-02  0.16409982E-02
 0.52698996E+02  0.90108544E-03  0.98443896E-03  0.12722556E-02  0.16269135E-02
 0.52789700E+02  0.89593770E-03  0.96843478E-03  0.12748012E-02  0.16098009E-02
 0.52880404E+02  0.89048359E-03  0.96025555E-03  0.12766920E-02  0.15928083E-02
 0.52971108E+02  0.88526679E-03  0.95901351E-03  0.12791339E-02  0.15790084E-02
 0.53061813E+02  0.87976088E-03  0.96258043E-03  0.12809179E-02  0.15708522E-02
 0.53152517E+02  0.87423503E-03  0.96791480E-03  0.12826492E-02  0.15696278E-02
 0.53243221E+02  0.86892804E-03  0.97169433E-03  0.12849318E-02  0.15750608E-02
 0.53333925E+02  0.86335788E-03  0.97118455E-03  0.12865563E-02  0.15853121E-02
 0.53424629E+02  0.85799505E-03  0.96501476E-03  0.12887333E-02  0.15975323E-02
 0.53515333E+02  0.85238511E-03  0.95345552E-03  0.12902513E-02  0.16088110E-02
 0.53606037E+02  0.84594563E-03  0.93804327E-03  0.12893690E-02  0.16170582E-02
 0.53696742E+02  0.84032959E-03  0.92080712E-03  0.12907724E-02  0.16213998E-02
 0.53787446E+02  0.83489599E-03  0.90354273E-03  0.12927270E-02  0.16220240E-02
 0.53878150E+02  0.82924709E-03  0.88742375E-03  0.12940263E-02  0.16197125E-02
 0.53968854E+02  0.82376894E-03  0.87298646E-03  0.12958768E-02  0.16153615E-02
 0.54059558E+02  0.81808978E-03  0.86034890E-03  0.12970726E-02  0.16096808E-02
 0.54150263E+02  0.81256982E-03  0.84948111E-03  0.12988193E-02  0.16031291E-02
 0.54240967E+02  0.80686279E-03  0.84038473E-03  0.12999121E-02  0.15960121E-02
 0.54331671E+02  0.80114600E-03  0.83312319E-03  0.13009549E-02  0.15886342E-02
 0.54422375E+02  0.79557041E-03  0.82773318E-03  0.13025453E-02  0.15813845E-02
 0.54513079E+02  0.78982831E-03  0.82410798E-03  0.13034855E-02  0.15747066E-02
 0.54603783E+02  0.78350393E-03  0.82195135E-03  0.13018999E-02  0.15689730E-02
 0.54694488E+02  0.77776758E-03  0.82084844E-03  0.13027316E-02  0.15643488E-02
 0.54785192E+02  0.77214831E-03  0.82043675E-03  0.13041054E-02  0.15607366E-02
 0.54875896E+02  0.76638962E-03  0.82059198E-03  0.13048341E-02  0.15578654E-02
 0.54966600E+02  0.76073680E-03  0.82151476E-03  0.13061028E-02  0.15554993E-02
 0.55057304E+02  0.75495730E-03  0.82365792E-03  0.13067274E-02  0.15536754E-02
 0.55148008E+02  0.74927244E-03  0.82750853E-03  0.13078895E-02  0.15528528E-02
 0.55238713E+02  0.74347381E-03  0.83331007E-03  0.13084086E-02  0.15539101E-02
 0.55329417E+02  0.73775856E-03  0.84081999E-03  0.13094625E-02  0.15579823E-02
 0.55420121E+02  0.73194236E-03  0.84917964E-03  0.13098741E-02  0.15661933E-02
 0.55510825E+02  0.72619874E-03  0.85691404E-03  0.13108176E-02  0.15793369E-02
 0.55601529E+02  0.72036719E-03  0.86208461E-03  0.13111198E-02  0.15975639E-02
 0.55692233E+02  0.71424313E-03  0.86259605E-03  0.13087837E-02  0.16201312E-02
 0.55782938E+02  0.70843093E-03  0.85664993E-03  0.13089721E-02  0.16452961E-02
 0.55873642E+02  0.70266943E-03  0.84328043E-03  0.13096826E-02  0.16704641E-02
 0.55964346E+02  0.69684804E-03  0.82280080E-03  0.13097578E-02  0.16926662E-02
 0.56055050E+02  0.69102657E-03  0.79692236E-03  0.13097776E-02  0.17092900E-02
 0.56145754E+02  0.68524001E-03  0.76840888E-03  0.13103111E-02  0.17187908E-02
 0.56236458E+02  0.67941463E-03  0.74037451E-03  0.13102145E-02  0.17210816E-02
 0.56327163E+02  0.67361416E-03  0.71552184E-03  0.13106272E-02  0.17174605E-02
 0.56417867E+02  0.66778918E-03  0.69557954E-03  0.13104122E-02  0.17101899E-02
 0.56508571E+02  0.66197927E-03  0.68103569E-03  0.13107018E-02  0.17019186E-02
 0.56599275E+02  0.65615940E-03  0.67113944E-03  0.13103668E-02  0.16950867E-02
 0.56689979E+02  0.65034492E-03  0.66415304E-03  0.13105313E-02  0.16913758E-02
 0.56780683E+02  0.64458151E-03  0.65786425E-03  0.13068786E-02  0.16913116E-02
 0.56871388E+02  0.63880270E-03  0.65029485E-03  0.13069186E-02  0.16941992E-02
 0.56962092E+02  0.63304337E-03  0.64033957E-03  0.13063461E-02  0.16985184E-02
 0.57052796E+02  0.62727100E-03  0.62799923E-03  0.13062597E-02  0.17026430E-02
 0.57143500E+02  0.62153273E-03  0.61409289E-03  0.13055661E-02  0.17054845E-02
 0.57234204E+02  0.61577266E-03  0.59969472E-03  0.13053530E-02  0.17067356E-02
 0.57324908E+02  0.61006126E-03  0.58566665E-03  0.13045384E-02  0.17067180E-02
 0.57415613E+02  0.60431944E-03  0.57245744E-03  0.13041985E-02  0.17060799E-02
 0.57506317E+02  0.59864066E-03  0.56009849E-03  0.13032638E-02  0.17055607E-02
 0.57597021E+02  0.59292307E-03  0.54822205E-03  0.13027976E-02  0.17058521E-02
 0.57687725E+02  0.58728278E-03  0.53603920E-03  0.13017442E-02  0.17074394E-02
 0.57778429E+02  0.58159558E-03  0.52239528E-03  0.13011528E-02  0.17103131E-02
 0.57869133E+02  0.57638402E-03  0.50609631E-03  0.12973727E-02  0.17136622E-02
 0.57959837E+02  0.57084192E-03  0.48652506E-03  0.12961567E-02  0.17158578E-02
 0.58050542E+02  0.56524157E-03  0.46418944E-03  0.12953926E-02  0.17149721E-02
 0.58141246E+02  0.55975083E-03  0.44073133E-03  0.12940648E-02  0.17096221E-02
 0.58231950E+02  0.55419440E-03  0.41831960E-03  0.12931822E-02  0.16995701E-02
 0.58322654E+02  0.54875993E-03  0.39886113E-03  0.12917457E-02  0.16857382E-02
 0.58413358E+02  0.54325259E-03  0.38347654E-03  0.12907476E-02  0.16697776E-02
 0.58504063E+02  0.53787906E-03  0.37234772E-03  0.12892060E-02  0.16535324E-02
 0.58594767E+02  0.53242576E-03  0.36482834E-03  0.12880957E-02  0.16385839E-02
 0.58685471E+02  0.52711712E-03  0.35972098E-03  0.12864526E-02  0.16259213E-02
 0.58776175E+02  0.52172207E-03  0.35568337E-03  0.12852338E-02  0.16157996E-02
 0.58866879E+02  0.51648212E-03  0.35163706E-03  0.12834934E-02  0.16078692E-02
 0.58957583E+02  0.51114942E-03  0.34695408E-03  0.12821702E-02  0.16015277E-02
 0.59048288E+02  0.50683632E-03  0.34132468E-03  0.12774128E-02  0.15962152E-02
 0.59138992E+02  0.50159658E-03  0.33452794E-03  0.12760090E-02  0.15914192E-02
 0.59229696E+02  0.49652819E-03  0.32642635E-03  0.12741096E-02  0.15864900E-02
 0.59320400E+02  0.49135632E-03  0.31721308E-03  0.12726108E-02  0.15806141E-02
 0.59411104E+02  0.48636373E-03  0.30759808E-03  0.12706280E-02  0.15731121E-02
 0.59501808E+02  0.48126196E-03  0.29864377E-03  0.12690382E-02  0.15638377E-02
 0.59592513E+02  0.47634707E-03  0.29132234E-03  0.12669762E-02  0.15533172E-02
 0.59683217E+02  0.47131772E-03  0.28611174E-03  0.12652998E-02  0.15425376E-02
 0.59773921E+02  0.46632357E-03  0.28284179E-03  0.12635800E-02  0.15325432E-02
 0.59864625E+02  0.46152689E-03  0.28082347E-03  0.12614042E-02  0.15240474E-02
 0.59955329E+02  0.45660778E-03  0.27917971E-03  0.12596041E-02  0.15172270E-02
 0.60046033E+02  0.45189196E-03  0.27720537E-03  0.12573597E-02  0.15117889E-02
 0.60136738E+02  0.44704930E-03  0.27454795E-03  0.12554835E-02  0.15072349E-02
 0.60227442E+02  0.44241497E-03  0.27115057E-03  0.12531745E-02  0.15031068E-02
 0.60318146E+02  0.43882066E-03  0.26710736E-03  0.12485906E-02  0.14990741E-02
 0.60408850E+02  0.43428530E-03  0.26257157E-03  0.12462452E-02  0.14949196E-02
 0.60499554E+02  0.42961587E-03  0.25770790E-03  0.12442508E-02  0.14905246E-02
 0.60590258E+02  0.42516155E-03  0.25263525E-03  0.12418481E-02  0.14858307E-02
 0.60680962E+02  0.42056944E-03  0.24742589E-03  0.12397887E-02  0.14807380E-02
 0.60771667E+02  0.41601488E-03  0.24224095E-03  0.12376964E-02  0.14750455E-02
 0.60862371E+02  0.41168177E-03  0.23749269E-03  0.12352108E-02  0.14685896E-02
 0.60953075E+02  0.40720523E-03  0.23379754E-03  0.12330584E-02  0.14615290E-02
 0.61043779E+02  0.40295324E-03  0.23165729E-03  0.12305234E-02  0.14545002E-02
 0.61134483E+02  0.39855461E-03  0.23108844E-03  0.12283137E-02  0.14484588E-02
 0.61225188E+02  0.39438361E-03  0.23147168E-03  0.12257320E-02  0.14442599E-02
 0.61315892E+02  0.39006313E-03  0.23176398E-03  0.12234679E-02  0.14422347E-02
 0.61406596E+02  0.38597297E-03  0.23096426E-03  0.12208420E-02  0.14420598E-02
 0.61497300E+02  0.38173079E-03  0.22848299E-03  0.12185262E-02  0.14430185E-02
 0.61588004E+02  0.37891714E-03  0.22414968E-03  0.12138537E-02  0.14443605E-02
 0.61678708E+02  0.37495913E-03  0.21803266E-03  0.12111878E-02  0.14454283E-02
 0.61769412E+02  0.37084657E-03  0.21038302E-03  0.12088207E-02  0.14456229E-02
 0.61860117E+02  0.36696845E-03  0.20168184E-03  0.12061167E-02  0.14444567E-02
 0.61950821E+02  0.36293374E-03  0.19259542E-03  0.12037039E-02  0.14416976E-02
 0.62041525E+02  0.35913548E-03  0.18382217E-03  0.12009640E-02  0.14374505E-02
 0.62132229E+02  0.35517891E-03  0.17591921E-03  0.11985080E-02  0.14321461E-02
 0.62222933E+02  0.35146050E-03  0.16913508E-03  0.11957343E-02  0.14264433E-02
 0.62313638E+02  0.34758232E-03  0.16329695E-03  0.11932373E-02  0.14210227E-02
 0.62404342E+02  0.34374273E-03  0.15785785E-03  0.11907191E-02  0.14163069E-02
 0.62495046E+02  0.34014428E-03  0.15214780E-03  0.11878966E-02  0.14122652E-02
 0.62585750E+02  0.33638355E-03  0.14570625E-03  0.11853409E-02  0.14084527E-02
 0.62676454E+02  0.33286505E-03  0.13847776E-03  0.11824901E-02  0.14042711E-02
 0.62767158E+02  0.32918332E-03  0.13076676E-03  0.11798992E-02  0.13992568E-02
 0.62857863E+02  0.32728403E-03  0.12304395E-03  0.11749998E-02  0.13932267E-02
 0.62948567E+02  0.32369000E-03  0.11576235E-03  0.11723994E-02  0.13862646E-02
 0.63039271E+02  0.32013480E-03  0.10925485E-03  0.11697821E-02  0.13786437E-02
 0.63129975E+02  0.31682271E-03  0.10368306E-03  0.11668925E-02  0.13707495E-02
 0.63220679E+02  0.31334644E-03  0.99000463E-04  0.11642459E-02  0.13629981E-02
 0.63311383E+02  0.31011375E-03  0.94946273E-04  0.11613363E-02  0.13557214E-02
 0.63402088E+02  0.30671659E-03  0.91121412E-04  0.11586630E-02  0.13490420E-02
 0.63492792E+02  0.30356311E-03  0.87152048E-04  0.11557355E-02  0.13428231E-02
 0.63583496E+02  0.30024497E-03  0.82848966E-04  0.11530380E-02  0.13367565E-02
 0.63674200E+02  0.29696602E-03  0.78247170E-04  0.11503278E-02  0.13305285E-02
 0.63764904E+02  0.29393140E-03  0.73527573E-04  0.11473760E-02  0.13239405E-02
 0.63855608E+02  0.29073144E-03  0.68912073E-04  0.11446455E-02  0.13169363E-02
 0.63946313E+02  0.28777541E-03  0.64587346E-04  0.11416822E-02  0.13095744E-02
 0.64037017E+02  0.28465425E-03  0.60666571E-04  0.11389339E-02  0.13019758E-02
 0.64127721E+02  0.28157216E-03  0.57187617E-04  0.11361764E-02  0.12942728E-02
 0.64218425E+02  0.28036130E-03  0.54134631E-04  0.11315063E-02  0.12865765E-02
 0.64309129E+02  0.27736036E-03  0.51463778E-04  0.11287580E-02  0.12789658E-02
 0.64399833E+02  0.27459997E-03  0.49122332E-04  0.11257976E-02  0.12714901E-02
 0.64490538E+02  0.27167596E-03  0.47059194E-04  0.11230379E-02  0.12641769E-02
 0.64581242E+02  0.26879006E-03  0.45229270E-04  0.11202720E-02  0.12570385E-02
 0.64671946E+02  0.26614347E-03  0.43594599E-04  0.11173058E-02  0.12500780E-02
 0.64762650E+02  0.26333347E-03  0.42123968E-04  0.11145323E-02  0.12432932E-02
 0.64853354E+02  0.26076114E-03  0.40791931E-04  0.11115666E-02  0.12366785E-02
 0.64944058E+02  0.25802619E-03  0.39577787E-04  0.11087881E-02  0.12302270E-02
 0.65034762E+02  0.25552704E-03  0.38464673E-04  0.11058251E-02  0.12239309E-02
 0.65125467E+02  0.25286606E-03  0.37438771E-04  0.11030438E-02  0.12177824E-02
 0.65216171E+02  0.25024169E-03  0.36488701E-04  0.11002607E-02  0.12117739E-02
 0.65306875E+02  0.24785064E-03  0.35605035E-04  0.10973040E-02  0.12058981E-02
 0.65397579E+02  0.24529855E-03  0.34779879E-04  0.10945217E-02  0.12001482E-02
 0.65488283E+02  0.24297739E-03  0.34006606E-04  0.10915731E-02  0.11945178E-02
 0.65578988E+02  0.24049625E-03  0.33279598E-04  0.10887938E-02  0.11890008E-02
 0.65669692E+02  0.23968542E-03  0.32594066E-04  0.10846546E-02  0.11835919E-02
 0.65760396E+02  0.23746342E-03  0.31945899E-04  0.10817405E-02  0.11782858E-02
 0.65851100E+02  0.23508357E-03  0.31331545E-04  0.10789885E-02  0.11730778E-02
 0.65941804E+02  0.23273746E-03  0.30747918E-04  0.10762389E-02  0.11679634E-02
 0.66032508E+02  0.23061399E-03  0.30192326E-04  0.10733420E-02  0.11629386E-02
 0.66123212E+02  0.22833391E-03  0.29662412E-04  0.10706008E-02  0.11579995E-02
 0.66213917E+02  0.22627352E-03  0.29156091E-04  0.10677188E-02  0.11531427E-02
 0.66304621E+02  0.22405789E-03  0.28671519E-04  0.10649876E-02  0.11483648E-02
 0.66395325E+02  0.22187410E-03  0.28207057E-04  0.10622611E-02  0.11436627E-02
 0.66486029E+02  0.21990604E-03  0.27761240E-04  0.10594024E-02  0.11390337E-02
 0.66576733E+02  0.21778428E-03  0.27332756E-04  0.10566884E-02  0.11344750E-02
 0.66667438E+02  0.21587501E-03  0.26920421E-04  0.10538479E-02  0.11299840E-02
 0.66758142E+02  0.21381352E-03  0.26523164E-04  0.10511477E-02  0.11255584E-02
 0.66848846E+02  0.21178181E-03  0.26140021E-04  0.10484539E-02  0.11211959E-02
 0.66939550E+02  0.20995831E-03  0.25770117E-04  0.10456415E-02  0.11168944E-02
 0.67030254E+02  0.20798434E-03  0.25412652E-04  0.10429635E-02  0.11126520E-02
 0.67120958E+02  0.20778922E-03  0.25066895E-04  0.10390880E-02  0.11084668E-02
 0.67211663E+02  0.20586556E-03  0.24732178E-04  0.10364433E-02  0.11043370E-02
 0.67302367E+02  0.20396943E-03  0.24407891E-04  0.10338063E-02  0.11002609E-02
 0.67393071E+02  0.20227257E-03  0.24093468E-04  0.10310623E-02  0.10962371E-02
 0.67483775E+02  0.20042966E-03  0.23788388E-04  0.10284431E-02  0.10922638E-02
 0.67574479E+02  0.19861304E-03  0.23492168E-04  0.10258322E-02  0.10883397E-02
 0.67665183E+02  0.19699118E-03  0.23204363E-04  0.10231208E-02  0.10844633E-02
 0.67755888E+02  0.19522525E-03  0.22924562E-04  0.10205289E-02  0.10806335E-02
 0.67846592E+02  0.19365067E-03  0.22652382E-04  0.10178408E-02  0.10768489E-02
 0.67937296E+02  0.19193379E-03  0.22387465E-04  0.10152687E-02  0.10731084E-02
 0.68028000E+02  0.19024119E-03  0.22129478E-04  0.10127059E-02  0.10694109E-02
