#   iter=  100   gam= 0.18374662E-01   kpref= 0.47794748E-03
     #   Energy           Spect        Spect(0)            SPKK         SPKK(0)
-0.40817000E+02  0.24833011E-05  0.24833011E-05 -0.24552496E-03 -0.24552496E-03
-0.40726296E+02  0.24929535E-05  0.24929535E-05 -0.24597622E-03 -0.24597622E-03
-0.40635592E+02  0.25026646E-05  0.25026646E-05 -0.24642924E-03 -0.24642924E-03
-0.40544887E+02  0.25124350E-05  0.25124350E-05 -0.24688402E-03 -0.24688402E-03
-0.40454183E+02  0.25222650E-05  0.25222650E-05 -0.24734058E-03 -0.24734058E-03
-0.40363479E+02  0.25321553E-05  0.25321553E-05 -0.24779893E-03 -0.24779893E-03
-0.40272775E+02  0.25421063E-05  0.25421063E-05 -0.24825907E-03 -0.24825907E-03
-0.40182071E+02  0.25521185E-05  0.25521185E-05 -0.24872103E-03 -0.24872103E-03
-0.40091367E+02  0.25621924E-05  0.25621924E-05 -0.24918480E-03 -0.24918480E-03
-0.40000662E+02  0.25723287E-05  0.25723287E-05 -0.24965041E-03 -0.24965041E-03
-0.39909958E+02  0.25825277E-05  0.25825277E-05 -0.25011787E-03 -0.25011787E-03
-0.39819254E+02  0.25927900E-05  0.25927900E-05 -0.25058717E-03 -0.25058717E-03
-0.39728550E+02  0.26031163E-05  0.26031163E-05 -0.25105834E-03 -0.25105834E-03
-0.39637846E+02  0.26135069E-05  0.26135069E-05 -0.25153139E-03 -0.25153139E-03
-0.39547142E+02  0.26239626E-05  0.26239626E-05 -0.25200634E-03 -0.25200634E-03
-0.39456437E+02  0.26344838E-05  0.26344838E-05 -0.25248318E-03 -0.25248318E-03
-0.39365733E+02  0.26450711E-05  0.26450711E-05 -0.25296194E-03 -0.25296194E-03
-0.39275029E+02  0.26557244E-05  0.26557244E-05 -0.25344259E-03 -0.25344259E-03
-0.39184325E+02  0.26664456E-05  0.26664456E-05 -0.25392521E-03 -0.25392521E-03
-0.39093621E+02  0.26772347E-05  0.26772347E-05 -0.25440978E-03 -0.25440978E-03
-0.39002917E+02  0.26880922E-05  0.26880922E-05 -0.25489631E-03 -0.25489631E-03
-0.38912212E+02  0.26990187E-05  0.26990187E-05 -0.25538481E-03 -0.25538481E-03
-0.38821508E+02  0.27100149E-05  0.27100149E-05 -0.25587531E-03 -0.25587531E-03
-0.38730804E+02  0.27210813E-05  0.27210813E-05 -0.25636780E-03 -0.25636780E-03
-0.38640100E+02  0.27322185E-05  0.27322185E-05 -0.25686231E-03 -0.25686231E-03
-0.38549396E+02  0.27434272E-05  0.27434272E-05 -0.25735884E-03 -0.25735884E-03
-0.38458692E+02  0.27547081E-05  0.27547081E-05 -0.25785741E-03 -0.25785741E-03
-0.38367987E+02  0.27660616E-05  0.27660616E-05 -0.25835804E-03 -0.25835804E-03
-0.38277283E+02  0.27774886E-05  0.27774886E-05 -0.25886073E-03 -0.25886073E-03
-0.38186579E+02  0.27889896E-05  0.27889896E-05 -0.25936549E-03 -0.25936549E-03
-0.38095875E+02  0.28005653E-05  0.28005653E-05 -0.25987235E-03 -0.25987235E-03
-0.38005171E+02  0.28122164E-05  0.28122164E-05 -0.26038131E-03 -0.26038131E-03
-0.37914467E+02  0.28239436E-05  0.28239436E-05 -0.26089240E-03 -0.26089240E-03
-0.37823762E+02  0.28357471E-05  0.28357471E-05 -0.26140560E-03 -0.26140560E-03
-0.37733058E+02  0.28476285E-05  0.28476285E-05 -0.26192096E-03 -0.26192096E-03
-0.37642354E+02  0.28595879E-05  0.28595879E-05 -0.26243849E-03 -0.26243849E-03
-0.37551650E+02  0.28716262E-05  0.28716262E-05 -0.26295819E-03 -0.26295819E-03
-0.37460946E+02  0.28837441E-05  0.28837441E-05 -0.26348008E-03 -0.26348008E-03
-0.37370242E+02  0.28959422E-05  0.28959422E-05 -0.26400417E-03 -0.26400417E-03
-0.37279537E+02  0.29082210E-05  0.29082210E-05 -0.26453047E-03 -0.26453047E-03
-0.37188833E+02  0.29205818E-05  0.29205818E-05 -0.26505901E-03 -0.26505901E-03
-0.37098129E+02  0.29330252E-05  0.29330252E-05 -0.26558981E-03 -0.26558981E-03
-0.37007425E+02  0.29455518E-05  0.29455518E-05 -0.26612287E-03 -0.26612287E-03
-0.36916721E+02  0.29581625E-05  0.29581625E-05 -0.26665820E-03 -0.26665820E-03
-0.36826017E+02  0.29708579E-05  0.29708579E-05 -0.26719584E-03 -0.26719584E-03
-0.36735312E+02  0.29836390E-05  0.29836390E-05 -0.26773578E-03 -0.26773578E-03
-0.36644608E+02  0.29965063E-05  0.29965063E-05 -0.26827804E-03 -0.26827804E-03
-0.36553904E+02  0.30094608E-05  0.30094608E-05 -0.26882265E-03 -0.26882265E-03
-0.36463200E+02  0.30225030E-05  0.30225030E-05 -0.26936959E-03 -0.26936959E-03
-0.36372496E+02  0.30356344E-05  0.30356344E-05 -0.26991893E-03 -0.26991893E-03
-0.36281792E+02  0.30488555E-05  0.30488555E-05 -0.27047065E-03 -0.27047065E-03
-0.36191087E+02  0.30621670E-05  0.30621670E-05 -0.27102478E-03 -0.27102478E-03
-0.36100383E+02  0.30755699E-05  0.30755699E-05 -0.27158133E-03 -0.27158133E-03
-0.36009679E+02  0.30890650E-05  0.30890650E-05 -0.27214032E-03 -0.27214032E-03
-0.35918975E+02  0.31026532E-05  0.31026532E-05 -0.27270176E-03 -0.27270176E-03
-0.35828271E+02  0.31163354E-05  0.31163354E-05 -0.27326568E-03 -0.27326568E-03
-0.35737567E+02  0.31301124E-05  0.31301124E-05 -0.27383208E-03 -0.27383208E-03
-0.35646862E+02  0.31439848E-05  0.31439848E-05 -0.27440097E-03 -0.27440097E-03
-0.35556158E+02  0.31579543E-05  0.31579543E-05 -0.27497241E-03 -0.27497241E-03
-0.35465454E+02  0.31720214E-05  0.31720214E-05 -0.27554638E-03 -0.27554638E-03
-0.35374750E+02  0.31861871E-05  0.31861871E-05 -0.27612292E-03 -0.27612292E-03
-0.35284046E+02  0.32004523E-05  0.32004523E-05 -0.27670203E-03 -0.27670203E-03
-0.35193342E+02  0.32148179E-05  0.32148179E-05 -0.27728374E-03 -0.27728374E-03
-0.35102638E+02  0.32292850E-05  0.32292850E-05 -0.27786806E-03 -0.27786806E-03
-0.35011933E+02  0.32438544E-05  0.32438544E-05 -0.27845501E-03 -0.27845501E-03
-0.34921229E+02  0.32585274E-05  0.32585274E-05 -0.27904461E-03 -0.27904461E-03
-0.34830525E+02  0.32733043E-05  0.32733043E-05 -0.27963686E-03 -0.27963686E-03
-0.34739821E+02  0.32881872E-05  0.32881872E-05 -0.28023182E-03 -0.28023182E-03
-0.34649117E+02  0.33031766E-05  0.33031766E-05 -0.28082949E-03 -0.28082949E-03
-0.34558413E+02  0.33182736E-05  0.33182736E-05 -0.28142989E-03 -0.28142989E-03
-0.34467708E+02  0.33334792E-05  0.33334792E-05 -0.28203303E-03 -0.28203303E-03
-0.34377004E+02  0.33487944E-05  0.33487944E-05 -0.28263894E-03 -0.28263894E-03
-0.34286300E+02  0.33642205E-05  0.33642205E-05 -0.28324763E-03 -0.28324763E-03
-0.34195596E+02  0.33797585E-05  0.33797585E-05 -0.28385913E-03 -0.28385913E-03
-0.34104892E+02  0.33954095E-05  0.33954095E-05 -0.28447346E-03 -0.28447346E-03
-0.34014187E+02  0.34111742E-05  0.34111742E-05 -0.28509062E-03 -0.28509062E-03
-0.33923483E+02  0.34270546E-05  0.34270546E-05 -0.28571066E-03 -0.28571066E-03
-0.33832779E+02  0.34430515E-05  0.34430515E-05 -0.28633359E-03 -0.28633359E-03
-0.33742075E+02  0.34591660E-05  0.34591660E-05 -0.28695943E-03 -0.28695943E-03
-0.33651371E+02  0.34753994E-05  0.34753994E-05 -0.28758821E-03 -0.28758821E-03
-0.33560667E+02  0.34917528E-05  0.34917528E-05 -0.28821994E-03 -0.28821994E-03
-0.33469962E+02  0.35082275E-05  0.35082275E-05 -0.28885464E-03 -0.28885464E-03
-0.33379258E+02  0.35248245E-05  0.35248245E-05 -0.28949234E-03 -0.28949234E-03
-0.33288554E+02  0.35415450E-05  0.35415450E-05 -0.29013304E-03 -0.29013304E-03
-0.33197850E+02  0.35583909E-05  0.35583909E-05 -0.29077680E-03 -0.29077680E-03
-0.33107146E+02  0.35753632E-05  0.35753632E-05 -0.29142363E-03 -0.29142363E-03
-0.33016442E+02  0.35924632E-05  0.35924632E-05 -0.29207355E-03 -0.29207355E-03
-0.32925737E+02  0.36096920E-05  0.36096920E-05 -0.29272658E-03 -0.29272658E-03
-0.32835033E+02  0.36270512E-05  0.36270512E-05 -0.29338274E-03 -0.29338274E-03
-0.32744329E+02  0.36445421E-05  0.36445421E-05 -0.29404206E-03 -0.29404206E-03
-0.32653625E+02  0.36621659E-05  0.36621659E-05 -0.29470457E-03 -0.29470457E-03
-0.32562921E+02  0.36799242E-05  0.36799242E-05 -0.29537028E-03 -0.29537028E-03
-0.32472217E+02  0.36978178E-05  0.36978178E-05 -0.29603920E-03 -0.29603920E-03
-0.32381512E+02  0.37158492E-05  0.37158492E-05 -0.29671139E-03 -0.29671139E-03
-0.32290808E+02  0.37340193E-05  0.37340193E-05 -0.29738687E-03 -0.29738687E-03
-0.32200104E+02  0.37523297E-05  0.37523297E-05 -0.29806566E-03 -0.29806566E-03
-0.32109400E+02  0.37707817E-05  0.37707817E-05 -0.29874777E-03 -0.29874777E-03
-0.32018696E+02  0.37893770E-05  0.37893770E-05 -0.29943325E-03 -0.29943325E-03
-0.31927992E+02  0.38081169E-05  0.38081169E-05 -0.30012210E-03 -0.30012210E-03
-0.31837287E+02  0.38270032E-05  0.38270032E-05 -0.30081437E-03 -0.30081437E-03
-0.31746583E+02  0.38460372E-05  0.38460372E-05 -0.30151007E-03 -0.30151007E-03
-0.31655879E+02  0.38652202E-05  0.38652202E-05 -0.30220922E-03 -0.30220922E-03
-0.31565175E+02  0.38845549E-05  0.38845549E-05 -0.30291187E-03 -0.30291187E-03
-0.31474471E+02  0.39040423E-05  0.39040423E-05 -0.30361805E-03 -0.30361805E-03
-0.31383767E+02  0.39236842E-05  0.39236842E-05 -0.30432777E-03 -0.30432777E-03
-0.31293062E+02  0.39434821E-05  0.39434821E-05 -0.30504107E-03 -0.30504107E-03
-0.31202358E+02  0.39634378E-05  0.39634378E-05 -0.30575797E-03 -0.30575797E-03
-0.31111654E+02  0.39835531E-05  0.39835531E-05 -0.30647850E-03 -0.30647850E-03
-0.31020950E+02  0.40038296E-05  0.40038296E-05 -0.30720269E-03 -0.30720269E-03
-0.30930246E+02  0.40242692E-05  0.40242692E-05 -0.30793057E-03 -0.30793057E-03
-0.30839542E+02  0.40448731E-05  0.40448731E-05 -0.30866215E-03 -0.30866215E-03
-0.30748837E+02  0.40656444E-05  0.40656444E-05 -0.30939750E-03 -0.30939750E-03
-0.30658133E+02  0.40865842E-05  0.40865842E-05 -0.31013663E-03 -0.31013663E-03
-0.30567429E+02  0.41076945E-05  0.41076945E-05 -0.31087957E-03 -0.31087957E-03
-0.30476725E+02  0.41289772E-05  0.41289772E-05 -0.31162635E-03 -0.31162635E-03
-0.30386021E+02  0.41504343E-05  0.41504343E-05 -0.31237701E-03 -0.31237701E-03
-0.30295317E+02  0.41720676E-05  0.41720676E-05 -0.31313157E-03 -0.31313157E-03
-0.30204612E+02  0.41938793E-05  0.41938793E-05 -0.31389006E-03 -0.31389006E-03
-0.30113908E+02  0.42158711E-05  0.42158711E-05 -0.31465253E-03 -0.31465253E-03
-0.30023204E+02  0.42380448E-05  0.42380448E-05 -0.31541897E-03 -0.31541897E-03
-0.29932500E+02  0.42604037E-05  0.42604037E-05 -0.31618947E-03 -0.31618947E-03
-0.29841796E+02  0.42829492E-05  0.42829492E-05 -0.31696405E-03 -0.31696405E-03
-0.29751092E+02  0.43056835E-05  0.43056835E-05 -0.31774272E-03 -0.31774272E-03
-0.29660387E+02  0.43286087E-05  0.43286087E-05 -0.31852554E-03 -0.31852554E-03
-0.29569683E+02  0.43517270E-05  0.43517270E-05 -0.31931252E-03 -0.31931252E-03
-0.29478979E+02  0.43750408E-05  0.43750408E-05 -0.32010371E-03 -0.32010371E-03
-0.29388275E+02  0.43985523E-05  0.43985523E-05 -0.32089915E-03 -0.32089915E-03
-0.29297571E+02  0.44222637E-05  0.44222637E-05 -0.32169887E-03 -0.32169887E-03
-0.29206867E+02  0.44461768E-05  0.44461768E-05 -0.32250287E-03 -0.32250287E-03
-0.29116162E+02  0.44702954E-05  0.44702954E-05 -0.32331125E-03 -0.32331125E-03
-0.29025458E+02  0.44946211E-05  0.44946211E-05 -0.32412403E-03 -0.32412403E-03
-0.28934754E+02  0.45191564E-05  0.45191564E-05 -0.32494123E-03 -0.32494123E-03
-0.28844050E+02  0.45439038E-05  0.45439038E-05 -0.32576289E-03 -0.32576289E-03
-0.28753346E+02  0.45688659E-05  0.45688659E-05 -0.32658906E-03 -0.32658906E-03
-0.28662642E+02  0.45940452E-05  0.45940452E-05 -0.32741977E-03 -0.32741977E-03
-0.28571937E+02  0.46194443E-05  0.46194443E-05 -0.32825507E-03 -0.32825507E-03
-0.28481233E+02  0.46450657E-05  0.46450657E-05 -0.32909498E-03 -0.32909498E-03
-0.28390529E+02  0.46709117E-05  0.46709117E-05 -0.32993954E-03 -0.32993954E-03
-0.28299825E+02  0.46969865E-05  0.46969865E-05 -0.33078882E-03 -0.33078882E-03
-0.28209121E+02  0.47232919E-05  0.47232919E-05 -0.33164286E-03 -0.33164286E-03
-0.28118417E+02  0.47498307E-05  0.47498307E-05 -0.33250167E-03 -0.33250167E-03
-0.28027712E+02  0.47766060E-05  0.47766060E-05 -0.33336532E-03 -0.33336532E-03
-0.27937008E+02  0.48036205E-05  0.48036205E-05 -0.33423385E-03 -0.33423385E-03
-0.27846304E+02  0.48308773E-05  0.48308773E-05 -0.33510729E-03 -0.33510729E-03
-0.27755600E+02  0.48583793E-05  0.48583793E-05 -0.33598569E-03 -0.33598569E-03
-0.27664896E+02  0.48861296E-05  0.48861296E-05 -0.33686910E-03 -0.33686910E-03
-0.27574192E+02  0.49141305E-05  0.49141305E-05 -0.33775753E-03 -0.33775753E-03
-0.27483487E+02  0.49423868E-05  0.49423868E-05 -0.33865108E-03 -0.33865108E-03
-0.27392783E+02  0.49709007E-05  0.49709007E-05 -0.33954978E-03 -0.33954978E-03
-0.27302079E+02  0.49996755E-05  0.49996755E-05 -0.34045367E-03 -0.34045367E-03
-0.27211375E+02  0.50287147E-05  0.50287147E-05 -0.34136280E-03 -0.34136280E-03
-0.27120671E+02  0.50580216E-05  0.50580216E-05 -0.34227721E-03 -0.34227721E-03
-0.27029967E+02  0.50875995E-05  0.50875995E-05 -0.34319696E-03 -0.34319696E-03
-0.26939262E+02  0.51174520E-05  0.51174520E-05 -0.34412209E-03 -0.34412209E-03
-0.26848558E+02  0.51475825E-05  0.51475825E-05 -0.34505266E-03 -0.34505266E-03
-0.26757854E+02  0.51779937E-05  0.51779937E-05 -0.34598868E-03 -0.34598868E-03
-0.26667150E+02  0.52086910E-05  0.52086910E-05 -0.34693027E-03 -0.34693027E-03
-0.26576446E+02  0.52396774E-05  0.52396774E-05 -0.34787744E-03 -0.34787744E-03
-0.26485742E+02  0.52709562E-05  0.52709562E-05 -0.34883026E-03 -0.34883026E-03
-0.26395037E+02  0.53025318E-05  0.53025318E-05 -0.34978877E-03 -0.34978877E-03
-0.26304333E+02  0.53344078E-05  0.53344078E-05 -0.35075302E-03 -0.35075302E-03
-0.26213629E+02  0.53665882E-05  0.53665882E-05 -0.35172308E-03 -0.35172308E-03
-0.26122925E+02  0.53990770E-05  0.53990770E-05 -0.35269900E-03 -0.35269900E-03
-0.26032221E+02  0.54318783E-05  0.54318783E-05 -0.35368084E-03 -0.35368084E-03
-0.25941517E+02  0.54649953E-05  0.54649953E-05 -0.35466861E-03 -0.35466861E-03
-0.25850812E+02  0.54984341E-05  0.54984341E-05 -0.35566245E-03 -0.35566245E-03
-0.25760108E+02  0.55321981E-05  0.55321981E-05 -0.35666237E-03 -0.35666237E-03
-0.25669404E+02  0.55662915E-05  0.55662915E-05 -0.35766843E-03 -0.35766843E-03
-0.25578700E+02  0.56007190E-05  0.56007190E-05 -0.35868071E-03 -0.35868071E-03
-0.25487996E+02  0.56354851E-05  0.56354851E-05 -0.35969925E-03 -0.35969925E-03
-0.25397292E+02  0.56705942E-05  0.56705942E-05 -0.36072412E-03 -0.36072412E-03
-0.25306587E+02  0.57060513E-05  0.57060513E-05 -0.36175539E-03 -0.36175539E-03
-0.25215883E+02  0.57418609E-05  0.57418609E-05 -0.36279311E-03 -0.36279311E-03
-0.25125179E+02  0.57780268E-05  0.57780268E-05 -0.36383731E-03 -0.36383731E-03
-0.25034475E+02  0.58145562E-05  0.58145562E-05 -0.36488814E-03 -0.36488814E-03
-0.24943771E+02  0.58514530E-05  0.58514530E-05 -0.36594561E-03 -0.36594561E-03
-0.24853067E+02  0.58887220E-05  0.58887220E-05 -0.36700980E-03 -0.36700980E-03
-0.24762362E+02  0.59263690E-05  0.59263690E-05 -0.36808077E-03 -0.36808077E-03
-0.24671658E+02  0.59643990E-05  0.59643990E-05 -0.36915861E-03 -0.36915861E-03
-0.24580954E+02  0.60028173E-05  0.60028173E-05 -0.37024336E-03 -0.37024336E-03
-0.24490250E+02  0.60416296E-05  0.60416296E-05 -0.37133511E-03 -0.37133511E-03
-0.24399546E+02  0.60808413E-05  0.60808413E-05 -0.37243393E-03 -0.37243393E-03
-0.24308842E+02  0.61204570E-05  0.61204570E-05 -0.37353985E-03 -0.37353985E-03
-0.24218137E+02  0.61604849E-05  0.61604849E-05 -0.37465302E-03 -0.37465302E-03
-0.24127433E+02  0.62009295E-05  0.62009295E-05 -0.37577348E-03 -0.37577348E-03
-0.24036729E+02  0.62417968E-05  0.62417968E-05 -0.37690130E-03 -0.37690130E-03
-0.23946025E+02  0.62830933E-05  0.62830933E-05 -0.37803656E-03 -0.37803656E-03
-0.23855321E+02  0.63248250E-05  0.63248250E-05 -0.37917934E-03 -0.37917934E-03
-0.23764617E+02  0.63669982E-05  0.63669982E-05 -0.38032973E-03 -0.38032973E-03
-0.23673912E+02  0.64096195E-05  0.64096195E-05 -0.38148779E-03 -0.38148779E-03
-0.23583208E+02  0.64526953E-05  0.64526953E-05 -0.38265361E-03 -0.38265361E-03
-0.23492504E+02  0.64962313E-05  0.64962313E-05 -0.38382724E-03 -0.38382724E-03
-0.23401800E+02  0.65402367E-05  0.65402367E-05 -0.38500883E-03 -0.38500883E-03
-0.23311096E+02  0.65847171E-05  0.65847171E-05 -0.38619843E-03 -0.38619843E-03
-0.23220392E+02  0.66296796E-05  0.66296796E-05 -0.38739613E-03 -0.38739613E-03
-0.23129687E+02  0.66751317E-05  0.66751317E-05 -0.38860203E-03 -0.38860203E-03
-0.23038983E+02  0.67210807E-05  0.67210807E-05 -0.38981620E-03 -0.38981620E-03
-0.22948279E+02  0.67675341E-05  0.67675341E-05 -0.39103873E-03 -0.39103873E-03
-0.22857575E+02  0.68144995E-05  0.68144995E-05 -0.39226973E-03 -0.39226973E-03
-0.22766871E+02  0.68619834E-05  0.68619834E-05 -0.39350924E-03 -0.39350924E-03
-0.22676167E+02  0.69099964E-05  0.69099964E-05 -0.39475743E-03 -0.39475743E-03
-0.22585462E+02  0.69585453E-05  0.69585453E-05 -0.39601437E-03 -0.39601437E-03
-0.22494758E+02  0.70076385E-05  0.70076385E-05 -0.39728015E-03 -0.39728015E-03
-0.22404054E+02  0.70572839E-05  0.70572839E-05 -0.39855486E-03 -0.39855486E-03
-0.22313350E+02  0.71074910E-05  0.71074910E-05 -0.39983863E-03 -0.39983863E-03
-0.22222646E+02  0.71582681E-05  0.71582681E-05 -0.40113153E-03 -0.40113153E-03
-0.22131942E+02  0.72096243E-05  0.72096243E-05 -0.40243368E-03 -0.40243368E-03
-0.22041237E+02  0.72615686E-05  0.72615686E-05 -0.40374518E-03 -0.40374518E-03
-0.21950533E+02  0.73141089E-05  0.73141089E-05 -0.40506611E-03 -0.40506611E-03
-0.21859829E+02  0.73672577E-05  0.73672577E-05 -0.40639664E-03 -0.40639664E-03
-0.21769125E+02  0.74210231E-05  0.74210231E-05 -0.40773685E-03 -0.40773685E-03
-0.21678421E+02  0.74754149E-05  0.74754149E-05 -0.40908685E-03 -0.40908685E-03
-0.21587717E+02  0.75304438E-05  0.75304438E-05 -0.41044676E-03 -0.41044676E-03
-0.21497012E+02  0.75861197E-05  0.75861197E-05 -0.41181669E-03 -0.41181669E-03
-0.21406308E+02  0.76424532E-05  0.76424532E-05 -0.41319676E-03 -0.41319676E-03
-0.21315604E+02  0.76994551E-05  0.76994551E-05 -0.41458709E-03 -0.41458709E-03
-0.21224900E+02  0.77571363E-05  0.77571363E-05 -0.41598781E-03 -0.41598781E-03
-0.21134196E+02  0.78155065E-05  0.78155065E-05 -0.41739898E-03 -0.41739898E-03
-0.21043492E+02  0.78745803E-05  0.78745803E-05 -0.41882083E-03 -0.41882083E-03
-0.20952787E+02  0.79343677E-05  0.79343677E-05 -0.42025344E-03 -0.42025344E-03
-0.20862083E+02  0.79948804E-05  0.79948804E-05 -0.42169693E-03 -0.42169693E-03
-0.20771379E+02  0.80561314E-05  0.80561314E-05 -0.42315145E-03 -0.42315145E-03
-0.20680675E+02  0.81181327E-05  0.81181327E-05 -0.42461713E-03 -0.42461713E-03
-0.20589971E+02  0.81808971E-05  0.81808971E-05 -0.42609410E-03 -0.42609410E-03
-0.20499267E+02  0.82444375E-05  0.82444375E-05 -0.42758250E-03 -0.42758250E-03
-0.20408562E+02  0.83087673E-05  0.83087673E-05 -0.42908247E-03 -0.42908247E-03
-0.20317858E+02  0.83738981E-05  0.83738981E-05 -0.43059412E-03 -0.43059412E-03
-0.20227154E+02  0.84398476E-05  0.84398476E-05 -0.43211767E-03 -0.43211767E-03
-0.20136450E+02  0.85066281E-05  0.85066281E-05 -0.43365324E-03 -0.43365324E-03
-0.20045746E+02  0.85742536E-05  0.85742536E-05 -0.43520097E-03 -0.43520097E-03
-0.19955042E+02  0.86427400E-05  0.86427400E-05 -0.43676102E-03 -0.43676102E-03
-0.19864337E+02  0.87121019E-05  0.87121019E-05 -0.43833354E-03 -0.43833354E-03
-0.19773633E+02  0.87823549E-05  0.87823549E-05 -0.43991870E-03 -0.43991870E-03
-0.19682929E+02  0.88535147E-05  0.88535147E-05 -0.44151666E-03 -0.44151666E-03
-0.19592225E+02  0.89255977E-05  0.89255977E-05 -0.44312758E-03 -0.44312758E-03
-0.19501521E+02  0.89986183E-05  0.89986183E-05 -0.44475158E-03 -0.44475158E-03
-0.19410817E+02  0.90725977E-05  0.90725977E-05 -0.44638893E-03 -0.44638893E-03
-0.19320112E+02  0.91475510E-05  0.91475510E-05 -0.44803976E-03 -0.44803976E-03
-0.19229408E+02  0.92234957E-05  0.92234957E-05 -0.44970423E-03 -0.44970423E-03
-0.19138704E+02  0.93004509E-05  0.93004509E-05 -0.45138255E-03 -0.45138255E-03
-0.19048000E+02  0.93784349E-05  0.93784349E-05 -0.45307488E-03 -0.45307488E-03
-0.18957296E+02  0.94574665E-05  0.94574665E-05 -0.45478142E-03 -0.45478142E-03
-0.18866592E+02  0.95375653E-05  0.95375653E-05 -0.45650236E-03 -0.45650236E-03
-0.18775887E+02  0.96187513E-05  0.96187513E-05 -0.45823789E-03 -0.45823789E-03
-0.18685183E+02  0.97010427E-05  0.97010427E-05 -0.45998816E-03 -0.45998816E-03
-0.18594479E+02  0.97844649E-05  0.97844649E-05 -0.46175347E-03 -0.46175347E-03
-0.18503775E+02  0.98690371E-05  0.98690371E-05 -0.46353398E-03 -0.46353398E-03
-0.18413071E+02  0.99547807E-05  0.99547807E-05 -0.46532988E-03 -0.46532988E-03
-0.18322367E+02  0.10041720E-04  0.10041720E-04 -0.46714142E-03 -0.46714142E-03
-0.18231662E+02  0.10129876E-04  0.10129876E-04 -0.46896880E-03 -0.46896880E-03
-0.18140958E+02  0.10219274E-04  0.10219274E-04 -0.47081223E-03 -0.47081223E-03
-0.18050254E+02  0.10309937E-04  0.10309937E-04 -0.47267196E-03 -0.47267196E-03
-0.17959550E+02  0.10401890E-04  0.10401890E-04 -0.47454820E-03 -0.47454820E-03
-0.17868846E+02  0.10495157E-04  0.10495157E-04 -0.47644113E-03 -0.47644113E-03
-0.17778142E+02  0.10589768E-04  0.10589768E-04 -0.47835112E-03 -0.47835112E-03
-0.17687437E+02  0.10685748E-04  0.10685748E-04 -0.48027834E-03 -0.48027834E-03
-0.17596733E+02  0.10783123E-04  0.10783123E-04 -0.48222304E-03 -0.48222304E-03
-0.17506029E+02  0.10881923E-04  0.10881923E-04 -0.48418549E-03 -0.48418549E-03
-0.17415325E+02  0.10982176E-04  0.10982176E-04 -0.48616594E-03 -0.48616594E-03
-0.17324621E+02  0.11083913E-04  0.11083913E-04 -0.48816466E-03 -0.48816466E-03
-0.17233917E+02  0.11187162E-04  0.11187162E-04 -0.49018191E-03 -0.49018191E-03
-0.17143212E+02  0.11291956E-04  0.11291956E-04 -0.49221797E-03 -0.49221797E-03
-0.17052508E+02  0.11398323E-04  0.11398323E-04 -0.49427307E-03 -0.49427307E-03
-0.16961804E+02  0.11506302E-04  0.11506302E-04 -0.49634760E-03 -0.49634760E-03
-0.16871100E+02  0.11615925E-04  0.11615925E-04 -0.49844182E-03 -0.49844182E-03
-0.16780396E+02  0.11727225E-04  0.11727225E-04 -0.50055599E-03 -0.50055599E-03
-0.16689692E+02  0.11840239E-04  0.11840239E-04 -0.50269045E-03 -0.50269045E-03
-0.16598987E+02  0.11955003E-04  0.11955003E-04 -0.50484551E-03 -0.50484551E-03
-0.16508283E+02  0.12071554E-04  0.12071554E-04 -0.50702148E-03 -0.50702148E-03
-0.16417579E+02  0.12189932E-04  0.12189932E-04 -0.50921868E-03 -0.50921868E-03
-0.16326875E+02  0.12310176E-04  0.12310176E-04 -0.51143745E-03 -0.51143745E-03
-0.16236171E+02  0.12432323E-04  0.12432323E-04 -0.51367807E-03 -0.51367807E-03
-0.16145467E+02  0.12556422E-04  0.12556422E-04 -0.51594100E-03 -0.51594100E-03
-0.16054762E+02  0.12682513E-04  0.12682513E-04 -0.51822655E-03 -0.51822655E-03
-0.15964058E+02  0.12810638E-04  0.12810638E-04 -0.52053507E-03 -0.52053507E-03
-0.15873354E+02  0.12940847E-04  0.12940847E-04 -0.52286694E-03 -0.52286694E-03
-0.15782650E+02  0.13073185E-04  0.13073185E-04 -0.52522254E-03 -0.52522254E-03
-0.15691946E+02  0.13207699E-04  0.13207699E-04 -0.52760225E-03 -0.52760225E-03
-0.15601242E+02  0.13344440E-04  0.13344440E-04 -0.53000647E-03 -0.53000647E-03
-0.15510537E+02  0.13483460E-04  0.13483460E-04 -0.53243561E-03 -0.53243561E-03
-0.15419833E+02  0.13624805E-04  0.13624805E-04 -0.53489001E-03 -0.53489001E-03
-0.15329129E+02  0.13768540E-04  0.13768540E-04 -0.53737023E-03 -0.53737023E-03
-0.15238425E+02  0.13914714E-04  0.13914714E-04 -0.53987665E-03 -0.53987665E-03
-0.15147721E+02  0.14063386E-04  0.14063386E-04 -0.54240968E-03 -0.54240968E-03
-0.15057017E+02  0.14214616E-04  0.14214616E-04 -0.54496982E-03 -0.54496982E-03
-0.14966312E+02  0.14368465E-04  0.14368465E-04 -0.54755752E-03 -0.54755752E-03
-0.14875608E+02  0.14524995E-04  0.14524995E-04 -0.55017326E-03 -0.55017326E-03
-0.14784904E+02  0.14684271E-04  0.14684271E-04 -0.55281751E-03 -0.55281751E-03
-0.14694200E+02  0.14846360E-04  0.14846360E-04 -0.55549079E-03 -0.55549079E-03
-0.14603496E+02  0.15011327E-04  0.15011327E-04 -0.55819353E-03 -0.55819353E-03
-0.14512792E+02  0.15179251E-04  0.15179251E-04 -0.56092640E-03 -0.56092640E-03
-0.14422087E+02  0.15350201E-04  0.15350201E-04 -0.56368988E-03 -0.56368988E-03
-0.14331383E+02  0.15524253E-04  0.15524253E-04 -0.56648448E-03 -0.56648448E-03
-0.14240679E+02  0.15701487E-04  0.15701487E-04 -0.56931083E-03 -0.56931083E-03
-0.14149975E+02  0.15881981E-04  0.15881981E-04 -0.57216946E-03 -0.57216946E-03
-0.14059271E+02  0.16065821E-04  0.16065821E-04 -0.57506099E-03 -0.57506099E-03
-0.13968567E+02  0.16253091E-04  0.16253091E-04 -0.57798601E-03 -0.57798601E-03
-0.13877862E+02  0.16443880E-04  0.16443880E-04 -0.58094516E-03 -0.58094516E-03
-0.13787158E+02  0.16638276E-04  0.16638276E-04 -0.58393899E-03 -0.58393899E-03
-0.13696454E+02  0.16836382E-04  0.16836382E-04 -0.58696832E-03 -0.58696832E-03
-0.13605750E+02  0.17038293E-04  0.17038293E-04 -0.59003375E-03 -0.59003375E-03
-0.13515046E+02  0.17244109E-04  0.17244109E-04 -0.59313595E-03 -0.59313595E-03
-0.13424342E+02  0.17453937E-04  0.17453937E-04 -0.59627568E-03 -0.59627568E-03
-0.13333637E+02  0.17667884E-04  0.17667884E-04 -0.59945364E-03 -0.59945364E-03
-0.13242933E+02  0.17886063E-04  0.17886063E-04 -0.60267058E-03 -0.60267058E-03
-0.13152229E+02  0.18108590E-04  0.18108590E-04 -0.60592728E-03 -0.60592728E-03
-0.13061525E+02  0.18335581E-04  0.18335581E-04 -0.60922443E-03 -0.60922443E-03
-0.12970821E+02  0.18567170E-04  0.18567170E-04 -0.61256303E-03 -0.61256303E-03
-0.12880117E+02  0.18803480E-04  0.18803480E-04 -0.61594383E-03 -0.61594383E-03
-0.12789412E+02  0.19044648E-04  0.19044648E-04 -0.61936768E-03 -0.61936768E-03
-0.12698708E+02  0.19290808E-04  0.19290808E-04 -0.62283545E-03 -0.62283545E-03
-0.12608004E+02  0.19542108E-04  0.19542108E-04 -0.62634810E-03 -0.62634810E-03
-0.12517300E+02  0.19798697E-04  0.19798697E-04 -0.62990653E-03 -0.62990653E-03
-0.12426596E+02  0.20060728E-04  0.20060728E-04 -0.63351171E-03 -0.63351171E-03
-0.12335892E+02  0.20328362E-04  0.20328362E-04 -0.63716463E-03 -0.63716463E-03
-0.12245187E+02  0.20601758E-04  0.20601758E-04 -0.64086620E-03 -0.64086620E-03
-0.12154483E+02  0.20881104E-04  0.20881104E-04 -0.64461769E-03 -0.64461769E-03
-0.12063779E+02  0.21166570E-04  0.21166570E-04 -0.64842006E-03 -0.64842006E-03
-0.11973075E+02  0.21458344E-04  0.21458344E-04 -0.65227441E-03 -0.65227441E-03
-0.11882371E+02  0.21756622E-04  0.21756622E-04 -0.65618194E-03 -0.65618194E-03
-0.11791667E+02  0.22061604E-04  0.22061604E-04 -0.66014381E-03 -0.66014381E-03
-0.11700962E+02  0.22373500E-04  0.22373500E-04 -0.66416124E-03 -0.66416124E-03
-0.11610258E+02  0.22692527E-04  0.22692527E-04 -0.66823548E-03 -0.66823548E-03
-0.11519554E+02  0.23018913E-04  0.23018913E-04 -0.67236783E-03 -0.67236783E-03
-0.11428850E+02  0.23352885E-04  0.23352885E-04 -0.67655952E-03 -0.67655952E-03
-0.11338146E+02  0.23694705E-04  0.23694705E-04 -0.68081215E-03 -0.68081215E-03
-0.11247442E+02  0.24044621E-04  0.24044621E-04 -0.68512703E-03 -0.68512703E-03
-0.11156737E+02  0.24402898E-04  0.24402898E-04 -0.68950562E-03 -0.68950562E-03
-0.11066033E+02  0.24769820E-04  0.24769820E-04 -0.69394949E-03 -0.69394949E-03
-0.10975329E+02  0.25145673E-04  0.25145673E-04 -0.69846018E-03 -0.69846018E-03
-0.10884625E+02  0.25530762E-04  0.25530762E-04 -0.70303931E-03 -0.70303931E-03
-0.10793921E+02  0.25925400E-04  0.25925400E-04 -0.70768857E-03 -0.70768857E-03
-0.10703217E+02  0.26329919E-04  0.26329919E-04 -0.71240969E-03 -0.71240969E-03
-0.10612512E+02  0.26744657E-04  0.26744657E-04 -0.71720440E-03 -0.71720440E-03
-0.10521808E+02  0.27169985E-04  0.27169985E-04 -0.72207469E-03 -0.72207469E-03
-0.10431104E+02  0.27606267E-04  0.27606267E-04 -0.72702234E-03 -0.72702234E-03
-0.10340400E+02  0.28053905E-04  0.28053905E-04 -0.73204945E-03 -0.73204945E-03
-0.10249696E+02  0.28513314E-04  0.28513314E-04 -0.73715809E-03 -0.73715809E-03
-0.10158992E+02  0.28984919E-04  0.28984919E-04 -0.74235035E-03 -0.74235035E-03
-0.10068287E+02  0.29469173E-04  0.29469173E-04 -0.74762846E-03 -0.74762846E-03
-0.99775833E+01  0.29966542E-04  0.29966542E-04 -0.75299463E-03 -0.75299463E-03
-0.98868792E+01  0.30477533E-04  0.30477533E-04 -0.75845139E-03 -0.75845139E-03
-0.97961750E+01  0.31002660E-04  0.31002660E-04 -0.76400113E-03 -0.76400113E-03
-0.97054708E+01  0.31542469E-04  0.31542469E-04 -0.76964643E-03 -0.76964643E-03
-0.96147667E+01  0.32097524E-04  0.32097524E-04 -0.77538987E-03 -0.77538987E-03
-0.95240625E+01  0.32668436E-04  0.32668436E-04 -0.78123432E-03 -0.78123432E-03
-0.94333583E+01  0.33255841E-04  0.33255841E-04 -0.78718267E-03 -0.78718267E-03
-0.93426542E+01  0.33860397E-04  0.33860397E-04 -0.79323788E-03 -0.79323788E-03
-0.92519500E+01  0.34482803E-04  0.34482803E-04 -0.79940303E-03 -0.79940303E-03
-0.91612458E+01  0.35123788E-04  0.35123788E-04 -0.80568130E-03 -0.80568130E-03
-0.90705417E+01  0.35784140E-04  0.35784140E-04 -0.81207619E-03 -0.81207619E-03
-0.89798375E+01  0.36464669E-04  0.36464669E-04 -0.81859115E-03 -0.81859115E-03
-0.88891333E+01  0.37166236E-04  0.37166236E-04 -0.82522982E-03 -0.82522982E-03
-0.87984292E+01  0.37889739E-04  0.37889739E-04 -0.83199592E-03 -0.83199592E-03
-0.87077250E+01  0.38636149E-04  0.38636149E-04 -0.83889354E-03 -0.83889354E-03
-0.86170208E+01  0.39406484E-04  0.39406484E-04 -0.84592685E-03 -0.84592685E-03
-0.85263167E+01  0.40201809E-04  0.40201809E-04 -0.85310011E-03 -0.85310011E-03
-0.84356125E+01  0.41023257E-04  0.41023257E-04 -0.86041785E-03 -0.86041785E-03
-0.83449083E+01  0.41872018E-04  0.41872018E-04 -0.86788468E-03 -0.86788468E-03
-0.82542042E+01  0.42749380E-04  0.42749380E-04 -0.87550573E-03 -0.87550573E-03
-0.81635000E+01  0.43656681E-04  0.43656681E-04 -0.88328607E-03 -0.88328607E-03
-0.80727958E+01  0.44595350E-04  0.44595350E-04 -0.89123107E-03 -0.89123107E-03
-0.79820917E+01  0.45566898E-04  0.45566898E-04 -0.89934633E-03 -0.89934633E-03
-0.78913875E+01  0.46572945E-04  0.46572945E-04 -0.90763789E-03 -0.90763789E-03
-0.78006833E+01  0.47615218E-04  0.47615218E-04 -0.91611200E-03 -0.91611200E-03
-0.77099792E+01  0.48695530E-04  0.48695530E-04 -0.92477511E-03 -0.92477511E-03
-0.76192750E+01  0.49815829E-04  0.49815829E-04 -0.93363407E-03 -0.93363407E-03
-0.75285708E+01  0.50978174E-04  0.50978174E-04 -0.94269596E-03 -0.94269596E-03
-0.74378667E+01  0.52184803E-04  0.52184803E-04 -0.95196856E-03 -0.95196856E-03
-0.73471625E+01  0.53438066E-04  0.53438066E-04 -0.96145969E-03 -0.96145969E-03
-0.72564583E+01  0.54740489E-04  0.54740489E-04 -0.97117773E-03 -0.97117773E-03
-0.71657542E+01  0.56094771E-04  0.56094771E-04 -0.98113139E-03 -0.98113139E-03
-0.70750500E+01  0.57503817E-04  0.57503817E-04 -0.99133009E-03 -0.99133009E-03
-0.69843458E+01  0.58970753E-04  0.58970753E-04 -0.10017837E-02 -0.10017837E-02
-0.68936417E+01  0.60498901E-04  0.60498901E-04 -0.10125025E-02 -0.10125025E-02
-0.68029375E+01  0.62091851E-04  0.62091851E-04 -0.10234974E-02 -0.10234974E-02
-0.67122333E+01  0.63753444E-04  0.63753444E-04 -0.10347799E-02 -0.10347799E-02
-0.66215292E+01  0.65487873E-04  0.65487873E-04 -0.10463624E-02 -0.10463624E-02
-0.65308250E+01  0.67299606E-04  0.67299606E-04 -0.10582578E-02 -0.10582578E-02
-0.64401208E+01  0.69193487E-04  0.69193487E-04 -0.10704798E-02 -0.10704798E-02
-0.63494167E+01  0.71174748E-04  0.71174748E-04 -0.10830429E-02 -0.10830429E-02
-0.62587125E+01  0.73249073E-04  0.73249073E-04 -0.10959627E-02 -0.10959627E-02
-0.61680083E+01  0.75422645E-04  0.75422645E-04 -0.11092559E-02 -0.11092559E-02
-0.60773042E+01  0.77702125E-04  0.77702125E-04 -0.11229399E-02 -0.11229399E-02
-0.59866000E+01  0.80094766E-04  0.80094766E-04 -0.11370332E-02 -0.11370332E-02
-0.58958958E+01  0.82608533E-04  0.82608533E-04 -0.11515560E-02 -0.11515560E-02
-0.58051917E+01  0.85252047E-04  0.85252047E-04 -0.11665296E-02 -0.11665296E-02
-0.57144875E+01  0.88034753E-04  0.88034753E-04 -0.11819766E-02 -0.11819766E-02
-0.56237833E+01  0.90966996E-04  0.90966996E-04 -0.11979215E-02 -0.11979215E-02
-0.55330792E+01  0.94060109E-04  0.94060109E-04 -0.12143903E-02 -0.12143903E-02
-0.54423750E+01  0.97326573E-04  0.97326573E-04 -0.12314110E-02 -0.12314110E-02
-0.53516708E+01  0.10078017E-03  0.10078017E-03 -0.12490141E-02 -0.12490141E-02
-0.52609667E+01  0.10443600E-03  0.10443600E-03 -0.12672318E-02 -0.12672318E-02
-0.51702625E+01  0.10831081E-03  0.10831081E-03 -0.12860987E-02 -0.12860987E-02
-0.50795583E+01  0.11242323E-03  0.11242323E-03 -0.13056531E-02 -0.13056531E-02
-0.49888542E+01  0.11679384E-03  0.11679384E-03 -0.13259354E-02 -0.13259354E-02
-0.48981500E+01  0.12144561E-03  0.12144561E-03 -0.13469897E-02 -0.13469897E-02
-0.48074458E+01  0.12640417E-03  0.12640417E-03 -0.13688637E-02 -0.13688637E-02
-0.47167417E+01  0.13169820E-03  0.13169820E-03 -0.13916092E-02 -0.13916092E-02
-0.46260375E+01  0.13735992E-03  0.13735992E-03 -0.14152828E-02 -0.14152828E-02
-0.45353333E+01  0.14342565E-03  0.14342565E-03 -0.14399463E-02 -0.14399463E-02
-0.44446292E+01  0.14993627E-03  0.14993627E-03 -0.14656664E-02 -0.14656664E-02
-0.43539250E+01  0.15693809E-03  0.15693809E-03 -0.14925164E-02 -0.14925164E-02
-0.42632208E+01  0.16448390E-03  0.16448390E-03 -0.15205770E-02 -0.15205770E-02
-0.41725167E+01  0.17263373E-03  0.17263373E-03 -0.15499363E-02 -0.15499363E-02
-0.40818125E+01  0.18145640E-03  0.18145640E-03 -0.15806912E-02 -0.15806912E-02
-0.39911083E+01  0.19103090E-03  0.19103090E-03 -0.16129484E-02 -0.16129484E-02
-0.39004042E+01  0.20144846E-03  0.20144846E-03 -0.16468258E-02 -0.16468258E-02
-0.38097000E+01  0.21281476E-03  0.21281476E-03 -0.16824539E-02 -0.16824539E-02
-0.37189958E+01  0.22525308E-03  0.22525308E-03 -0.17199774E-02 -0.17199774E-02
-0.36282917E+01  0.23890725E-03  0.23890725E-03 -0.17595562E-02 -0.17595562E-02
-0.35375875E+01  0.25394654E-03  0.25394654E-03 -0.18013679E-02 -0.18013679E-02
-0.34468833E+01  0.27057128E-03  0.27057128E-03 -0.18456111E-02 -0.18456111E-02
-0.33561792E+01  0.28901930E-03  0.28901930E-03 -0.18925056E-02 -0.18925056E-02
-0.32654750E+01  0.30957532E-03  0.30957532E-03 -0.19422966E-02 -0.19422966E-02
-0.31747708E+01  0.33258174E-03  0.33258174E-03 -0.19952565E-02 -0.19952565E-02
-0.30840667E+01  0.35845362E-03  0.35845362E-03 -0.20516871E-02 -0.20516871E-02
-0.29933625E+01  0.38769720E-03  0.38769720E-03 -0.21119227E-02 -0.21119227E-02
-0.29026583E+01  0.42093509E-03  0.42093509E-03 -0.21763298E-02 -0.21763298E-02
-0.28119542E+01  0.45893718E-03  0.45893718E-03 -0.22453043E-02 -0.22453043E-02
-0.27212500E+01  0.50266413E-03  0.50266413E-03 -0.23192663E-02 -0.23192663E-02
-0.26305458E+01  0.55332396E-03  0.55332396E-03 -0.23986481E-02 -0.23986481E-02
-0.25398417E+01  0.61244540E-03  0.61244540E-03 -0.24838636E-02 -0.24838636E-02
-0.24491375E+01  0.68197798E-03  0.68197798E-03 -0.25752620E-02 -0.25752620E-02
-0.23584333E+01  0.76441936E-03  0.76441936E-03 -0.26730369E-02 -0.26730369E-02
-0.22677292E+01  0.86298162E-03  0.86298162E-03 -0.27770727E-02 -0.27770727E-02
-0.21770250E+01  0.98178929E-03  0.98178929E-03 -0.28866787E-02 -0.28866787E-02
-0.20863208E+01  0.11260966E-02  0.11260966E-02 -0.30001363E-02 -0.30001363E-02
-0.19956167E+01  0.13024481E-02  0.13024481E-02 -0.31139404E-02 -0.31139404E-02
-0.19049125E+01  0.15186091E-02  0.15186091E-02 -0.32215834E-02 -0.32215834E-02
-0.18142083E+01  0.17828546E-02  0.17828546E-02 -0.33117231E-02 -0.33117231E-02
-0.17235042E+01  0.21017688E-02  0.21017688E-02 -0.33657861E-02 -0.33657861E-02
-0.16328000E+01  0.24752106E-02  0.24752106E-02 -0.33559310E-02 -0.33559310E-02
-0.15420958E+01  0.28872672E-02  0.28872672E-02 -0.32463278E-02 -0.32463278E-02
-0.14513917E+01  0.32953162E-02  0.32953162E-02 -0.30036145E-02 -0.30036145E-02
-0.13606875E+01  0.36280805E-02  0.36280805E-02 -0.26209307E-02 -0.26209307E-02
-0.12699833E+01  0.38099342E-02  0.38099342E-02 -0.21441585E-02 -0.21441585E-02
-0.11792792E+01  0.38085421E-02  0.38085421E-02 -0.16674180E-02 -0.16674180E-02
-0.10885750E+01  0.36618055E-02  0.36618055E-02 -0.12839906E-02 -0.12839906E-02
-0.99787083E+00  0.34512816E-02  0.34512816E-02 -0.10363537E-02 -0.10363537E-02
-0.90716667E+00  0.32531426E-02  0.32531426E-02 -0.91025433E-03 -0.91025433E-03
-0.81646250E+00  0.31107490E-02  0.31107490E-02 -0.86081598E-03 -0.86081598E-03
-0.72575833E+00  0.30329406E-02  0.30329406E-02 -0.83923491E-03 -0.83923491E-03
-0.63505417E+00  0.30034803E-02  0.30034803E-02 -0.80969217E-03 -0.80969217E-03
-0.54435000E+00  0.29954043E-02  0.29954043E-02 -0.75838957E-03 -0.75838957E-03
-0.45364583E+00  0.29882996E-02  0.29882996E-02 -0.69191784E-03 -0.69191784E-03
-0.36294167E+00  0.29784078E-02  0.29784078E-02 -0.62300738E-03 -0.62300738E-03
-0.27223750E+00  0.29726799E-02  0.29726799E-02 -0.55560083E-03 -0.55560083E-03
-0.18153333E+00  0.29752908E-02  0.29752908E-02 -0.48321569E-03 -0.48321569E-03
-0.90829167E-01  0.29815667E-02  0.29815667E-02 -0.39807081E-03 -0.39807081E-03
-0.12500000E-03  0.29823321E-02  0.29823321E-02 -0.29859198E-03 -0.29859198E-03
 0.90579167E-01  0.29706519E-02  0.29706519E-02 -0.18900343E-03 -0.18900343E-03
 0.18128333E+00  0.29438223E-02  0.29438223E-02 -0.74664209E-04 -0.74664209E-04
 0.27198750E+00  0.29007516E-02  0.29007516E-02  0.40683197E-04  0.40683197E-04
 0.36269167E+00  0.28392247E-02  0.28392247E-02  0.15319666E-03  0.15319666E-03
 0.45339583E+00  0.27575938E-02  0.27575938E-02  0.25571460E-03  0.25571460E-03
 0.54410000E+00  0.26593009E-02  0.26593009E-02  0.33886143E-03  0.33886143E-03
 0.63480417E+00  0.25538093E-02  0.25538093E-02  0.39640233E-03  0.39640233E-03
 0.72550833E+00  0.24524402E-02  0.24524402E-02  0.42878483E-03  0.42878483E-03
 0.81621250E+00  0.23636796E-02  0.23636796E-02  0.44209093E-03  0.44209093E-03
 0.90691667E+00  0.22911470E-02  0.22911470E-02  0.44479203E-03  0.44479203E-03
 0.99762083E+00  0.22338215E-02  0.22338215E-02  0.44474812E-03  0.44474812E-03
 0.10883250E+01  0.21875353E-02  0.21875353E-02  0.44706613E-03  0.44706613E-03
 0.11790292E+01  0.21474210E-02  0.21474210E-02  0.45313936E-03  0.45313936E-03
 0.12697333E+01  0.21104688E-02  0.21104688E-02  0.46169084E-03  0.46169084E-03
 0.13604375E+01  0.20762327E-02  0.20762327E-02  0.47146547E-03  0.47146547E-03
 0.14511417E+01  0.20448866E-02  0.20448866E-02  0.48307991E-03  0.48307991E-03
 0.15418458E+01  0.20148333E-02  0.20148333E-02  0.49798066E-03  0.49798066E-03
 0.16325500E+01  0.19828198E-02  0.19828198E-02  0.51577904E-03  0.51577904E-03
 0.17232542E+01  0.19465577E-02  0.19465577E-02  0.53322329E-03  0.53322329E-03
 0.18139583E+01  0.19069451E-02  0.19069451E-02  0.54605813E-03  0.54605813E-03
 0.19046625E+01  0.18677613E-02  0.18677613E-02  0.55177258E-03  0.55177258E-03
 0.19953667E+01  0.18336809E-02  0.18336809E-02  0.55095027E-03  0.55095027E-03
 0.20860708E+01  0.18083066E-02  0.18083066E-02  0.54712548E-03  0.54712548E-03
 0.21767750E+01  0.17925735E-02  0.17925735E-02  0.54590342E-03  0.54590342E-03
 0.22674792E+01  0.17833779E-02  0.17833779E-02  0.55313775E-03  0.55313775E-03
 0.23581833E+01  0.17735340E-02  0.17735340E-02  0.57176358E-03  0.57176358E-03
 0.24488875E+01  0.17546774E-02  0.17546774E-02  0.59872303E-03  0.59872303E-03
 0.25395917E+01  0.17224982E-02  0.17224982E-02  0.62518430E-03  0.62518430E-03
 0.26302958E+01  0.16802264E-02  0.16802264E-02  0.64134439E-03  0.64134439E-03
 0.27210000E+01  0.16369002E-02  0.16369002E-02  0.64224859E-03  0.64224859E-03
 0.28117042E+01  0.16021745E-02  0.16021745E-02  0.62991915E-03  0.62991915E-03
 0.29024083E+01  0.15820546E-02  0.15820546E-02  0.61130404E-03  0.61130404E-03
 0.29931125E+01  0.15775254E-02  0.15775254E-02  0.59481341E-03  0.59481341E-03
 0.30838167E+01  0.15852559E-02  0.15852559E-02  0.58752765E-03  0.58752765E-03
 0.31745208E+01  0.15992198E-02  0.15992198E-02  0.59349146E-03  0.59349146E-03
 0.32652250E+01  0.16127633E-02  0.16127633E-02  0.61298155E-03  0.61298155E-03
 0.33559292E+01  0.16208368E-02  0.16208368E-02  0.64297274E-03  0.64297274E-03
 0.34466333E+01  0.16215895E-02  0.16215895E-02  0.67902739E-03  0.67902739E-03
 0.35373375E+01  0.16161718E-02  0.16161718E-02  0.71790249E-03  0.71790249E-03
 0.36280417E+01  0.16066114E-02  0.16066114E-02  0.75916731E-03  0.75916731E-03
 0.37187458E+01  0.15932246E-02  0.15932246E-02  0.80457214E-03  0.80457214E-03
 0.38094500E+01  0.15735486E-02  0.15735486E-02  0.85564962E-03  0.85564962E-03
 0.39001542E+01  0.15435846E-02  0.15435846E-02  0.91144215E-03  0.91144215E-03
 0.39908583E+01  0.15002827E-02  0.15002827E-02  0.96815754E-03  0.96815754E-03
 0.40815625E+01  0.14431402E-02  0.14431402E-02  0.10208332E-02  0.10208332E-02
 0.41722667E+01  0.13738299E-02  0.13738299E-02  0.10652190E-02  0.10652190E-02
 0.42629708E+01  0.12949291E-02  0.12949291E-02  0.10982925E-02  0.10982925E-02
 0.43536750E+01  0.12093755E-02  0.12093755E-02  0.11177317E-02  0.11177317E-02
 0.44443792E+01  0.11208221E-02  0.11208221E-02  0.11217603E-02  0.11217603E-02
 0.45350833E+01  0.10337638E-02  0.10337638E-02  0.11098231E-02  0.11098231E-02
 0.46257875E+01  0.95277390E-03  0.95277390E-03  0.10832329E-02  0.10832329E-02
 0.47164917E+01  0.88140046E-03  0.88140046E-03  0.10449772E-02  0.10449772E-02
 0.48071958E+01  0.82155309E-03  0.82155309E-03  0.99885100E-03  0.99885100E-03
 0.48979000E+01  0.77357665E-03  0.77357665E-03  0.94856871E-03  0.94856871E-03
 0.49886042E+01  0.73669462E-03  0.73669462E-03  0.89723417E-03  0.89723417E-03
 0.50793083E+01  0.70947516E-03  0.70947516E-03  0.84717923E-03  0.84717923E-03
 0.51700125E+01  0.69015499E-03  0.69015499E-03  0.79998662E-03  0.79998662E-03
 0.52607167E+01  0.67682933E-03  0.67682933E-03  0.75654605E-03  0.75654605E-03
 0.53514208E+01  0.66759939E-03  0.66759939E-03  0.71705249E-03  0.71705249E-03
 0.54421250E+01  0.66079397E-03  0.66079397E-03  0.68098666E-03  0.68098666E-03
 0.55328292E+01  0.65529498E-03  0.65529498E-03  0.64720587E-03  0.64720587E-03
 0.56235333E+01  0.65083784E-03  0.65083784E-03  0.61427954E-03  0.61427954E-03
 0.57142375E+01  0.64804725E-03  0.64804725E-03  0.58101237E-03  0.58101237E-03
 0.58049417E+01  0.64811306E-03  0.64811306E-03  0.54689372E-03  0.54689372E-03
 0.58956458E+01  0.65226427E-03  0.65226427E-03  0.51221260E-03  0.51221260E-03
 0.59863500E+01  0.66134345E-03  0.66134345E-03  0.47780687E-03  0.47780687E-03
 0.60770542E+01  0.67569797E-03  0.67569797E-03  0.44463026E-03  0.44463026E-03
 0.61677583E+01  0.69543248E-03  0.69543248E-03  0.41340487E-03  0.41340487E-03
 0.62584625E+01  0.72087624E-03  0.72087624E-03  0.38462599E-03  0.38462599E-03
 0.63491667E+01  0.75293341E-03  0.75293341E-03  0.35903595E-03  0.35903595E-03
 0.64398708E+01  0.79292311E-03  0.79292311E-03  0.33839798E-03  0.33839798E-03
 0.65305750E+01  0.84171292E-03  0.84171292E-03  0.32611436E-03  0.32611436E-03
 0.66212792E+01  0.89829234E-03  0.89829234E-03  0.32713882E-03  0.32713882E-03
 0.67119833E+01  0.95831218E-03  0.95831218E-03  0.34668823E-03  0.34668823E-03
 0.68026875E+01  0.10136676E-02  0.10136676E-02  0.38759895E-03  0.38759895E-03
 0.68933917E+01  0.10545365E-02  0.10545365E-02  0.44735010E-03  0.44735010E-03
 0.69840958E+01  0.10739386E-02  0.10739386E-02  0.51742326E-03  0.51742326E-03
 0.70748000E+01  0.10716777E-02  0.10716777E-02  0.58699198E-03  0.58699198E-03
 0.71655042E+01  0.10537031E-02  0.10537031E-02  0.64863213E-03  0.64863213E-03
 0.72562083E+01  0.10272809E-02  0.10272809E-02  0.70108117E-03  0.70108117E-03
 0.73469125E+01  0.99638495E-03  0.99638495E-03  0.74723321E-03  0.74723321E-03
 0.74376167E+01  0.96062595E-03  0.96062595E-03  0.78985741E-03  0.78985741E-03
 0.75283208E+01  0.91769585E-03  0.91769585E-03  0.82853166E-03  0.82853166E-03
 0.76190250E+01  0.86695560E-03  0.86695560E-03  0.85981129E-03  0.85981129E-03
 0.77097292E+01  0.81117410E-03  0.81117410E-03  0.88007405E-03  0.88007405E-03
 0.78004333E+01  0.75526713E-03  0.75526713E-03  0.88829855E-03  0.88829855E-03
 0.78911375E+01  0.70366398E-03  0.70366398E-03  0.88662564E-03  0.88662564E-03
 0.79818417E+01  0.65847994E-03  0.65847994E-03  0.87896966E-03  0.87896966E-03
 0.80725458E+01  0.61922242E-03  0.61922242E-03  0.86910598E-03  0.86910598E-03
 0.81632500E+01  0.58365917E-03  0.58365917E-03  0.85921446E-03  0.85921446E-03
 0.82539542E+01  0.54931575E-03  0.54931575E-03  0.84933175E-03  0.84933175E-03
 0.83446583E+01  0.51491324E-03  0.51491324E-03  0.83792850E-03  0.83792850E-03
 0.84353625E+01  0.48093415E-03  0.48093415E-03  0.82328160E-03  0.82328160E-03
 0.85260667E+01  0.44904557E-03  0.44904557E-03  0.80468499E-03  0.80468499E-03
 0.86167708E+01  0.42102001E-03  0.42102001E-03  0.78277839E-03  0.78277839E-03
 0.87074750E+01  0.39795162E-03  0.39795162E-03  0.75914057E-03  0.75914057E-03
 0.87981792E+01  0.37998594E-03  0.37998594E-03  0.73568721E-03  0.73568721E-03
 0.88888833E+01  0.36636308E-03  0.36636308E-03  0.71418103E-03  0.71418103E-03
 0.89795875E+01  0.35559066E-03  0.35559066E-03  0.69584516E-03  0.69584516E-03
 0.90702917E+01  0.34576814E-03  0.34576814E-03  0.68103475E-03  0.68103475E-03
 0.91609958E+01  0.33512119E-03  0.33512119E-03  0.66908430E-03  0.66908430E-03
 0.92517000E+01  0.32260460E-03  0.32260460E-03  0.65855234E-03  0.65855234E-03
 0.93424042E+01  0.30819639E-03  0.30819639E-03  0.64785459E-03  0.64785459E-03
 0.94331083E+01  0.29266108E-03  0.29266108E-03  0.63590094E-03  0.63590094E-03
 0.95238125E+01  0.27699933E-03  0.27699933E-03  0.62234100E-03  0.62234100E-03
 0.96145167E+01  0.26198788E-03  0.26198788E-03  0.60738839E-03  0.60738839E-03
 0.97052208E+01  0.24801251E-03  0.24801251E-03  0.59148476E-03  0.59148476E-03
 0.97959250E+01  0.23513504E-03  0.23513504E-03  0.57502882E-03  0.57502882E-03
 0.98866292E+01  0.22325698E-03  0.22325698E-03  0.55825567E-03  0.55825567E-03
 0.99773333E+01  0.21226858E-03  0.21226858E-03  0.54124131E-03  0.54124131E-03
 0.10068038E+02  0.20213142E-03  0.20213142E-03  0.52397718E-03  0.52397718E-03
 0.10158742E+02  0.19288810E-03  0.19288810E-03  0.50645186E-03  0.50645186E-03
 0.10249446E+02  0.18462686E-03  0.18462686E-03  0.48870021E-03  0.48870021E-03
 0.10340150E+02  0.17743798E-03  0.17743798E-03  0.47081428E-03  0.47081428E-03
 0.10430854E+02  0.17138545E-03  0.17138545E-03  0.45292835E-03  0.45292835E-03
 0.10521558E+02  0.16649757E-03  0.16649757E-03  0.43519996E-03  0.43519996E-03
 0.10612263E+02  0.16276854E-03  0.16276854E-03  0.41779752E-03  0.41779752E-03
 0.10702967E+02  0.16016071E-03  0.16016071E-03  0.40089857E-03  0.40089857E-03
 0.10793671E+02  0.15859896E-03  0.15859896E-03  0.38469158E-03  0.38469158E-03
 0.10884375E+02  0.15795477E-03  0.15795477E-03  0.36937437E-03  0.36937437E-03
 0.10975079E+02  0.15802224E-03  0.15802224E-03  0.35513713E-03  0.35513713E-03
 0.11065783E+02  0.15849943E-03  0.15849943E-03  0.34212169E-03  0.34212169E-03
 0.11156488E+02  0.15899667E-03  0.15899667E-03  0.33035622E-03  0.33035622E-03
 0.11247192E+02  0.15909704E-03  0.15909704E-03  0.31968886E-03  0.31968886E-03
 0.11337896E+02  0.15846976E-03  0.15846976E-03  0.30976680E-03  0.30976680E-03
 0.11428600E+02  0.15699109E-03  0.15699109E-03  0.30010251E-03  0.30010251E-03
 0.11519304E+02  0.15479782E-03  0.15479782E-03  0.29021787E-03  0.29021787E-03
 0.11610008E+02  0.15223195E-03  0.15223195E-03  0.27978961E-03  0.27978961E-03
 0.11700713E+02  0.14971313E-03  0.14971313E-03  0.26872070E-03  0.26872070E-03
 0.11791417E+02  0.14761290E-03  0.14761290E-03  0.25712056E-03  0.25712056E-03
 0.11882121E+02  0.14617952E-03  0.14617952E-03  0.24523386E-03  0.24523386E-03
 0.11972825E+02  0.14551442E-03  0.14551442E-03  0.23336286E-03  0.23336286E-03
 0.12063529E+02  0.14557968E-03  0.14557968E-03  0.22180388E-03  0.22180388E-03
 0.12154233E+02  0.14622085E-03  0.14622085E-03  0.21079935E-03  0.21079935E-03
 0.12244938E+02  0.14720079E-03  0.14720079E-03  0.20049922E-03  0.20049922E-03
 0.12335642E+02  0.14824731E-03  0.14824731E-03  0.19093772E-03  0.19093772E-03
 0.12426346E+02  0.14910890E-03  0.14910890E-03  0.18203320E-03  0.18203320E-03
 0.12517050E+02  0.14960338E-03  0.14960338E-03  0.17361768E-03  0.17361768E-03
 0.12607754E+02  0.14963958E-03  0.14963958E-03  0.16548669E-03  0.16548669E-03
 0.12698458E+02  0.14920691E-03  0.14920691E-03  0.15744518E-03  0.15744518E-03
 0.12789163E+02  0.14834558E-03  0.14834558E-03  0.14933129E-03  0.14933129E-03
 0.12879867E+02  0.14712043E-03  0.14712043E-03  0.14101438E-03  0.14101438E-03
 0.12970571E+02  0.14561182E-03  0.14561182E-03  0.13238334E-03  0.13238334E-03
 0.13061275E+02  0.14392175E-03  0.14392175E-03  0.12334091E-03  0.12334091E-03
 0.13151979E+02  0.14218148E-03  0.14218148E-03  0.11381233E-03  0.11381233E-03
 0.13242683E+02  0.14054867E-03  0.14054867E-03  0.10376350E-03  0.10376350E-03
 0.13333388E+02  0.13919032E-03  0.13919032E-03  0.93215429E-04  0.93215429E-04
 0.13424092E+02  0.13825785E-03  0.13825785E-03  0.82248037E-04  0.82248037E-04
 0.13514796E+02  0.13786377E-03  0.13786377E-03  0.70989550E-04  0.70989550E-04
 0.13605500E+02  0.13806586E-03  0.13806586E-03  0.59597812E-04  0.59597812E-04
 0.13696204E+02  0.13886082E-03  0.13886082E-03  0.48237145E-04  0.48237145E-04
 0.13786908E+02  0.14018629E-03  0.14018629E-03  0.37055585E-04  0.37055585E-04
 0.13877613E+02  0.14193191E-03  0.14193191E-03  0.26163940E-04  0.26163940E-04
 0.13968317E+02  0.14395791E-03  0.14395791E-03  0.15620071E-04  0.15620071E-04
 0.14059021E+02  0.14611988E-03  0.14611988E-03  0.54237535E-05  0.54237535E-05
 0.14149725E+02  0.14829256E-03  0.14829256E-03 -0.44768233E-05 -0.44768233E-05
 0.14240429E+02  0.15038519E-03  0.15038519E-03 -0.14166439E-04 -0.14166439E-04
 0.14331133E+02  0.15234316E-03  0.15234316E-03 -0.23743519E-04 -0.23743519E-04
 0.14421838E+02  0.15413888E-03  0.15413888E-03 -0.33307083E-04 -0.33307083E-04
 0.14512542E+02  0.15576159E-03  0.15576159E-03 -0.42957344E-04 -0.42957344E-04
 0.14603246E+02  0.15721573E-03  0.15721573E-03 -0.52803402E-04 -0.52803402E-04
 0.14693950E+02  0.15853250E-03  0.15853250E-03 -0.62969278E-04 -0.62969278E-04
 0.14784654E+02  0.15978756E-03  0.15978756E-03 -0.73586966E-04 -0.73586966E-04
 0.14875358E+02  0.16111380E-03  0.16111380E-03 -0.84773804E-04 -0.84773804E-04
 0.14966063E+02  0.16269759E-03  0.16269759E-03 -0.96602073E-04 -0.96602073E-04
 0.15056767E+02  0.16475754E-03  0.16475754E-03 -0.10907227E-03 -0.10907227E-03
 0.15147471E+02  0.16751115E-03  0.16751115E-03 -0.12210094E-03 -0.12210094E-03
 0.15238175E+02  0.17113930E-03  0.17113930E-03 -0.13552350E-03 -0.13552350E-03
 0.15328879E+02  0.17575450E-03  0.17575450E-03 -0.14911148E-03 -0.14911148E-03
 0.15419583E+02  0.18137452E-03  0.18137452E-03 -0.16260003E-03 -0.16260003E-03
 0.15510288E+02  0.18790494E-03  0.18790494E-03 -0.17572840E-03 -0.17572840E-03
 0.15600992E+02  0.19513769E-03  0.19513769E-03 -0.18829379E-03 -0.18829379E-03
 0.15691696E+02  0.20277997E-03  0.20277997E-03 -0.20021187E-03 -0.20021187E-03
 0.15782400E+02  0.21052249E-03  0.21052249E-03 -0.21156289E-03 -0.21156289E-03
 0.15873104E+02  0.21813762E-03  0.21813762E-03 -0.22259103E-03 -0.22259103E-03
 0.15963808E+02  0.22556824E-03  0.22556824E-03 -0.23363958E-03 -0.23363958E-03
 0.16054513E+02  0.23296069E-03  0.23296069E-03 -0.24503641E-03 -0.24503641E-03
 0.16145217E+02  0.24062122E-03  0.24062122E-03 -0.25698330E-03 -0.25698330E-03
 0.16235921E+02  0.24891647E-03  0.24891647E-03 -0.26949398E-03 -0.26949398E-03
 0.16326625E+02  0.25816553E-03  0.25816553E-03 -0.28240235E-03 -0.28240235E-03
 0.16417329E+02  0.26855983E-03  0.26855983E-03 -0.29542393E-03 -0.29542393E-03
 0.16508033E+02  0.28013156E-03  0.28013156E-03 -0.30824509E-03 -0.30824509E-03
 0.16598738E+02  0.29277380E-03  0.29277380E-03 -0.32061312E-03 -0.32061312E-03
 0.16689442E+02  0.30630991E-03  0.30630991E-03 -0.33240059E-03 -0.33240059E-03
 0.16780146E+02  0.32059357E-03  0.32059357E-03 -0.34361623E-03 -0.34361623E-03
 0.16870850E+02  0.33559957E-03  0.33559957E-03 -0.35434439E-03 -0.35434439E-03
 0.16961554E+02  0.35145892E-03  0.35145892E-03 -0.36462850E-03 -0.36462850E-03
 0.17052258E+02  0.36840104E-03  0.36840104E-03 -0.37434368E-03 -0.37434368E-03
 0.17142963E+02  0.38661197E-03  0.38661197E-03 -0.38312485E-03 -0.38312485E-03
 0.17233667E+02  0.40604896E-03  0.40604896E-03 -0.39039897E-03 -0.39039897E-03
 0.17324371E+02  0.42628234E-03  0.42628234E-03 -0.39554639E-03 -0.39554639E-03
 0.17415075E+02  0.44644824E-03  0.44644824E-03 -0.39817375E-03 -0.39817375E-03
 0.17505779E+02  0.46540055E-03  0.46540055E-03 -0.39842284E-03 -0.39842284E-03
 0.17596483E+02  0.48208634E-03  0.48208634E-03 -0.39715995E-03 -0.39715995E-03
 0.17687188E+02  0.49603268E-03  0.49603268E-03 -0.39587315E-03 -0.39587315E-03
 0.17777892E+02  0.50769578E-03  0.50769578E-03 -0.39623529E-03 -0.39623529E-03
 0.17868596E+02  0.51844942E-03  0.51844942E-03 -0.39951503E-03 -0.39951503E-03
 0.17959300E+02  0.53021979E-03  0.53021979E-03 -0.40613103E-03 -0.40613103E-03
 0.18050004E+02  0.54497607E-03  0.54497607E-03 -0.41551433E-03 -0.41551433E-03
 0.18140708E+02  0.56429269E-03  0.56429269E-03 -0.42623293E-03 -0.42623293E-03
 0.18231412E+02  0.58905352E-03  0.58905352E-03 -0.43623878E-03 -0.43623878E-03
 0.18322117E+02  0.61925943E-03  0.61925943E-03 -0.44315483E-03 -0.44315483E-03
 0.18412821E+02  0.65389758E-03  0.65389758E-03 -0.44462012E-03 -0.44462012E-03
 0.18503525E+02  0.69091780E-03  0.69091780E-03 -0.43873914E-03 -0.43873914E-03
 0.18594229E+02  0.72745420E-03  0.72745420E-03 -0.42461011E-03 -0.42461011E-03
 0.18684933E+02  0.76039506E-03  0.76039506E-03 -0.40273692E-03 -0.40273692E-03
 0.18775638E+02  0.78720418E-03  0.78720418E-03 -0.37503272E-03 -0.37503272E-03
 0.18866342E+02  0.80662467E-03  0.80662467E-03 -0.34426473E-03 -0.34426473E-03
 0.18957046E+02  0.81885924E-03  0.81885924E-03 -0.31315803E-03 -0.31315803E-03
 0.19047750E+02  0.82513807E-03  0.82513807E-03 -0.28364483E-03 -0.28364483E-03
 0.19138454E+02  0.82698561E-03  0.82698561E-03 -0.25661701E-03 -0.25661701E-03
 0.19229158E+02  0.82561755E-03  0.82561755E-03 -0.23218144E-03 -0.23218144E-03
 0.19319863E+02  0.82170902E-03  0.82170902E-03 -0.21014306E-03 -0.21014306E-03
 0.19410567E+02  0.81552068E-03  0.81552068E-03 -0.19041860E-03 -0.19041860E-03
 0.19501271E+02  0.80720541E-03  0.80720541E-03 -0.17320516E-03 -0.17320516E-03
 0.19591975E+02  0.79708629E-03  0.79708629E-03 -0.15889134E-03 -0.15889134E-03
 0.19682679E+02  0.78576181E-03  0.78576181E-03 -0.14782250E-03 -0.14782250E-03
 0.19773383E+02  0.77400964E-03  0.77400964E-03 -0.14008309E-03 -0.14008309E-03
 0.19864088E+02  0.76257282E-03  0.76257282E-03 -0.13541544E-03 -0.13541544E-03
 0.19954792E+02  0.75195113E-03  0.75195113E-03 -0.13330233E-03 -0.13330233E-03
 0.20045496E+02  0.74229597E-03  0.74229597E-03 -0.13316116E-03 -0.13316116E-03
 0.20136200E+02  0.73344383E-03  0.73344383E-03 -0.13455892E-03 -0.13455892E-03
 0.20226904E+02  0.72507110E-03  0.72507110E-03 -0.13736443E-03 -0.13736443E-03
 0.20317608E+02  0.71690653E-03  0.71690653E-03 -0.14177982E-03 -0.14177982E-03
 0.20408312E+02  0.70892036E-03  0.70892036E-03 -0.14824345E-03 -0.14824345E-03
 0.20499017E+02  0.70141672E-03  0.70141672E-03 -0.15724255E-03 -0.15724255E-03
 0.20589721E+02  0.69500032E-03  0.69500032E-03 -0.16911827E-03 -0.16911827E-03
 0.20680425E+02  0.69044489E-03  0.69044489E-03 -0.18393599E-03 -0.18393599E-03
 0.20771129E+02  0.68852845E-03  0.68852845E-03 -0.20145728E-03 -0.20145728E-03
 0.20861833E+02  0.68990030E-03  0.68990030E-03 -0.22120082E-03 -0.22120082E-03
 0.20952538E+02  0.69501148E-03  0.69501148E-03 -0.24255039E-03 -0.24255039E-03
 0.21043242E+02  0.70411697E-03  0.70411697E-03 -0.26486525E-03 -0.26486525E-03
 0.21133946E+02  0.71733018E-03  0.71733018E-03 -0.28756151E-03 -0.28756151E-03
 0.21224650E+02  0.73470732E-03  0.73470732E-03 -0.31014200E-03 -0.31014200E-03
 0.21315354E+02  0.75633170E-03  0.75633170E-03 -0.33217032E-03 -0.33217032E-03
 0.21406058E+02  0.78236533E-03  0.78236533E-03 -0.35319226E-03 -0.35319226E-03
 0.21496763E+02  0.81304247E-03  0.81304247E-03 -0.37262834E-03 -0.37262834E-03
 0.21587467E+02  0.84858703E-03  0.84858703E-03 -0.38967243E-03 -0.38967243E-03
 0.21678171E+02  0.88906142E-03  0.88906142E-03 -0.40324258E-03 -0.40324258E-03
 0.21768875E+02  0.93417322E-03  0.93417322E-03 -0.41202722E-03 -0.41202722E-03
 0.21859579E+02  0.98310057E-03  0.98310057E-03 -0.41465768E-03 -0.41465768E-03
 0.21950283E+02  0.10344197E-02  0.10344197E-02 -0.41000400E-03 -0.41000400E-03
 0.22040988E+02  0.10862268E-02  0.10862268E-02 -0.39752740E-03 -0.39752740E-03
 0.22131692E+02  0.11365014E-02  0.11365014E-02 -0.37754425E-03 -0.37754425E-03
 0.22222396E+02  0.11836322E-02  0.11836322E-02 -0.35122289E-03 -0.35122289E-03
 0.22313100E+02  0.12268843E-02  0.12268843E-02 -0.32020931E-03 -0.32020931E-03
 0.22403804E+02  0.12665380E-02  0.12665380E-02 -0.28598274E-03 -0.28598274E-03
 0.22494508E+02  0.13035592E-02  0.13035592E-02 -0.24922628E-03 -0.24922628E-03
 0.22585213E+02  0.13389066E-02  0.13389066E-02 -0.20953389E-03 -0.20953389E-03
 0.22675917E+02  0.13727614E-02  0.13727614E-02 -0.16562559E-03 -0.16562559E-03
 0.22766621E+02  0.14040124E-02  0.14040124E-02 -0.11604072E-03 -0.11604072E-03
 0.22857325E+02  0.14302660E-02  0.14302660E-02 -0.60091153E-04 -0.60091153E-04
 0.22948029E+02  0.14485075E-02  0.14485075E-02  0.12953961E-05  0.12953961E-05
 0.23038733E+02  0.14562796E-02  0.14562796E-02  0.65287752E-04  0.65287752E-04
 0.23129438E+02  0.14528952E-02  0.14528952E-02  0.12773493E-03  0.12773493E-03
 0.23220142E+02  0.14400422E-02  0.14400422E-02  0.18447835E-03  0.18447835E-03
 0.23310846E+02  0.14214018E-02  0.14214018E-02  0.23279108E-03  0.23279108E-03
 0.23401550E+02  0.14014801E-02  0.14014801E-02  0.27224667E-03  0.27224667E-03
 0.23492254E+02  0.13842393E-02  0.13842393E-02  0.30473240E-03  0.30473240E-03
 0.23582958E+02  0.13720398E-02  0.13720398E-02  0.33377029E-03  0.33377029E-03
 0.23673663E+02  0.13651029E-02  0.13651029E-02  0.36349488E-03  0.36349488E-03
 0.23764367E+02  0.13614908E-02  0.13614908E-02  0.39754241E-03  0.39754241E-03
 0.23855071E+02  0.13575953E-02  0.13575953E-02  0.43802184E-03  0.43802184E-03
 0.23945775E+02  0.13491295E-02  0.13491295E-02  0.48479304E-03  0.48479304E-03
 0.24036479E+02  0.13324715E-02  0.13324715E-02  0.53537062E-03  0.53537062E-03
 0.24127183E+02  0.13058993E-02  0.13058993E-02  0.58567642E-03  0.58567642E-03
 0.24217888E+02  0.12701281E-02  0.12701281E-02  0.63142912E-03  0.63142912E-03
 0.24308592E+02  0.12278676E-02  0.12278676E-02  0.66953608E-03  0.66953608E-03
 0.24399296E+02  0.11826913E-02  0.11826913E-02  0.69884025E-03  0.69884025E-03
 0.24490000E+02  0.11378419E-02  0.11378419E-02  0.72002865E-03  0.72002865E-03
 0.24580704E+02  0.10954538E-02  0.10954538E-02  0.73496575E-03  0.73496575E-03
 0.24671408E+02  0.10563269E-02  0.10563269E-02  0.74586535E-03  0.74586535E-03
 0.24762113E+02  0.10201348E-02  0.10201348E-02  0.75459811E-03  0.75459811E-03
 0.24852817E+02  0.98588918E-03  0.98588918E-03  0.76227308E-03  0.76227308E-03
 0.24943521E+02  0.95248193E-03  0.95248193E-03  0.76913432E-03  0.76913432E-03
 0.25034225E+02  0.91915137E-03  0.91915137E-03  0.77474663E-03  0.77474663E-03
 0.25124929E+02  0.88573820E-03  0.88573820E-03  0.77837660E-03  0.77837660E-03
 0.25215633E+02  0.85267126E-03  0.85267126E-03  0.77940895E-03  0.77940895E-03
 0.25306338E+02  0.82073596E-03  0.82073596E-03  0.77764029E-03  0.77764029E-03
 0.25397042E+02  0.79075367E-03  0.79075367E-03  0.77336657E-03  0.77336657E-03
 0.25487746E+02  0.76330899E-03  0.76330899E-03  0.76728433E-03  0.76728433E-03
 0.25578450E+02  0.73859778E-03  0.73859778E-03  0.76028517E-03  0.76028517E-03
 0.25669154E+02  0.71641039E-03  0.71641039E-03  0.75323185E-03  0.75323185E-03
 0.25759858E+02  0.69621970E-03  0.69621970E-03  0.74677710E-03  0.74677710E-03
 0.25850563E+02  0.67733418E-03  0.67733418E-03  0.74126116E-03  0.74126116E-03
 0.25941267E+02  0.65906737E-03  0.65906737E-03  0.73670094E-03  0.73670094E-03
 0.26031971E+02  0.64087598E-03  0.64087598E-03  0.73286307E-03  0.73286307E-03
 0.26122675E+02  0.62243037E-03  0.62243037E-03  0.72938797E-03  0.72938797E-03
 0.26213379E+02  0.60360253E-03  0.60360253E-03  0.72591532E-03  0.72591532E-03
 0.26304083E+02  0.58439454E-03  0.58439454E-03  0.72216461E-03  0.72216461E-03
 0.26394788E+02  0.56484922E-03  0.56484922E-03  0.71794907E-03  0.71794907E-03
 0.26485492E+02  0.54498913E-03  0.54498913E-03  0.71313435E-03  0.71313435E-03
 0.26576196E+02  0.52480675E-03  0.52480675E-03  0.70757633E-03  0.70757633E-03
 0.26666900E+02  0.50430339E-03  0.50430339E-03  0.70107771E-03  0.70107771E-03
 0.26757604E+02  0.48354862E-03  0.48354862E-03  0.69338864E-03  0.69338864E-03
 0.26848308E+02  0.46272520E-03  0.46272520E-03  0.68425285E-03  0.68425285E-03
 0.26939013E+02  0.44213320E-03  0.44213320E-03  0.67347668E-03  0.67347668E-03
 0.27029717E+02  0.42214874E-03  0.42214874E-03  0.66098848E-03  0.66098848E-03
 0.27120421E+02  0.40315635E-03  0.40315635E-03  0.64686312E-03  0.64686312E-03
 0.27211125E+02  0.38548101E-03  0.38548101E-03  0.63130528E-03  0.63130528E-03
 0.27301829E+02  0.36934325E-03  0.36934325E-03  0.61460305E-03  0.61460305E-03
 0.27392533E+02  0.35484480E-03  0.35484480E-03  0.59707077E-03  0.59707077E-03
 0.27483238E+02  0.34198245E-03  0.34198245E-03  0.57899824E-03  0.57899824E-03
 0.27573942E+02  0.33068016E-03  0.33068016E-03  0.56061662E-03  0.56061662E-03
 0.27664646E+02  0.32082863E-03  0.32082863E-03  0.54208488E-03  0.54208488E-03
 0.27755350E+02  0.31232276E-03  0.31232276E-03  0.52349634E-03  0.52349634E-03
 0.27846054E+02  0.30508810E-03  0.30508810E-03  0.50490026E-03  0.50490026E-03
 0.27936758E+02  0.29909210E-03  0.29909210E-03  0.48633204E-03  0.48633204E-03
 0.28027463E+02  0.29433788E-03  0.29433788E-03  0.46784298E-03  0.46784298E-03
 0.28118167E+02  0.29084393E-03  0.29084393E-03  0.44952208E-03  0.44952208E-03
 0.28208871E+02  0.28861455E-03  0.28861455E-03  0.43150424E-03  0.43150424E-03
 0.28299575E+02  0.28760831E-03  0.28760831E-03  0.41396250E-03  0.41396250E-03
 0.28390279E+02  0.28771092E-03  0.28771092E-03  0.39708358E-03  0.39708358E-03
 0.28480983E+02  0.28872053E-03  0.28872053E-03  0.38102839E-03  0.38102839E-03
 0.28571688E+02  0.29035387E-03  0.29035387E-03  0.36588216E-03  0.36588216E-03
 0.28662392E+02  0.29228111E-03  0.29228111E-03  0.35160536E-03  0.35160536E-03
 0.28753096E+02  0.29419120E-03  0.29419120E-03  0.33800348E-03  0.33800348E-03
 0.28843800E+02  0.29587478E-03  0.29587478E-03  0.32473606E-03  0.32473606E-03
 0.28934504E+02  0.29729785E-03  0.29729785E-03  0.31137450E-03  0.31137450E-03
 0.29025208E+02  0.29863498E-03  0.29863498E-03  0.29749656E-03  0.29749656E-03
 0.29115913E+02  0.30024662E-03  0.30024662E-03  0.28278574E-03  0.28278574E-03
 0.29206617E+02  0.30261056E-03  0.30261056E-03  0.26710170E-03  0.26710170E-03
 0.29297321E+02  0.30623605E-03  0.30623605E-03  0.25050582E-03  0.25050582E-03
 0.29388025E+02  0.31158646E-03  0.31158646E-03  0.23324797E-03  0.23324797E-03
 0.29478729E+02  0.31902244E-03  0.31902244E-03  0.21573229E-03  0.21573229E-03
 0.29569433E+02  0.32876264E-03  0.32876264E-03  0.19847583E-03  0.19847583E-03
 0.29660137E+02  0.34085339E-03  0.34085339E-03  0.18206406E-03  0.18206406E-03
 0.29750842E+02  0.35514349E-03  0.35514349E-03  0.16709704E-03  0.16709704E-03
 0.29841546E+02  0.37127054E-03  0.37127054E-03  0.15411818E-03  0.15411818E-03
 0.29932250E+02  0.38867606E-03  0.38867606E-03  0.14352443E-03  0.14352443E-03
 0.30022954E+02  0.40666904E-03  0.40666904E-03  0.13547405E-03  0.13547405E-03
 0.30113658E+02  0.42454492E-03  0.42454492E-03  0.12982587E-03  0.12982587E-03
 0.30204363E+02  0.44173752E-03  0.44173752E-03  0.12614887E-03  0.12614887E-03
 0.30295067E+02  0.45795358E-03  0.45795358E-03  0.12381896E-03  0.12381896E-03
 0.30385771E+02  0.47323615E-03  0.47323615E-03  0.12217858E-03  0.12217858E-03
 0.30476475E+02  0.48793291E-03  0.48793291E-03  0.12070277E-03  0.12070277E-03
 0.30567179E+02  0.50258992E-03  0.50258992E-03  0.11911699E-03  0.11911699E-03
 0.30657883E+02  0.51781781E-03  0.51781781E-03  0.11744260E-03  0.11744260E-03
 0.30748588E+02  0.53417090E-03  0.53417090E-03  0.11598229E-03  0.11598229E-03
 0.30839292E+02  0.55205748E-03  0.55205748E-03  0.11527324E-03  0.11527324E-03
 0.30929996E+02  0.57167484E-03  0.57167484E-03  0.11603085E-03  0.11603085E-03
 0.31020700E+02  0.59295301E-03  0.59295301E-03  0.11908913E-03  0.11908913E-03
 0.31111404E+02  0.61549607E-03  0.61549607E-03  0.12532577E-03  0.12532577E-03
 0.31202108E+02  0.63852657E-03  0.63852657E-03  0.13554933E-03  0.13554933E-03
 0.31292813E+02  0.66086368E-03  0.66086368E-03  0.15032995E-03  0.15032995E-03
 0.31383517E+02  0.68098819E-03  0.68098819E-03  0.16978172E-03  0.16978172E-03
 0.31474221E+02  0.69724731E-03  0.69724731E-03  0.19335207E-03  0.19335207E-03
 0.31564925E+02  0.70820530E-03  0.70820530E-03  0.21972522E-03  0.21972522E-03
 0.31655629E+02  0.71305600E-03  0.71305600E-03  0.24694842E-03  0.24694842E-03
 0.31746333E+02  0.71192813E-03  0.71192813E-03  0.27280954E-03  0.27280954E-03
 0.31837037E+02  0.70592400E-03  0.70592400E-03  0.29535233E-03  0.29535233E-03
 0.31927742E+02  0.69685558E-03  0.69685558E-03  0.31332453E-03  0.31332453E-03
 0.32018446E+02  0.68679797E-03  0.68679797E-03  0.32639039E-03  0.32639039E-03
 0.32109150E+02  0.67764592E-03  0.67764592E-03  0.33507620E-03  0.33507620E-03
 0.32199854E+02  0.67080428E-03  0.67080428E-03  0.34053543E-03  0.34053543E-03
 0.32290558E+02  0.66704751E-03  0.66704751E-03  0.34425194E-03  0.34425194E-03
 0.32381263E+02  0.66651360E-03  0.66651360E-03  0.34776291E-03  0.34776291E-03
 0.32471967E+02  0.66878775E-03  0.66878775E-03  0.35243438E-03  0.35243438E-03
 0.32562671E+02  0.67304426E-03  0.67304426E-03  0.35929824E-03  0.35929824E-03
 0.32653375E+02  0.67822851E-03  0.67822851E-03  0.36895989E-03  0.36895989E-03
 0.32744079E+02  0.68325129E-03  0.68325129E-03  0.38159197E-03  0.38159197E-03
 0.32834783E+02  0.68715175E-03  0.68715175E-03  0.39701793E-03  0.39701793E-03
 0.32925488E+02  0.68917882E-03  0.68917882E-03  0.41485485E-03  0.41485485E-03
 0.33016192E+02  0.68876821E-03  0.68876821E-03  0.43465265E-03  0.43465265E-03
 0.33106896E+02  0.68544651E-03  0.68544651E-03  0.45595756E-03  0.45595756E-03
 0.33197600E+02  0.67873610E-03  0.67873610E-03  0.47826960E-03  0.47826960E-03
 0.33288304E+02  0.66814489E-03  0.66814489E-03  0.50092415E-03  0.50092415E-03
 0.33379008E+02  0.65327950E-03  0.65327950E-03  0.52298589E-03  0.52298589E-03
 0.33469713E+02  0.63404634E-03  0.63404634E-03  0.54325319E-03  0.54325319E-03
 0.33560417E+02  0.61083322E-03  0.61083322E-03  0.56041989E-03  0.56041989E-03
 0.33651121E+02  0.58455702E-03  0.58455702E-03  0.57334732E-03  0.57334732E-03
 0.33741825E+02  0.55652996E-03  0.55652996E-03  0.58132433E-03  0.58132433E-03
 0.33832529E+02  0.52819909E-03  0.52819909E-03  0.58419834E-03  0.58419834E-03
 0.33923233E+02  0.50087646E-03  0.50087646E-03  0.58233768E-03  0.58233768E-03
 0.34013937E+02  0.47555468E-03  0.47555468E-03  0.57647227E-03  0.57647227E-03
 0.34104642E+02  0.45284283E-03  0.45284283E-03  0.56749523E-03  0.56749523E-03
 0.34195346E+02  0.43299972E-03  0.43299972E-03  0.55629305E-03  0.55629305E-03
 0.34286050E+02  0.41602277E-03  0.41602277E-03  0.54363491E-03  0.54363491E-03
 0.34376754E+02  0.40175219E-03  0.40175219E-03  0.53012353E-03  0.53012353E-03
 0.34467458E+02  0.38996589E-03  0.38996589E-03  0.51619656E-03  0.51619656E-03
 0.34558163E+02  0.38044902E-03  0.38044902E-03  0.50216314E-03  0.50216314E-03
 0.34648867E+02  0.37303110E-03  0.37303110E-03  0.48826028E-03  0.48826028E-03
 0.34739571E+02  0.36758668E-03  0.36758668E-03  0.47471175E-03  0.47471175E-03
 0.34830275E+02  0.36400411E-03  0.36400411E-03  0.46177415E-03  0.46177415E-03
 0.34920979E+02  0.36213183E-03  0.36213183E-03  0.44975565E-03  0.44975565E-03
 0.35011683E+02  0.36171636E-03  0.36171636E-03  0.43899812E-03  0.43899812E-03
 0.35102388E+02  0.36235268E-03  0.36235268E-03  0.42981813E-03  0.42981813E-03
 0.35193092E+02  0.36347080E-03  0.36347080E-03  0.42241183E-03  0.42241183E-03
 0.35283796E+02  0.36438486E-03  0.36438486E-03  0.41674580E-03  0.41674580E-03
 0.35374500E+02  0.36441663E-03  0.36441663E-03  0.41247601E-03  0.41247601E-03
 0.35465204E+02  0.36307238E-03  0.36307238E-03  0.40895056E-03  0.40895056E-03
 0.35555908E+02  0.36020720E-03  0.36020720E-03  0.40532766E-03  0.40532766E-03
 0.35646613E+02  0.35609520E-03  0.35609520E-03  0.40078447E-03  0.40078447E-03
 0.35737317E+02  0.35136361E-03  0.35136361E-03  0.39473363E-03  0.39473363E-03
 0.35828021E+02  0.34681968E-03  0.34681968E-03  0.38695931E-03  0.38695931E-03
 0.35918725E+02  0.34324907E-03  0.34324907E-03  0.37763613E-03  0.37763613E-03
 0.36009429E+02  0.34125241E-03  0.34125241E-03  0.36725407E-03  0.36725407E-03
 0.36100133E+02  0.34114605E-03  0.34114605E-03  0.35649818E-03  0.35649818E-03
 0.36190838E+02  0.34291719E-03  0.34291719E-03  0.34611626E-03  0.34611626E-03
 0.36281542E+02  0.34622118E-03  0.34622118E-03  0.33678382E-03  0.33678382E-03
 0.36372246E+02  0.35042320E-03  0.35042320E-03  0.32896311E-03  0.32896311E-03
 0.36462950E+02  0.35470480E-03  0.35470480E-03  0.32276984E-03  0.32276984E-03
 0.36553654E+02  0.35824812E-03  0.35824812E-03  0.31788915E-03  0.31788915E-03
 0.36644358E+02  0.36046703E-03  0.36046703E-03  0.31360141E-03  0.31360141E-03
 0.36735063E+02  0.36120475E-03  0.36120475E-03  0.30894736E-03  0.30894736E-03
 0.36825767E+02  0.36080183E-03  0.36080183E-03  0.30298633E-03  0.30298633E-03
 0.36916471E+02  0.36000348E-03  0.36000348E-03  0.29504036E-03  0.29504036E-03
 0.37007175E+02  0.35976203E-03  0.35976203E-03  0.28482650E-03  0.28482650E-03
 0.37097879E+02  0.36103368E-03  0.36103368E-03  0.27245761E-03  0.27245761E-03
 0.37188583E+02  0.36464091E-03  0.36464091E-03  0.25835692E-03  0.25835692E-03
 0.37279288E+02  0.37121236E-03  0.37121236E-03  0.24315354E-03  0.24315354E-03
 0.37369992E+02  0.38117721E-03  0.38117721E-03  0.22759988E-03  0.22759988E-03
 0.37460696E+02  0.39477714E-03  0.39477714E-03  0.21252381E-03  0.21252381E-03
 0.37551400E+02  0.41207349E-03  0.41207349E-03  0.19880660E-03  0.19880660E-03
 0.37642104E+02  0.43293614E-03  0.43293614E-03  0.18736914E-03  0.18736914E-03
 0.37732808E+02  0.45701390E-03  0.45701390E-03  0.17915037E-03  0.17915037E-03
 0.37823512E+02  0.48369532E-03  0.48369532E-03  0.17506062E-03  0.17506062E-03
 0.37914217E+02  0.51207576E-03  0.51207576E-03  0.17590053E-03  0.17590053E-03
 0.38004921E+02  0.54095667E-03  0.54095667E-03  0.18224389E-03  0.18224389E-03
 0.38095625E+02  0.56890380E-03  0.56890380E-03  0.19429915E-03  0.19429915E-03
 0.38186329E+02  0.59438697E-03  0.59438697E-03  0.21178703E-03  0.21178703E-03
 0.38277033E+02  0.61599307E-03  0.61599307E-03  0.23388751E-03  0.23388751E-03
 0.38367737E+02  0.63266912E-03  0.63266912E-03  0.25930566E-03  0.25930566E-03
 0.38458442E+02  0.64391443E-03  0.64391443E-03  0.28646731E-03  0.28646731E-03
 0.38549146E+02  0.64984536E-03  0.64984536E-03  0.31379856E-03  0.31379856E-03
 0.38639850E+02  0.65110496E-03  0.65110496E-03  0.33999586E-03  0.33999586E-03
 0.38730554E+02  0.64865335E-03  0.64865335E-03  0.36420094E-03  0.36420094E-03
 0.38821258E+02  0.64352058E-03  0.64352058E-03  0.38603704E-03  0.38603704E-03
 0.38911963E+02  0.63660026E-03  0.63660026E-03  0.40552604E-03  0.40552604E-03
 0.39002667E+02  0.62853038E-03  0.62853038E-03  0.42293616E-03  0.42293616E-03
 0.39093371E+02  0.61966607E-03  0.61966607E-03  0.43861794E-03  0.43861794E-03
 0.39184075E+02  0.61012640E-03  0.61012640E-03  0.45286933E-03  0.45286933E-03
 0.39274779E+02  0.59988578E-03  0.59988578E-03  0.46585109E-03  0.46585109E-03
 0.39365483E+02  0.58887934E-03  0.58887934E-03  0.47756019E-03  0.47756019E-03
 0.39456188E+02  0.57709882E-03  0.57709882E-03  0.48785430E-03  0.48785430E-03
 0.39546892E+02  0.56465684E-03  0.56465684E-03  0.49651443E-03  0.49651443E-03
 0.39637596E+02  0.55181231E-03  0.55181231E-03  0.50332567E-03  0.50332567E-03
 0.39728300E+02  0.53895247E-03  0.53895247E-03  0.50815491E-03  0.50815491E-03
 0.39819004E+02  0.52654394E-03  0.52654394E-03  0.51101061E-03  0.51101061E-03
 0.39909708E+02  0.51506418E-03  0.51506418E-03  0.51207122E-03  0.51207122E-03
 0.40000413E+02  0.50492807E-03  0.50492807E-03  0.51168301E-03  0.51168301E-03
 0.40091117E+02  0.49642303E-03  0.49642303E-03  0.51032872E-03  0.51032872E-03
 0.40181821E+02  0.48965917E-03  0.48965917E-03  0.50857344E-03  0.50857344E-03
 0.40272525E+02  0.48454228E-03  0.48454228E-03  0.50699332E-03  0.50699332E-03
 0.40363229E+02  0.48077500E-03  0.48077500E-03  0.50609284E-03  0.50609284E-03
 0.40453933E+02  0.47789418E-03  0.47789418E-03  0.50622312E-03  0.50622312E-03
 0.40544638E+02  0.47534735E-03  0.47534735E-03  0.50751700E-03  0.50751700E-03
 0.40635342E+02  0.47260007E-03  0.47260007E-03  0.50986562E-03  0.50986562E-03
 0.40726046E+02  0.46924930E-03  0.46924930E-03  0.51295555E-03  0.51295555E-03
 0.40816750E+02  0.46510209E-03  0.46510209E-03  0.51636425E-03  0.51636425E-03
 0.40907454E+02  0.46018726E-03  0.46018726E-03  0.51968591E-03  0.51968591E-03
 0.40998158E+02  0.45469307E-03  0.45469307E-03  0.52263712E-03  0.52263712E-03
 0.41088862E+02  0.44885791E-03  0.44885791E-03  0.52510163E-03  0.52510163E-03
 0.41179567E+02  0.44286481E-03  0.44286481E-03  0.52709850E-03  0.52709850E-03
 0.41270271E+02  0.43678468E-03  0.43678468E-03  0.52869436E-03  0.52869436E-03
 0.41360975E+02  0.43059245E-03  0.43059245E-03  0.52990320E-03  0.52990320E-03
 0.41451679E+02  0.42424942E-03  0.42424942E-03  0.53062212E-03  0.53062212E-03
 0.41542383E+02  0.41781456E-03  0.41781456E-03  0.53064130E-03  0.53064130E-03
 0.41633088E+02  0.41152995E-03  0.41152995E-03  0.52973246E-03  0.52973246E-03
 0.41723792E+02  0.40583250E-03  0.40583250E-03  0.52778529E-03  0.52778529E-03
 0.41814496E+02  0.40127693E-03  0.40127693E-03  0.52493515E-03  0.52493515E-03
 0.41905200E+02  0.39838934E-03  0.39838934E-03  0.52163362E-03  0.52163362E-03
 0.41995904E+02  0.39749406E-03  0.39749406E-03  0.51863575E-03  0.51863575E-03
 0.42086608E+02  0.39854903E-03  0.39854903E-03  0.51690064E-03  0.51690064E-03
 0.42177313E+02  0.40102600E-03  0.40102600E-03  0.51740732E-03  0.51740732E-03
 0.42268017E+02  0.40388085E-03  0.40388085E-03  0.52089100E-03  0.52089100E-03
 0.42358721E+02  0.40568193E-03  0.40568193E-03  0.52754357E-03  0.52754357E-03
 0.42449425E+02  0.40494124E-03  0.40494124E-03  0.53679035E-03  0.53679035E-03
 0.42540129E+02  0.40058653E-03  0.40058653E-03  0.54730894E-03  0.54730894E-03
 0.42630833E+02  0.39236347E-03  0.39236347E-03  0.55737685E-03  0.55737685E-03
 0.42721538E+02  0.38092025E-03  0.38092025E-03  0.56542502E-03  0.56542502E-03
 0.42812242E+02  0.36751688E-03  0.36751688E-03  0.57050437E-03  0.57050437E-03
 0.42902946E+02  0.35354420E-03  0.35354420E-03  0.57244069E-03  0.57244069E-03
 0.42993650E+02  0.34011257E-03  0.34011257E-03  0.57168033E-03  0.57168033E-03
 0.43084354E+02  0.32785282E-03  0.32785282E-03  0.56898189E-03  0.56898189E-03
 0.43175058E+02  0.31692048E-03  0.31692048E-03  0.56511627E-03  0.56511627E-03
 0.43265763E+02  0.30712971E-03  0.30712971E-03  0.56065604E-03  0.56065604E-03
 0.43356467E+02  0.29814456E-03  0.29814456E-03  0.55588064E-03  0.55588064E-03
 0.43447171E+02  0.28966692E-03  0.28966692E-03  0.55079515E-03  0.55079515E-03
 0.43537875E+02  0.28156745E-03  0.28156745E-03  0.54524005E-03  0.54524005E-03
 0.43628579E+02  0.27392207E-03  0.27392207E-03  0.53904171E-03  0.53904171E-03
 0.43719283E+02  0.26695424E-03  0.26695424E-03  0.53214104E-03  0.53214104E-03
 0.43809988E+02  0.26092255E-03  0.26092255E-03  0.52465196E-03  0.52465196E-03
 0.43900692E+02  0.25600766E-03  0.25600766E-03  0.51684328E-03  0.51684328E-03
 0.43991396E+02  0.25223718E-03  0.25223718E-03  0.50906531E-03  0.50906531E-03
 0.44082100E+02  0.24946288E-03  0.24946288E-03  0.50165331E-03  0.50165331E-03
 0.44172804E+02  0.24739142E-03  0.24739142E-03  0.49483492E-03  0.49483492E-03
 0.44263508E+02  0.24565979E-03  0.24565979E-03  0.48866631E-03  0.48866631E-03
 0.44354213E+02  0.24393677E-03  0.24393677E-03  0.48301907E-03  0.48301907E-03
 0.44444917E+02  0.24201644E-03  0.24201644E-03  0.47762753E-03  0.47762753E-03
 0.44535621E+02  0.23986503E-03  0.23986503E-03  0.47218202E-03  0.47218202E-03
 0.44626325E+02  0.23760359E-03  0.23760359E-03  0.46642821E-03  0.46642821E-03
 0.44717029E+02  0.23543772E-03  0.23543772E-03  0.46022879E-03  0.46022879E-03
 0.44807733E+02  0.23357502E-03  0.23357502E-03  0.45356815E-03  0.45356815E-03
 0.44898438E+02  0.23216612E-03  0.23216612E-03  0.44650934E-03  0.44650934E-03
 0.44989142E+02  0.23129032E-03  0.23129032E-03  0.43913343E-03  0.43913343E-03
 0.45079846E+02  0.23098044E-03  0.23098044E-03  0.43149055E-03  0.43149055E-03
 0.45170550E+02  0.23127082E-03  0.23127082E-03  0.42358254E-03  0.42358254E-03
 0.45261254E+02  0.23224244E-03  0.23224244E-03  0.41538181E-03  0.41538181E-03
 0.45351958E+02  0.23404494E-03  0.23404494E-03  0.40687501E-03  0.40687501E-03
 0.45442662E+02  0.23688680E-03  0.23688680E-03  0.39811363E-03  0.39811363E-03
 0.45533367E+02  0.24099661E-03  0.24099661E-03  0.38924899E-03  0.38924899E-03
 0.45624071E+02  0.24657217E-03  0.24657217E-03  0.38054268E-03  0.38054268E-03
 0.45714775E+02  0.25373045E-03  0.25373045E-03  0.37235037E-03  0.37235037E-03
 0.45805479E+02  0.26247096E-03  0.26247096E-03  0.36508649E-03  0.36508649E-03
 0.45896183E+02  0.27265671E-03  0.27265671E-03  0.35917688E-03  0.35917688E-03
 0.45986888E+02  0.28401599E-03  0.28401599E-03  0.35500975E-03  0.35500975E-03
 0.46077592E+02  0.29616179E-03  0.29616179E-03  0.35289328E-03  0.35289328E-03
 0.46168296E+02  0.30862017E-03  0.30862017E-03  0.35302670E-03  0.35302670E-03
 0.46259000E+02  0.32085808E-03  0.32085808E-03  0.35548214E-03  0.35548214E-03
 0.46349704E+02  0.33230603E-03  0.33230603E-03  0.36018342E-03  0.36018342E-03
 0.46440408E+02  0.34239252E-03  0.34239252E-03  0.36687142E-03  0.36687142E-03
 0.46531113E+02  0.35061718E-03  0.35061718E-03  0.37506735E-03  0.37506735E-03
 0.46621817E+02  0.35667260E-03  0.35667260E-03  0.38407713E-03  0.38407713E-03
 0.46712521E+02  0.36057983E-03  0.36057983E-03  0.39308563E-03  0.39308563E-03
 0.46803225E+02  0.36275799E-03  0.36275799E-03  0.40134993E-03  0.40134993E-03
 0.46893929E+02  0.36395913E-03  0.36395913E-03  0.40842808E-03  0.40842808E-03
 0.46984633E+02  0.36506462E-03  0.36506462E-03  0.41434230E-03  0.41434230E-03
 0.47075338E+02  0.36681101E-03  0.36681101E-03  0.41960107E-03  0.41960107E-03
 0.47166042E+02  0.36953807E-03  0.36953807E-03  0.42506727E-03  0.42506727E-03
 0.47256746E+02  0.37303062E-03  0.37303062E-03  0.43170522E-03  0.43170522E-03
 0.47347450E+02  0.37650679E-03  0.37650679E-03  0.44025742E-03  0.44025742E-03
 0.47438154E+02  0.37879691E-03  0.37879691E-03  0.45092802E-03  0.45092802E-03
 0.47528858E+02  0.37871346E-03  0.37871346E-03  0.46320012E-03  0.46320012E-03
 0.47619563E+02  0.37550139E-03  0.37550139E-03  0.47592357E-03  0.47592357E-03
 0.47710267E+02  0.36915020E-03  0.36915020E-03  0.48769341E-03  0.48769341E-03
 0.47800971E+02  0.36038036E-03  0.36038036E-03  0.49734517E-03  0.49734517E-03
 0.47891675E+02  0.35032570E-03  0.35032570E-03  0.50430029E-03  0.50430029E-03
 0.47982379E+02  0.34011452E-03  0.34011452E-03  0.50861816E-03  0.50861816E-03
 0.48073083E+02  0.33056450E-03  0.33056450E-03  0.51080711E-03  0.51080711E-03
 0.48163788E+02  0.32207162E-03  0.32207162E-03  0.51154781E-03  0.51154781E-03
 0.48254492E+02  0.31466528E-03  0.31466528E-03  0.51145645E-03  0.51145645E-03
 0.48345196E+02  0.30815337E-03  0.30815337E-03  0.51094674E-03  0.51094674E-03
 0.48435900E+02  0.30228687E-03  0.30228687E-03  0.51020072E-03  0.51020072E-03
 0.48526604E+02  0.29688893E-03  0.29688893E-03  0.50922910E-03  0.50922910E-03
 0.48617308E+02  0.29191169E-03  0.29191169E-03  0.50797928E-03  0.50797928E-03
 0.48708013E+02  0.28741445E-03  0.28741445E-03  0.50643921E-03  0.50643921E-03
 0.48798717E+02  0.28348750E-03  0.28348750E-03  0.50469362E-03  0.50469362E-03
 0.48889421E+02  0.28016508E-03  0.28016508E-03  0.50291490E-03  0.50291490E-03
 0.48980125E+02  0.27736846E-03  0.27736846E-03  0.50129893E-03  0.50129893E-03
 0.49070829E+02  0.27490395E-03  0.27490395E-03  0.49997701E-03  0.49997701E-03
 0.49161533E+02  0.27252250E-03  0.27252250E-03  0.49894177E-03  0.49894177E-03
 0.49252237E+02  0.27002096E-03  0.27002096E-03  0.49802423E-03  0.49802423E-03
 0.49342942E+02  0.26734455E-03  0.26734455E-03  0.49694409E-03  0.49694409E-03
 0.49433646E+02  0.26464005E-03  0.26464005E-03  0.49542063E-03  0.49542063E-03
 0.49524350E+02  0.26222793E-03  0.26222793E-03  0.49329884E-03  0.49329884E-03
 0.49615054E+02  0.26050257E-03  0.26050257E-03  0.49063475E-03  0.49063475E-03
 0.49705758E+02  0.25980290E-03  0.25980290E-03  0.48770716E-03  0.48770716E-03
 0.49796462E+02  0.26030070E-03  0.26030070E-03  0.48495713E-03  0.48495713E-03
 0.49887167E+02  0.26193951E-03  0.26193951E-03  0.48288051E-03  0.48288051E-03
 0.49977871E+02  0.26443817E-03  0.26443817E-03  0.48190526E-03  0.48190526E-03
 0.50068575E+02  0.26736002E-03  0.26736002E-03  0.48229005E-03  0.48229005E-03
 0.50159279E+02  0.27022660E-03  0.27022660E-03  0.48407989E-03  0.48407989E-03
 0.50249983E+02  0.27263050E-03  0.27263050E-03  0.48714194E-03  0.48714194E-03
 0.50340687E+02  0.27428863E-03  0.27428863E-03  0.49125847E-03  0.49125847E-03
 0.50431392E+02  0.27501115E-03  0.27501115E-03  0.49621425E-03  0.49621425E-03
 0.50522096E+02  0.27462363E-03  0.27462363E-03  0.50181219E-03  0.50181219E-03
 0.50612800E+02  0.27292273E-03  0.27292273E-03  0.50780586E-03  0.50780586E-03
 0.50703504E+02  0.26972889E-03  0.26972889E-03  0.51381167E-03  0.51381167E-03
 0.50794208E+02  0.26502042E-03  0.26502042E-03  0.51929952E-03  0.51929952E-03
 0.50884913E+02  0.25905326E-03  0.25905326E-03  0.52371058E-03  0.52371058E-03
 0.50975617E+02  0.25236059E-03  0.25236059E-03  0.52665093E-03  0.52665093E-03
 0.51066321E+02  0.24560999E-03  0.24560999E-03  0.52804324E-03  0.52804324E-03
 0.51157025E+02  0.23939499E-03  0.23939499E-03  0.52814518E-03  0.52814518E-03
 0.51247729E+02  0.23407005E-03  0.23407005E-03  0.52743778E-03  0.52743778E-03
 0.51338433E+02  0.22969111E-03  0.22969111E-03  0.52645046E-03  0.52645046E-03
 0.51429138E+02  0.22623538E-03  0.22606550E-03  0.52469740E-03  0.52559825E-03
 0.51519842E+02  0.22303031E-03  0.22287839E-03  0.52342149E-03  0.52508721E-03
 0.51610546E+02  0.21985926E-03  0.21983811E-03  0.52328651E-03  0.52491608E-03
 0.51701250E+02  0.21667626E-03  0.21677810E-03  0.52165452E-03  0.52496381E-03
 0.51791954E+02  0.21344867E-03  0.21367035E-03  0.52096475E-03  0.52510881E-03
 0.51882658E+02  0.21018029E-03  0.21055891E-03  0.52034032E-03  0.52531329E-03
 0.51973363E+02  0.20691614E-03  0.20746461E-03  0.52059825E-03  0.52562955E-03
 0.52064067E+02  0.20340214E-03  0.20432255E-03  0.51913672E-03  0.52614013E-03
 0.52154771E+02  0.19983006E-03  0.20098430E-03  0.51852591E-03  0.52687598E-03
 0.52245475E+02  0.19612031E-03  0.19727691E-03  0.51780693E-03  0.52776236E-03
 0.52336179E+02  0.19228847E-03  0.19308257E-03  0.51787019E-03  0.52862220E-03
 0.52426883E+02  0.18841854E-03  0.18839298E-03  0.51568605E-03  0.52923174E-03
 0.52517588E+02  0.18453448E-03  0.18331241E-03  0.51431209E-03  0.52939609E-03
 0.52608292E+02  0.18051374E-03  0.17801339E-03  0.51365070E-03  0.52900302E-03
 0.52698996E+02  0.17673405E-03  0.17267427E-03  0.51176414E-03  0.52803481E-03
 0.52789700E+02  0.17346323E-03  0.16743153E-03  0.50861710E-03  0.52653926E-03
 0.52880404E+02  0.17008453E-03  0.16236500E-03  0.50636452E-03  0.52458425E-03
 0.52971108E+02  0.16651681E-03  0.15751568E-03  0.50477897E-03  0.52222096E-03
 0.53061813E+02  0.16352986E-03  0.15291947E-03  0.50221930E-03  0.51947259E-03
 0.53152517E+02  0.16077735E-03  0.14863501E-03  0.49958408E-03  0.51635174E-03
 0.53243221E+02  0.15835255E-03  0.14474763E-03  0.49677914E-03  0.51289094E-03
 0.53333925E+02  0.15606858E-03  0.14134862E-03  0.49410552E-03  0.50916738E-03
 0.53424629E+02  0.15399753E-03  0.13850223E-03  0.49145866E-03  0.50530455E-03
 0.53515333E+02  0.15165155E-03  0.13621911E-03  0.48936793E-03  0.50145236E-03
 0.53606037E+02  0.15052807E-03  0.13444818E-03  0.48622634E-03  0.49775437E-03
 0.53696742E+02  0.14897773E-03  0.13308820E-03  0.48378832E-03  0.49431825E-03
 0.53787446E+02  0.14755732E-03  0.13201291E-03  0.48143872E-03  0.49119831E-03
 0.53878150E+02  0.14583920E-03  0.13109909E-03  0.47954072E-03  0.48839423E-03
 0.53968854E+02  0.14464482E-03  0.13024953E-03  0.47734468E-03  0.48586422E-03
 0.54059558E+02  0.14402098E-03  0.12940306E-03  0.47483490E-03  0.48354738E-03
 0.54150263E+02  0.14261000E-03  0.12852783E-03  0.47313271E-03  0.48138547E-03
 0.54240967E+02  0.14164556E-03  0.12760110E-03  0.47120126E-03  0.47932899E-03
 0.54331671E+02  0.14074688E-03  0.12659418E-03  0.46935402E-03  0.47731938E-03
 0.54422375E+02  0.14001483E-03  0.12548883E-03  0.46751423E-03  0.47525800E-03
 0.54513079E+02  0.13923334E-03  0.12433081E-03  0.46584547E-03  0.47300215E-03
 0.54603783E+02  0.13850312E-03  0.12328384E-03  0.46427073E-03  0.47042313E-03
 0.54694488E+02  0.13755832E-03  0.12261787E-03  0.46298294E-03  0.46751120E-03
 0.54785192E+02  0.13692633E-03  0.12260451E-03  0.46159826E-03  0.46445403E-03
 0.54875896E+02  0.13661440E-03  0.12336556E-03  0.46008759E-03  0.46161433E-03
 0.54966600E+02  0.13579213E-03  0.12476734E-03  0.45908945E-03  0.45939320E-03
 0.55057304E+02  0.13518131E-03  0.12644208E-03  0.45802567E-03  0.45803667E-03
 0.55148008E+02  0.13455505E-03  0.12795891E-03  0.45706143E-03  0.45750662E-03
 0.55238713E+02  0.13376934E-03  0.12904498E-03  0.45634719E-03  0.45752958E-03
 0.55329417E+02  0.13327023E-03  0.12967681E-03  0.45533250E-03  0.45780027E-03
 0.55420121E+02  0.13254020E-03  0.12997474E-03  0.45462024E-03  0.45815100E-03
 0.55510825E+02  0.13168028E-03  0.13004233E-03  0.45414802E-03  0.45854884E-03
 0.55601529E+02  0.13087383E-03  0.12991596E-03  0.45357251E-03  0.45899426E-03
 0.55692233E+02  0.13001766E-03  0.12960953E-03  0.45305353E-03  0.45947350E-03
 0.55782938E+02  0.12913516E-03  0.12912884E-03  0.45249282E-03  0.45997922E-03
 0.55873642E+02  0.12817062E-03  0.12843876E-03  0.45206655E-03  0.46048958E-03
 0.55964346E+02  0.12715179E-03  0.12749868E-03  0.45168337E-03  0.46089311E-03
 0.56055050E+02  0.12605455E-03  0.12639489E-03  0.45155196E-03  0.46100031E-03
 0.56145754E+02  0.12492744E-03  0.12539959E-03  0.45125407E-03  0.46071315E-03
 0.56236458E+02  0.12373175E-03  0.12482229E-03  0.45121986E-03  0.46018275E-03
 0.56327163E+02  0.12247342E-03  0.12477782E-03  0.45062357E-03  0.45975095E-03
 0.56417867E+02  0.12113359E-03  0.12511717E-03  0.45040647E-03  0.45971556E-03
 0.56508571E+02  0.11972648E-03  0.12558952E-03  0.45047322E-03  0.46015601E-03
 0.56599275E+02  0.11822417E-03  0.12605524E-03  0.45029685E-03  0.46098377E-03
 0.56689979E+02  0.11663004E-03  0.12653839E-03  0.45012095E-03  0.46212496E-03
 0.56780683E+02  0.11493010E-03  0.12712337E-03  0.44974427E-03  0.46362960E-03
 0.56871388E+02  0.11314559E-03  0.12785643E-03  0.44951935E-03  0.46566506E-03
 0.56962092E+02  0.11127539E-03  0.12869117E-03  0.44959936E-03  0.46850288E-03
 0.57052796E+02  0.10929663E-03  0.12937877E-03  0.44929739E-03  0.47250629E-03
 0.57143500E+02  0.10723017E-03  0.12931130E-03  0.44892763E-03  0.47796191E-03
 0.57234204E+02  0.10506424E-03  0.12757485E-03  0.44886504E-03  0.48470885E-03
 0.57324908E+02  0.10289786E-03  0.12341029E-03  0.44766427E-03  0.49190471E-03
 0.57415613E+02  0.10064258E-03  0.11674361E-03  0.44700804E-03  0.49833262E-03
 0.57506317E+02  0.98275718E-04  0.10821063E-03  0.44665686E-03  0.50302220E-03
 0.57597021E+02  0.95939633E-04  0.98730315E-04  0.44578412E-03  0.50555906E-03
 0.57687725E+02  0.93484741E-04  0.89148121E-04  0.44521729E-03  0.50599225E-03
 0.57778429E+02  0.91127382E-04  0.80097858E-04  0.44411265E-03  0.50466213E-03
 0.57869133E+02  0.89048467E-04  0.71943076E-04  0.44217478E-03  0.50205981E-03
 0.57959837E+02  0.86612380E-04  0.64770850E-04  0.44126490E-03  0.49867422E-03
 0.58050542E+02  0.84369018E-04  0.58474992E-04  0.43984323E-03  0.49485997E-03
 0.58141246E+02  0.81981626E-04  0.52896452E-04  0.43872518E-03  0.49079885E-03
 0.58231950E+02  0.79839617E-04  0.47924369E-04  0.43712150E-03  0.48656367E-03
 0.58322654E+02  0.77765760E-04  0.43504923E-04  0.43544551E-03  0.48220341E-03
 0.58413358E+02  0.75952984E-04  0.39602600E-04  0.43341743E-03  0.47777582E-03
 0.58504063E+02  0.74036369E-04  0.36176481E-04  0.43163141E-03  0.47333891E-03
 0.58594767E+02  0.71944505E-04  0.33180359E-04  0.43013343E-03  0.46894016E-03
 0.58685471E+02  0.70173604E-04  0.30568385E-04  0.42825252E-03  0.46461541E-03
 0.58776175E+02  0.68479268E-04  0.28297097E-04  0.42634300E-03  0.46039209E-03
 0.58866879E+02  0.66593474E-04  0.26324766E-04  0.42470538E-03  0.45629097E-03
 0.58957583E+02  0.65550562E-04  0.24611036E-04  0.42221883E-03  0.45232640E-03
 0.59048288E+02  0.63810632E-04  0.23117720E-04  0.42053843E-03  0.44850581E-03
 0.59138992E+02  0.62408596E-04  0.21810320E-04  0.41857248E-03  0.44483075E-03
 0.59229696E+02  0.61072397E-04  0.20658917E-04  0.41660661E-03  0.44129815E-03
 0.59320400E+02  0.59527244E-04  0.19638424E-04  0.41487815E-03  0.43790201E-03
 0.59411104E+02  0.58315642E-04  0.18728185E-04  0.41291197E-03  0.43463492E-03
 0.59501808E+02  0.57416546E-04  0.17911308E-04  0.41075440E-03  0.43148881E-03
 0.59592513E+02  0.56317727E-04  0.17174010E-04  0.40881822E-03  0.42845568E-03
 0.59683217E+02  0.55003982E-04  0.16505000E-04  0.40709148E-03  0.42552780E-03
 0.59773921E+02  0.54007396E-04  0.15894985E-04  0.40517692E-03  0.42269800E-03
 0.59864625E+02  0.53056245E-04  0.15336251E-04  0.40328036E-03  0.41995947E-03
 0.59955329E+02  0.51890001E-04  0.14822382E-04  0.40157288E-03  0.41730614E-03
 0.60046033E+02  0.51025923E-04  0.14347976E-04  0.39970755E-03  0.41473236E-03
 0.60136738E+02  0.50458161E-04  0.13908464E-04  0.39770305E-03  0.41223299E-03
 0.60227442E+02  0.49667171E-04  0.13499968E-04  0.39588502E-03  0.40980337E-03
 0.60318146E+02  0.48664547E-04  0.13119158E-04  0.39423203E-03  0.40743923E-03
 0.60408850E+02  0.47942632E-04  0.12763172E-04  0.39245095E-03  0.40513667E-03
 0.60499554E+02  0.47250245E-04  0.12429535E-04  0.39069199E-03  0.40289213E-03
 0.60590258E+02  0.46351063E-04  0.12116091E-04  0.38908169E-03  0.40070240E-03
 0.60680962E+02  0.46201881E-04  0.11820950E-04  0.38710542E-03  0.39856439E-03
 0.60771667E+02  0.45359833E-04  0.11542463E-04  0.38553351E-03  0.39647542E-03
 0.60862371E+02  0.44772109E-04  0.11279171E-04  0.38386088E-03  0.39443295E-03
 0.60953075E+02  0.43985335E-04  0.11029781E-04  0.38231849E-03  0.39243462E-03
 0.61043779E+02  0.43443980E-04  0.10793149E-04  0.38068425E-03  0.39047831E-03
 0.61134483E+02  0.42921882E-04  0.10568254E-04  0.37907112E-03  0.38856200E-03
 0.61225188E+02  0.42207475E-04  0.10354181E-04  0.37757587E-03  0.38668386E-03
 0.61315892E+02  0.42177401E-04  0.10150113E-04  0.37579474E-03  0.38484216E-03
 0.61406596E+02  0.41501928E-04  0.99553147E-05  0.37433654E-03  0.38303534E-03
 0.61497300E+02  0.41049189E-04  0.97691155E-05  0.37280355E-03  0.38126184E-03
 0.61588004E+02  0.40413160E-04  0.95909183E-05  0.37137485E-03  0.37952031E-03
 0.61678708E+02  0.39992287E-04  0.94201768E-05  0.36987719E-03  0.37780946E-03
 0.61769412E+02  0.39392237E-04  0.92563932E-05  0.36847769E-03  0.37612803E-03
 0.61860117E+02  0.39000091E-04  0.90991176E-05  0.36701438E-03  0.37447491E-03
 0.61950821E+02  0.38855398E-04  0.89479370E-05  0.36547451E-03  0.37284902E-03
 0.62041525E+02  0.38484311E-04  0.88024745E-05  0.36404894E-03  0.37124936E-03
 0.62132229E+02  0.38123624E-04  0.86623839E-05  0.36264063E-03  0.36967497E-03
 0.62222933E+02  0.37595617E-04  0.85273494E-05  0.36131735E-03  0.36812500E-03
 0.62313638E+02  0.37257519E-04  0.83970753E-05  0.35994027E-03  0.36659853E-03
 0.62404342E+02  0.36756096E-04  0.82712919E-05  0.35864358E-03  0.36509479E-03
 0.62495046E+02  0.36438535E-04  0.81497526E-05  0.35729670E-03  0.36361305E-03
 0.62585750E+02  0.35961600E-04  0.80322243E-05  0.35602592E-03  0.36215256E-03
 0.62676454E+02  0.36052762E-04  0.79184948E-05  0.35456856E-03  0.36071267E-03
 0.62767158E+02  0.35594588E-04  0.78083658E-05  0.35332663E-03  0.35929272E-03
 0.62857863E+02  0.35308580E-04  0.77016534E-05  0.35204006E-03  0.35789210E-03
 0.62948567E+02  0.34871394E-04  0.75981862E-05  0.35082232E-03  0.35651024E-03
 0.63039271E+02  0.34601156E-04  0.74978063E-05  0.34956266E-03  0.35514661E-03
 0.63129975E+02  0.34183422E-04  0.74003620E-05  0.34836840E-03  0.35380063E-03
 0.63220679E+02  0.33927634E-04  0.73057146E-05  0.34713465E-03  0.35247181E-03
 0.63311383E+02  0.34042931E-04  0.72137355E-05  0.34579350E-03  0.35115970E-03
 0.63402088E+02  0.33647626E-04  0.71243010E-05  0.34463657E-03  0.34986381E-03
 0.63492792E+02  0.33406322E-04  0.70372976E-05  0.34344303E-03  0.34858372E-03
 0.63583496E+02  0.33027350E-04  0.69526181E-05  0.34230758E-03  0.34731900E-03
 0.63674200E+02  0.32797962E-04  0.68701617E-05  0.34113753E-03  0.34606927E-03
 0.63764904E+02  0.32434223E-04  0.67898337E-05  0.34002290E-03  0.34483412E-03
 0.63855608E+02  0.32215845E-04  0.67115461E-05  0.33887556E-03  0.34361323E-03
 0.63946313E+02  0.31866346E-04  0.66352125E-05  0.33778111E-03  0.34240619E-03
 0.64037017E+02  0.31999142E-04  0.65607540E-05  0.33655185E-03  0.34121268E-03
 0.64127721E+02  0.31659889E-04  0.64880970E-05  0.33547922E-03  0.34003238E-03
 0.64218425E+02  0.31457831E-04  0.64171691E-05  0.33437670E-03  0.33886497E-03
 0.64309129E+02  0.31131157E-04  0.63479041E-05  0.33332287E-03  0.33771015E-03
 0.64399833E+02  0.30937967E-04  0.62802386E-05  0.33224066E-03  0.33656764E-03
 0.64490538E+02  0.30623105E-04  0.62141124E-05  0.33120507E-03  0.33543716E-03
 0.64581242E+02  0.30438169E-04  0.61494687E-05  0.33014249E-03  0.33431843E-03
 0.64671946E+02  0.30134421E-04  0.60862545E-05  0.32912463E-03  0.33321123E-03
 0.64762650E+02  0.30276677E-04  0.60244166E-05  0.32799027E-03  0.33211525E-03
 0.64853354E+02  0.29980641E-04  0.59639066E-05  0.32699133E-03  0.33103028E-03
 0.64944058E+02  0.29807663E-04  0.59046791E-05  0.32596753E-03  0.32995610E-03
 0.65034762E+02  0.29521572E-04  0.58466888E-05  0.32498514E-03  0.32889246E-03
 0.65125467E+02  0.29355383E-04  0.57898941E-05  0.32397901E-03  0.32783915E-03
 0.65216171E+02  0.29078687E-04  0.57342550E-05  0.32301267E-03  0.32679597E-03
 0.65306875E+02  0.28918852E-04  0.56797334E-05  0.32202366E-03  0.32576271E-03
 0.65397579E+02  0.28651036E-04  0.56262926E-05  0.32107291E-03  0.32473918E-03
 0.65488283E+02  0.28797823E-04  0.55738991E-05  0.32002003E-03  0.32372521E-03
 0.65578988E+02  0.28535961E-04  0.55225176E-05  0.31908588E-03  0.32272057E-03
 0.65669692E+02  0.28385098E-04  0.54721170E-05  0.31813070E-03  0.32172510E-03
 0.65760396E+02  0.28131276E-04  0.54226676E-05  0.31721118E-03  0.32073864E-03
 0.65851100E+02  0.27985745E-04  0.53741393E-05  0.31627151E-03  0.31976101E-03
 0.65941804E+02  0.27739549E-04  0.53265048E-05  0.31536619E-03  0.31879205E-03
 0.66032508E+02  0.27599035E-04  0.52797372E-05  0.31444158E-03  0.31783160E-03
 0.66123212E+02  0.27360088E-04  0.52338112E-05  0.31355008E-03  0.31687951E-03
 0.66213917E+02  0.27224298E-04  0.51887022E-05  0.31264008E-03  0.31593564E-03
 0.66304621E+02  0.27274068E-04  0.51443873E-05  0.31169104E-03  0.31499986E-03
 0.66395325E+02  0.27140431E-04  0.51008426E-05  0.31079617E-03  0.31407198E-03
 0.66486029E+02  0.26912791E-04  0.50580469E-05  0.30993234E-03  0.31315189E-03
 0.66576733E+02  0.26783429E-04  0.50159799E-05  0.30905120E-03  0.31223947E-03
 0.66667438E+02  0.26562102E-04  0.49746206E-05  0.30820002E-03  0.31133458E-03
 0.66758142E+02  0.26436782E-04  0.49339504E-05  0.30733222E-03  0.31043709E-03
 0.66848846E+02  0.26221475E-04  0.48939505E-05  0.30649336E-03  0.30954688E-03
 0.66939550E+02  0.26099982E-04  0.48546033E-05  0.30563852E-03  0.30866384E-03
 0.67030254E+02  0.26157690E-04  0.48158922E-05  0.30474728E-03  0.30778787E-03
 0.67120958E+02  0.26037743E-04  0.47777991E-05  0.30390585E-03  0.30691881E-03
 0.67211663E+02  0.25831733E-04  0.47403092E-05  0.30309167E-03  0.30605658E-03
 0.67302367E+02  0.25715282E-04  0.47034065E-05  0.30226246E-03  0.30520107E-03
 0.67393071E+02  0.25514577E-04  0.46670770E-05  0.30145963E-03  0.30435218E-03
 0.67483775E+02  0.25401443E-04  0.46313054E-05  0.30064232E-03  0.30350980E-03
 0.67574479E+02  0.25205815E-04  0.45960784E-05  0.29985054E-03  0.30267383E-03
 0.67665183E+02  0.25095837E-04  0.45613827E-05  0.29904482E-03  0.30184418E-03
 0.67755888E+02  0.24905073E-04  0.45272052E-05  0.29826381E-03  0.30102075E-03
 0.67846592E+02  0.25050464E-04  0.44935344E-05  0.29741118E-03  0.30020348E-03
 0.67937296E+02  0.24862590E-04  0.44603568E-05  0.29664153E-03  0.29939223E-03
 0.68028000E+02  0.24756634E-04  0.44276616E-05  0.29585874E-03  0.29858693E-03
