4
-8.611363115940525752239464888928095050957e-1 3.478548451374538573730639492219994072353e-1
-3.399810435848562648026657591032446872006e-1 6.521451548625461426269360507780005927647e-1
6
-9.324695142031520278123015544939946091348e-1 1.713244923791703450402961421727328935268e-1
-6.612093864662645136613995950199053470064e-1 3.607615730481386075698335138377161116615e-1
-2.386191860831969086305017216807119354186e-1 4.679139345726910473898703439895509948117e-1
8
-9.602898564975362316835608685694729904282e-1 1.012285362903762591525313543099621901154e-1
-7.966664774136267395915539364758304368372e-1 2.223810344533744705443559944262408844301e-1
-5.255324099163289858177390491892463490420e-1 3.137066458778872873379622019866013132603e-1
-1.834346424956498049394761423601839806668e-1 3.626837833783619829651504492771956121941e-1
10
-9.739065285171717200779640120844520534283e-1 6.667134430868813759356880989333179285786e-2
-8.650633666889845107320966884234930485275e-1 1.494513491505805931457763396576973324026e-1
-6.794095682990244062343273651148735757693e-1 2.190863625159820439955349342281631924588e-1
-4.333953941292471907992659431657841622001e-1 2.692667193099963550912269215694693528598e-1
-1.488743389816312108848260011297199846176e-1 2.955242247147528701738929946513383294210e-1
12
-9.815606342467192506905490901492808229602e-1 4.717533638651182719461596148501706031703e-2
-9.041172563704748566784658661190961925376e-1 1.069393259953184309602547181939962242146e-1
-7.699026741943046870368938332128180759849e-1 1.600783285433462263346525295433590718720e-1
-5.873179542866174472967024189405342803691e-1 2.031674267230659217490644558097983765065e-1
-3.678314989981801937526915366437175612564e-1 2.334925365383548087608498989248780562594e-1
-1.252334085114689154724413694638531299834e-1 2.491470458134027850005624360429512108305e-1
14
-9.862838086968123388415972667040528016761e-1 3.511946033175186303183287613819178061971e-2
-9.284348836635735173363911393778742644770e-1 8.015808715976020980563327706285430958370e-2
-8.272013150697649931897947426503949610397e-1 1.215185706879031846894148090724766259567e-1
-6.872929048116854701480198030193341375384e-1 1.572031671581935345696019386238421566057e-1
-5.152486363581540919652907185511886623089e-1 1.855383974779378137417165901251570362489e-1
-3.191123689278897604356718241684754668343e-1 2.051984637212956039659240656612180557103e-1
-1.080549487073436620662446502198347476120e-1 2.152638534631577901958764433162600352750e-1
16
-9.894009349916499325961541734503326274263e-1 2.715245941175409485178057245601810351227e-2
-9.445750230732325760779884155346083450911e-1 6.225352393864789286284383699437769427499e-2
-8.656312023878317438804678977123931323873e-1 9.515851168249278480992510760224622635526e-2
-7.554044083550030338951011948474422683538e-1 1.246289712555338720524762821920164201449e-1
-6.178762444026437484466717640487910189919e-1 1.495959888165767320815017305474785489705e-1
-4.580167776572273863424194429835775735400e-1 1.691565193950025381893120790303599622116e-1
-2.816035507792589132304605014604961064861e-1 1.826034150449235888667636679692199393836e-1
-9.501250983763744018531933542495806313035e-2 1.894506104550684962853967232082831051469e-1
18
-9.915651684209309467300160047061507702526e-1 2.161601352648331031334271026645246938769e-2
-9.558239495713977551811958929297763099728e-1 4.971454889496979645333494620263864168087e-2
-8.926024664975557392060605911271455154079e-1 7.642573025488905652912967761663652560532e-2
-8.037049589725231156824174550145907971033e-1 1.009420441062871655628139849248346070628e-1
-6.916870430603532078748910812888483894523e-1 1.225552067114784601845191268002015552282e-1
-5.597708310739475346078715485253291369276e-1 1.406429146706506512047313037519472280955e-1
-4.117511614628426460359317938330516370790e-1 1.546846751262652449254180038363747721932e-1
-2.518862256915055095889728548779112301629e-1 1.642764837458327229860537764659275904123e-1
-8.477501304173530124226185293578381173332e-2 1.691423829631435918406564701349866103341e-1
20
-9.931285991850949247861223884713202782226e-1 1.761400713915211831186196235185281636214e-2
-9.639719272779137912676661311972772219121e-1 4.060142980038694133103995227493210987909e-2
-9.122344282513259058677524412032981130492e-1 6.267204833410906356950653518704160635160e-2
-8.391169718222188233945290617015206853296e-1 8.327674157670474872475814322204620610018e-2
-7.463319064601507926143050703556415903107e-1 1.019301198172404350367501354803498761667e-1
-6.360536807265150254528366962262859367434e-1 1.181945319615184173123773777113822870050e-1
-5.108670019508270980043640509552509984255e-1 1.316886384491766268984944997481631349161e-1
-3.737060887154195606725481770249272373957e-1 1.420961093183820513292983250671649330345e-1
-2.277858511416450780804961953685746247431e-1 1.491729864726037467878287370019694366927e-1
-7.652652113349733375464040939883821100480e-2 1.527533871307258506980843319550975934919e-1
22
-9.942945854823992920730314211612989803931e-1 1.462799529827220068499109804718544519021e-2
-9.700604978354287271239509867652687108060e-1 3.377490158481415479330224686591290134917e-2
-9.269567721871740005206929392590531966353e-1 5.229333515268328594031205127321125611215e-2
-8.658125777203001365364256370193787290848e-1 6.979646842452048809496141893021765739878e-2
-7.878168059792081620042779554083515213882e-1 8.594160621706772741444368137270286618914e-2
-6.944872631866827800506898357622567712673e-1 1.004141444428809649320788378305362823508e-1
-5.876404035069115929588769276386473488776e-1 1.129322960805392183934006074217843191143e-1
-4.693558379867570264063307109664063460953e-1 1.232523768105124242855609861548144719594e-1
-3.419358208920842251581474204273796195592e-1 1.311735047870623707329649925303074458757e-1
-2.078604266882212854788465339195457342157e-1 1.365414983460151713525738312315173965864e-1
-6.973927331972222121384179611862808182230e-2 1.392518728556319933754102483418099578739e-1
24
-9.951872199970213601799974097007368118746e-1 1.234122979998719954680566707003729157591e-2
-9.747285559713094981983919930081690617412e-1 2.853138862893366318130781595187828644920e-2
-9.382745520027327585236490017087214496548e-1 4.427743881741980616860274821133822885931e-2
-8.864155270044010342131543419821967550873e-1 5.929858491543678074636775850010858454120e-2
-8.200019859739029219539498726697452080761e-1 7.334648141108030573403361525311651811934e-2
-7.401241915785543642438281030999784255233e-1 8.619016153195327591718520298374266718508e-2
-6.480936519369755692524957869107476266697e-1 9.761865210411388826988066446424715442792e-2
-5.454214713888395356583756172183723700108e-1 1.074442701159656347825773424466062227946e-1
-4.337935076260451384870842319133497124524e-1 1.155056680537256013533444839067835598623e-1
-3.150426796961633743867932913198102407865e-1 1.216704729278033912044631534762624256070e-1
-1.911188674736163091586398207570696318404e-1 1.258374563468282961213753825111836887264e-1
-6.405689286260562608504308262474503859100e-2 1.279381953467521569740561652246953718517e-1
26
-9.958857011456169290032169593229060259569e-1 1.055137261734300715565118768525197790435e-2
-9.783854459564709911005803543119263054469e-1 2.441785109263190878961582751978840024050e-2
-9.471590666617142501359152835180367545207e-1 3.796238329436276395030314124885049469077e-2
-9.026378619843070742176655992312102513411e-1 5.097582529714781199831990072407337952588e-2
-8.454459427884980187975070614678381615721e-1 6.327404632957483553945368990704509572222e-2
-7.763859488206788561929672472422838669762e-1 7.468414976565974588707579610284833863875e-2
-6.964272604199572648638139137294246978608e-1 8.504589431348523921044776507998169658392e-2
-6.066922930176180632319787469168870544353e-1 9.421380035591414846366488306730319854917e-2
-5.084407148245057176957030647255691753763e-1 1.020591610944254232384140702534307923272e-1
-4.030517551234863064810773770988831036599e-1 1.084718405285765906565794267279975822894e-1
-2.920048394859568951428353820778302968847e-1 1.133618165463196665494407184425981452460e-1
-1.768588203568901839690577484183447499774e-1 1.166604434852965820446625075403622136320e-1
-5.923009342931320709371857519840336079023e-2 1.183214152792622765163710857004686846499e-1
28
-9.964424975739544499504363904833109917501e-1 9.124282593094517738816153922951706240344e-3
-9.813031653708727536945599458078302764442e-1 2.113211259277125975150038099326543445137e-2
-9.542592806289381972541018397052155890034e-1 3.290142778230437997763081917053204598153e-2
-9.156330263921320738696894233299271463525e-1 4.427293475900422783958787765320739061499e-2
-8.658925225743950489422545673796868043419e-1 5.510734567571674543148291822694559121906e-2
-8.056413709171791714478859554252776586717e-1 6.527292396699959579339756677550463635364e-2
-7.356108780136317720281445102925343680161e-1 7.464621423456877902393188717302203802164e-2
-6.566510940388649612198981765067428215696e-1 8.311341722890121839039649824433247986113e-2
-5.697204718114017193080032833564309331247e-1 9.057174439303284094218603133678412982286e-2
-4.758742249551182610344118476674340426272e-1 9.693065799792991585048900609544060176503e-2
-3.762515160890787102213572095560869828717e-1 1.021129675780607698142166385057121350466e-1
-2.720616276351780776768263561257697348248e-1 1.060557659228464179104164369968108287899e-1
-1.645692821333807712814717778911654571457e-1 1.087111922582941352535715193036733678753e-1
-5.507928988403427042651652734187997785080e-2 1.100470130164751962823762656018176139566e-1
30
-9.968934840746495402716300509186952833409e-1 7.968192496166605615465883474673622450481e-3
-9.836681232797472099700325816056628019403e-1 1.846646831109095914230213191204726909621e-2
-9.600218649683075122168710255817976629304e-1 2.878470788332336934971917961129204363959e-2
-9.262000474292743258793242770804740040865e-1 3.879919256962704959680193644634769203320e-2
-8.825605357920526815431164625302255900567e-1 4.840267283059405290293814042280751781527e-2
-8.295657623827683974428981197325019164391e-1 5.749315621761906648172168940205612879712e-2
-7.677774321048261949179773409745031316949e-1 6.597422988218049512812851511596236123744e-2
-6.978504947933157969322923880266400683824e-1 7.375597473770520626824385002219073415377e-2
-6.205261829892428611404775564311892992074e-1 8.075589522942021535469493846052973087589e-2
-5.366241481420198992641697933110727941642e-1 8.689978720108297980238753071512570257675e-2
-4.470337695380891767806099003228540001624e-1 9.212252223778612871763270708761876719691e-2
-3.527047255308781134710372070893738606536e-1 9.636873717464425963946862635180986509641e-2
-2.546369261678898464398051298178051078828e-1 9.959342058679526706278028210356947652987e-2
-1.538699136085835469637946727432559204186e-1 1.017623897484055045964289521685540446327e-1
-5.147184255531769583302521316672257374914e-2 1.028526528935588403412856367054150438684e-1
32
-9.972638618494815635449811286650407271385e-1 7.018610009470096600407063738853182513377e-3
-9.856115115452683354001750446309019786324e-1 1.627439473090567060517056220638661817954e-2
-9.647622555875064307738119281182749603889e-1 2.539206530926205945575258978922402928755e-2
-9.349060759377396891709191348354093255287e-1 3.427386291302143310268773225237270699484e-2
-8.963211557660521239653072437192122684790e-1 4.283589802222668065687864660612552849281e-2
-8.493676137325699701336930049677425389549e-1 5.099805926237617619616324468952169526018e-2
-7.944837959679424069630972989704289020955e-1 5.868409347853554714528363730017088675012e-2
-7.321821187402896803874266650912671466303e-1 6.582222277636184683765006370693877287754e-2
-6.630442669302152009751151686632383689770e-1 7.234579410884850622539935647848779160434e-2
-5.877157572407623290407454764018268584509e-1 7.819389578707030647174091882830667103979e-2
-5.068999089322293900237474743778212301803e-1 8.331192422694675522219907460434861153875e-2
-4.213512761306353453641194361724264783359e-1 8.765209300440381114277146275180228754845e-2
-3.318686022821276497799168057301879961958e-1 9.117387869576388471286857711163706254486e-2
-2.392873622521370745446032091655015206089e-1 9.384439908080456563918023766811726003610e-2
-1.444719615827964934851863735988106522038e-1 9.563872007927485941908200220413110059489e-2
-4.830766568773831623481257044050216369085e-2 9.654008851472780056676483006357579473686e-2
34
-9.975717537908419192433724374546292314005e-1 6.229140555908684718606461071437786124527e-3
-9.872278164063094850497504310996849729488e-1 1.445016274859503541520221032874699068754e-2
-9.687082625333442817646465730559935109678e-1 2.256372198549497008409408871495426124903e-2
-9.421623974051070916316760254605729030062e-1 3.049138063844613180944238768131759103063e-2
-9.078096777183244688008998890192874601624e-1 3.816659379638751632176592028997655882395e-2
-8.659346383345644692635720906712998446966e-1 4.552561152335327245382256339527060299824e-2
-8.168842279009336645915789065869732583931e-1 5.250741457267810616824597484246759965872e-2
-7.610648766298730141874089689787368336045e-1 5.905413582752449319396097235052619082849e-2
-6.989391132162629079330001065757771826378e-1 6.511152155407641137854443006489377358364e-2
-6.310217270805285453177757555190082778109e-1 7.062937581425572499903879656768535500116e-2
-5.578755006697466427364598862162745813374e-1 7.556197466003193127083397422843572405882e-2
-4.801065451903270341941026805073971085874e-1 7.986844433977184473881883280643799355056e-2
-3.983592777586459406314947529323515293425e-1 8.351309969984565518702022804614939058072e-2
-3.133110813394632474583167656509779947712e-1 8.646573974703574978424685628074758031407e-2
-2.256666916164494838686411809343472443522e-1 8.870189783569386928707645736488071274428e-2
-1.361523572591829758944288243311178314973e-1 9.020304437064072957394224201749392884103e-2
-4.550982195310254274907567085193016383108e-2 9.095674033025987361533760394857795992461e-2
36
-9.978304624840858361988283455807502386498e-1 5.565719664245045361255984390547837417225e-3
-9.885864789022122380733951078771074466072e-1 1.291594728406557440450341149779164919196e-2
-9.720276910496979493356050484311083276160e-1 2.018151529773547153209892895822112741959e-2
-9.482729843995075452024741149452278462894e-1 2.729862149856877909441718086798335799046e-2
-9.174977745156590660758672230261563999369e-1 3.421381077030722992124506156271455407010e-2
-8.799298008903971319824273374658355887733e-1 4.087575092364489547411454514326319154794e-2
-8.358471669924753064188208724986006533468e-1 4.723508349026597841661682961667483207315e-2
-7.855762301322065128277689650802926033023e-1 5.324471397775991909202562828621964968893e-2
-7.294891715935565820902604790061089855658e-1 5.886014424532481730967539981892003594275e-2
-6.680012365855210620971913443409176391647e-1 6.403979735501548955638479862585633974602e-2
-6.015676581359805350799449750735947517430e-1 6.874532383573644261368963936361320834173e-2
-5.306802859262451616407090801215698176612e-1 7.294188500565306135387337694127421828695e-2
-4.558639444334202672072176693274409259578e-1 7.659841064587067452875773372150164172793e-2
-3.776725471196892163227363896699076221662e-1 7.968782891207160190872466550186390732753e-2
-2.966849953440282705032390477451704527002e-1 8.218726670433970951722347354494230286496e-2
-2.135008923168655789432262289027139167585e-1 8.407821897966193493345762429159582120394e-2
-1.287361038093847886519933880051523011773e-1 8.534668573933862749185054307648977099879e-2
-4.301819847370860722696897822836343455429e-2 8.598327567039474749008517479052655416005e-2
38
-9.980499305356876198128470765515809974905e-1 5.002880749639345675899542091899370463839e-3
-9.897394542663855719444258911056793473244e-1 1.161344471646867417766830120043742735724e-2
-9.748463285901535076408855409463886425920e-1 1.815657770961323689887612575478220226291e-2
-9.534663309335295956705421531174412173858e-1 2.457973973823237589520120544670628744596e-2
-9.257413320485843968251095622130509114809e-1 3.083950054517505465873108631330868892041e-2
-8.918557390046322167949370319739175115799e-1 3.689408159402473816494016233681495034736e-2
-8.520350219323621888596497112472762804404e-1 4.270315850467443423587843435880770867842e-2
-8.065441676053168155515653759796983257318e-1 4.822806186075868337435217991142022418936e-2
-7.556859037539706807377380967793874135038e-1 5.343201991033231997375699063124875607692e-2
-6.997986803791843559128258406274158756382e-1 5.828039914699720602230586825814005591513e-2
-6.392544158296817071803448695002602717012e-1 6.274093339213305405296967152513706432090e-2
-5.744560210478070811329275009244725102102e-1 6.678393797914041193504615152901925995595e-2
-5.058347179279311032405337164676520027938e-1 7.038250706689895473928296759365884083926e-2
-4.338471694323764843732561625178422040059e-1 7.351269258474345714520644484833647857664e-2
-3.589724404794350132567176214565342917961e-1 7.615366354844639606599354110447252799635e-2
-2.817088097901652613601140714187000767697e-1 7.828784465821094807537540333573626256490e-2
-2.025704538921167032039777815146070573717e-1 7.990103324352782158602768392518569655030e-2
-1.220840253378674198696123813294071165681e-1 8.098249377059710062326946994905814193652e-2
-4.078514790457823991331643232978492078477e-2 8.152502928038578669921876988583005560164e-2
40
-9.982377097105592003496227024205864923358e-1 4.521277098533191258471732878185332727831e-3
-9.907262386994570064530543522213721549622e-1 1.049828453115281361474217106727965237679e-2
-9.772599499837742626633702837129038069787e-1 1.642105838190788871286348488236392729234e-2
-9.579168192137916558045409994527592850949e-1 2.224584919416695726150432418420857320703e-2
-9.328128082786765333608521668452057164348e-1 2.793700698002340109848915750772107730255e-2
-9.020988069688742967282533308684931035845e-1 3.346019528254784739267818308641084897724e-2
-8.659595032122595038207818083546199635705e-1 3.878216797447201763997203129044616225346e-2
-8.246122308333116631963202306660987739072e-1 4.387090818567327199167468604171549581101e-2
-7.783056514265193876949715455064948480207e-1 4.869580763507223206143416044814638806784e-2
-7.273182551899271032809964517549305485574e-1 5.322784698393682435499647977226050455532e-2
-6.719566846141795483793545149614941099703e-1 5.743976909939155136661773091042598560010e-2
-6.125538896679802379526124502306948773801e-1 6.130624249292893916653799640839859590259e-2
-5.494671250951282020759313055295179702340e-1 6.480401345660103807455452956675273003269e-2
-4.830758016861787129085665742448230045990e-1 6.791204581523390382569010823192398598420e-2
-4.137792043716050015248797458037136829741e-1 7.061164739128677969548363085528683235956e-2
-3.419940908257584730074924811791943100670e-1 7.288658239580405906051068344251783585756e-2
-2.681521850072536811411843448085961834248e-1 7.472316905796826420018933626132467319120e-2
-1.926975807013710997155168520651498948141e-1 7.611036190062624237155807592249482301256e-2
-1.160840706752552084834512844080241137687e-1 7.703981816424796558830753428381024852444e-2
-3.877241750605082193319344402462329467936e-2 7.750594797842481126372396295832632696367e-2
42
-9.983996189900624150228681268470502761779e-1 4.105998604649084610602779496835962657017e-3
-9.915772883408609197923612532808688334527e-1 9.536220301748502411820100292697998188685e-3
-9.793425080637481937089825665428560955865e-1 1.492244369735749414467767810586576762009e-2
-9.617593653382044887469271578533226811717e-1 2.022786956905264475705571907935418508267e-2
-9.389235573549881785331734336255919702514e-1 2.542295952611304788674244290943086438614e-2
-9.109597249041274525838478792085065423189e-1 3.047924069960346836290473352339239779177e-2
-8.780205698121727427119851034786235340628e-1 3.536907109759211083266218112650754190575e-2
-8.402859832618169009254399950860998178234e-1 4.006573518069226176059612483003693455373e-2
-7.979620532554874132327059525463766601324e-1 4.454357777196587787431636598523424131860e-2
-7.512799356894804895684721759146586555026e-1 4.877814079280324502744936312840272392112e-2
-7.004945905561712137415699290554655343002e-1 5.274629569917407034394253904409747703157e-2
-6.458833888692478339574963037184117011691e-1 5.642636935801838164642685513969568939887e-2
-5.877445974851093228407113454739957199054e-1 5.979826222758665431283154575353485150985e-2
-5.263957499311922875928675587919014614357e-1 6.284355804500257640931825132377988915280e-2
-4.621719120704219297590750299306359851097e-1 6.554562436490897892700510785179442560978e-2
-3.954238520429750576770939545943719807992e-1 6.788970337652194485536340221376630726613e-2
-3.265161244654115121971565893754656690584e-1 6.986299249259415976615478638148220444393e-2
-2.558250793428790839664147910187084487688e-1 7.145471426517098292181044411746215502259e-2
-1.837368065648545508527556393807429409333e-1 7.265617524380410488790576149253303127678e-2
-1.106450272085198683491225450026410048673e-1 7.346081345346752826402825705430393873366e-2
-3.694894316535177581309598003755942664171e-2 7.386423423217287999638556114979141312847e-2
44
-9.985402006367742249360567206066503490560e-1 3.745404803112777515173778831761538477698e-3
-9.923163921385158084833380036135385688119e-1 8.700481367524844122565623424313140208468e-3
-9.811518330779139666627490053504878288057e-1 1.361958675557998552020506639006137887327e-2
-9.650996504224931393943980505802349747169e-1 1.847148173681474917204222374339984411552e-2
-9.442395091181940992032546530269892510725e-1 2.323148190201921062895826293873141748822e-2
-9.186752599841757743230010866942520489380e-1 2.787578282128101008111429177938706432206e-2
-8.885342382860432023383679101903223247583e-1 3.238122281206982088084693954011160114695e-2
-8.539665950047103787283022412926838903612e-1 3.672534781380887364290929234870179971071e-2
-8.151445396451350104874376357519405502994e-1 4.088651231034621890844716928306848685408e-2
-7.722614792487558990177585492319880137281e-1 4.484398408197003144624318640305110718096e-2
-7.255310536607170026069649367199536110125e-1 4.857804644835203752763943669129273761505e-2
-6.751860706661223653336990385638999233283e-1 5.207009609170446188123180299319875105626e-2
-6.214773459035758478024246991217667471444e-1 5.530273556372805254874663264315299147153e-2
-5.646724531854707684246368193820752194907e-1 5.825985987759549533421068984427716800476e-2
-5.050543913882023179827983522911772386121e-1 6.092673670156196803855783687437410067257e-2
-4.429201745254114838348265936473135495385e-1 6.329007973320385495013887101971493063802e-2
-3.785793520147071325117646727721978567428e-1 6.533811487918143498424089484562218949601e-2
-3.123524665027858122365451635729785355193e-1 6.706063890629365239570491935171935078071e-2
-2.445694569282012515073024347405186205305e-1 6.844907026936666098545866070434987244516e-2
-1.755680147755167857465077493809765906474e-1 6.949649186157257803708409092501125678209e-2
-1.056919017086532471173058489151217523834e-1 7.019768547355821258714204194439938766883e-2
-3.528923696413535905819670463141635588500e-2 7.054915778935406881133828748029988499106e-2
46
-9.986630421338179811282684173908887745842e-1 3.430300868107048286018783148043404441173e-3
-9.929623489061743640730954446661934091211e-1 7.969898229724622451613038926324965426289e-3
-9.827336698041668634779795796591887202196e-1 1.247988377098868420673457175098337517752e-2
-9.680213918539919427377480663718155085223e-1 1.693351400783623804623071367176043133373e-2
-9.488923634460897956222135394369141395258e-1 2.130999875413650105447936107087840182884e-2
-9.254337988067539509774913576991242588823e-1 2.558928639713001063469951220034402810288e-2
-8.977527115339419657013199513197812894546e-1 2.975182955220275579905172923572293709303e-2
-8.659753948668580629158887768165984386873e-1 3.377862799910689652060389388114532872780e-2
-8.302468370660660530323853047908061179958e-1 3.765130535738607132766079922845911702696e-2
-7.907300570752742551891441474203024111480e-1 4.135219010967872970422017587023147842421e-2
-7.476053596156660540003365052680028689057e-1 4.486439527731812676709461356277485644229e-2
-7.010695120204056975121220894265004502496e-1 4.817189510171220053046886322322093668198e-2
-6.513348462019977151064771558168593672276e-1 5.125959800714302133536529937144803346418e-2
-5.986282897127151531771725336001673101485e-1 5.411341538585675449163764325922307525990e-2
-5.431903302618026352709626910288768360340e-1 5.672032584399123581687440360328671458643e-2
-4.852739183881646627723201937084548083197e-1 5.906843459554631480755072263690773709822e-2
-4.251433132828283973221468634285674191693e-1 6.114702772465048101535660790419103777278e-2
-3.630728770209957101237069785146516898474e-1 6.294662106439450817895195224711093123325e-2
-2.993458227018700154834392565779039293561e-1 6.445900346713906958827943910825506392380e-2
-2.342529222062697686260561155737924925741e-1 6.567727426778120737875756568555576762172e-2
-1.680911794671035286067967374277021274475e-1 6.659587476845488737576196642273370194436e-2
-1.011624753055842395158596570086493908819e-1 6.721061360067817586237415482709759617654e-2
-3.377219001605204151955783189143976381592e-2 6.751868584903645882021418916430108021215e-2
48
-9.987710072524261186005414915631136400889e-1 3.153346052305838632677311543891487578284e-3
-9.935301722663507575479287508490741183566e-1 7.327553901276262102383979621786550058708e-3
-9.841245837228268577445836000265988305892e-1 1.147723457923453948959266760909162808642e-2
-9.705915925462472504614119838006600573024e-1 1.557931572294384872817695583446031397638e-2
-9.529877031604308607229606660257183432085e-1 1.961616045735552781446071965221270969581e-2
-9.313866907065543331141743801016012677200e-1 2.357076083932437914051930137844923022173e-2
-9.058791367155696728220748356710117883123e-1 2.742650970835694820007383626250582045118e-2
-8.765720202742478859056935548050967545616e-1 3.116722783279808890206575684635441945429e-2
-8.435882616243935307110898445196560498709e-1 3.477722256477043889254858596380241059728e-2
-8.070662040294426270825530430245384459730e-1 3.824135106583070631721725652371561786382e-2
-7.671590325157403392538554375229690536226e-1 4.154508294346474921405882236106479775347e-2
-7.240341309238146546744822334936652465851e-1 4.467456085669428041944858712585039498846e-2
-6.778723796326639052118512806759090588500e-1 4.761665849249047482590662347892983015800e-2
-6.288673967765136239951649330699946520249e-1 5.035903555385447495780761908786560603299e-2
-5.772247260839727038178092385404787728540e-1 5.289018948519366709550505626469891466173e-2
-5.231609747222330336782258691375085262892e-1 5.519950369998416286820349519163543900445e-2
-4.669029047509584045449288616507985092368e-1 5.727729210040321570515023468470057624153e-2
-4.086864819907167299162254958146332864599e-1 5.911483969839563574647481743351991065966e-2
-3.487558862921607381598179372704079161343e-1 6.070443916589388005296923202782047788526e-2
-2.873624873554555767358864613167976878516e-1 6.203942315989266390419778413759851830638e-2
-2.247637903946890612248654401746922774386e-1 6.311419228625402565712602275023331812741e-2
-1.612223560688917180564373907834976947744e-1 6.392423858464818662390620182551540891897e-2
-9.700469920946269893005395585362452015274e-2 6.446616443595008220650419365770506572569e-2
-3.238017096286936203332224315213444204596e-2 6.473769681268392250302493873659155355208e-2
50
-9.988664044200710501854594449742185059962e-1 2.908622553155140958400724342855480806673e-3
-9.940319694320907125851082004206947281575e-1 6.759799195745401502778878177985031801874e-3
-9.853540840480058823090096256324894040156e-1 1.059054838365096926356968149924102233940e-2
-9.728643851066920737133441046062520536692e-1 1.438082276148557441937890892732434993703e-2
-9.566109552428079429977456441566220940514e-1 1.811556071348939035125994342235461984467e-2
-9.366566189448779337808749472724966021537e-1 2.178024317012479298159206906269034122731e-2
-9.130785566557918930897356427716570947842e-1 2.536067357001239044019487838544272346016e-2
-8.859679795236130486375409824667536341943e-1 2.884299358053519802990637311323243251785e-2
-8.554297694299460846113626439347574676548e-1 3.221372822357801664816582732300395344859e-2
-8.215820708593359483562541108739395377607e-1 3.545983561514615416073461100097579709696e-2
-7.845558329003992639053051963409912008473e-1 3.856875661258767524477015023638593486477e-2
-7.444943022260685382605362526821942428702e-1 4.152846309014769742241197896406701780898e-2
-7.015524687068222510895462578836557281497e-1 4.432750433880327549202228683039419746076e-2
-6.558964656854393607816248640036798190414e-1 4.695505130394843296563301363498768251406e-2
-6.077029271849502391803817963918328936042e-1 4.940093844946631492124358075143272869229e-2
-5.571583045146500543155229096258016078159e-1 5.165570306958113848990529584009527964983e-2
-5.044581449074642016514591318491411926354e-1 5.371062188899624652345879725566455276802e-2
-4.498063349740387891471314677783758173151e-1 5.555774480621251762356742561226949759514e-2
-3.934143118975651273942292538238172702461e-1 5.718992564772838372302931506599316301158e-2
-3.355002454194373568369882572910716978412e-1 5.860084981322244583512243663084846620977e-2
-2.762881937795319903276452785211301857148e-1 5.978505870426545750957640531258523079667e-2
-2.160072368760417568472845326171013337058e-1 6.073797084177021603175001538481100160980e-2
-1.548905899981459020716286209411095012019e-1 6.145589959031666375640678608391537509727e-2
-9.317470156008614085445037763960034788567e-2 6.193606742068324338408750978083068857288e-2
-3.109833832718887611232898966594919424730e-2 6.217661665534726232103310736061343086768e-2
52
-9.989511111039502780909614407165925612780e-1 2.691316950047111118952179868845218023669e-3
-9.944775909292160292450432717995717066319e-1 6.255523962973276899716102169814546616412e-3
-9.864461956515498406453228591183973680227e-1 9.802634579462752061951168116689502327838e-3
-9.748838842217445031407064703996455544599e-1 1.331511498234096065660034447779914855468e-2
-9.598318269330865525320251534250654427878e-1 1.678002339630073567792153687052016208342e-2
-9.413438536413590568435791838505670058288e-1 2.018489150798079220298903420947823723671e-2
-9.194861289164245398935963765418815850295e-1 2.351751355398446159032251991005460942923e-2
-8.943368905344953225208440882635275553456e-1 2.676595374650401344949308028601837885526e-2
-8.659861628460675852443585176242069408983e-1 2.991858114714394664128206873997088793212e-2
-8.345354323267345349617263896212386852459e-1 3.296410908971879791501004477869519617673e-2
-8.000972834304683243347587542258076511976e-1 3.589163483509723294194239328528073878534e-2
-7.627949951937449602792111630890508407918e-1 3.869067831042397898510120674035264692808e-2
-7.227620997499831936768166760719359547840e-1 4.135121950056027167904028642395516293827e-2
-6.801419042271677020922387797366410079010e-1 4.386373425900040799512966557876445016416e-2
-6.350869776952459242981245792888096535936e-1 4.621922837278479350764570533528463922390e-2
-5.877586049795790699020257815572042238812e-1 4.840926974407489685396024928604627800975e-2
-5.383262092858274383759511679753567638235e-1 5.042601856634237721821125408285875446258e-2
-4.869667456980960777824582413464655568505e-1 5.226225538390699303439414442639214370820e-2
-4.338640677187616703090865682097802607437e-1 5.391140693275726475083682489379995957660e-2
-3.792082691160936692466817669394488804621e-1 5.536756966930265254904109345121858229015e-2
-3.231950034348078255010990666014471790540e-1 5.662553090236859719080824047837015056722e-2
-2.660247836050018274729717305988398844559e-1 5.768078745252682765393199766340351953944e-2
-2.079022641563660596864661281223455182727e-1 5.852956177181386855029059897162369363807e-2
-1.490355086069491804886340400181135703223e-1 5.916881546604297036933200239487097832542e-2
-8.963524464890056548885469112239930316985e-2 5.959626017124815825831087874841495366228e-2
-2.991410979733876604368077607079992681884e-2 5.981036574529186024778537881147746094448e-2
54
-9.990266668673409838510711069839584931980e-1 2.497481835761585775946038757266029879185e-3
-9.948751170183388849188899959487026594841e-1 5.805611015239984878825887745875273411525e-3
-9.874206373973435585521457204035462615340e-1 9.099369455509396948033521062419261721875e-3
-9.766863288579032372000100719883068574678e-1 1.236332812884764416646782426018809646399e-2
-9.627076457859235832569939269053899435369e-1 1.558630303592413170296890970583676546859e-2
-9.455309751649958537638370229061804125634e-1 1.875752762146937791200798428407116268864e-2
-9.252133598666514862562760604797913868556e-1 2.186645142285308594551042653887930098157e-2
-9.018222862847015807574672313884279643639e-1 2.490274146720877305005497127338904257562e-2
-8.754354540655689394179093357226108224865e-1 2.785630931059587028700203476391515123731e-2
-8.461405159707729494258875108728425003966e-1 3.071734249787067605400460991615491101996e-2
-8.140347859135678354696383040751989448276e-1 3.347633646437264571604044483561079271488e-2
-7.792249153462540215359486148405326557489e-1 3.612412584038355258288707420742484597857e-2
-7.418265388091843162857662687535780009397e-1 3.865191478210251683685713905157987623901e-2
-7.019638897191729193855709769696706012688e-1 4.105130613664497422171821087760433419378e-2
-6.597693876319831246922898228562204747890e-1 4.331432930959701544192576037050811819629e-2
-6.153831983311273707299378201617283005960e-1 4.543346672827671397485218075154457153378e-2
-5.689527681952094297316248341771539427738e-1 4.740167880644499105857641011532360363821e-2
-5.206323343859330733270171387497641188794e-1 4.921242732452888606879063036881162807750e-2
-4.705824124813822836832121363277426024314e-1 5.085969714618814431970920697611874591206e-2
-4.189692632552045280361026974625100052008e-1 5.233801619829874466558869475268501318043e-2
-3.659643403721911819843321081654874061220e-1 5.364247364755361127210062772524657686282e-2
-3.117437208344682288825503901521237713929e-1 5.476873621305798630622263471710902072462e-2
-2.564875200699973000774112144530083027269e-1 5.571306256058998768336981742737111068471e-2
-2.003792936062135697786024628292980304541e-1 5.647231573062596503104426468176124795374e-2
-1.436054273162561539470897628987891612947e-1 5.704397355879459856782843425422721209921e-2
-8.635451826324821528544317776874963636940e-2 5.742613705411211485929013177320682938922e-2
-2.881674819934177765623584750022705298945e-2 5.761753670714702467237612880587147717290e-2
56
-9.990943438014655843531538250909042621760e-1 2.323855375773215501102276443395864737593e-3
-9.952312260810697472163087600989409455485e-1 5.402522246015337761311260944120872841628e-3
-9.882937155401615110899251635234862167645e-1 8.469063163307887661627112375008160176077e-3
-9.783017091402563833769905515381881312270e-1 1.150982434038338217377275932449711927486e-2
-9.652859019054901836261949760550956982176e-1 1.451508927802147180777074053301299102410e-2
-9.492864795619626356467376027949280668896e-1 1.747551291140094650495936890545715023078e-2
-9.303528802474963005472727232916008530268e-1 2.038192988240257263480598366693334750712e-2
-9.085436204206554908461072899572417795322e-1 2.322535156256531693725815757678852655572e-2
-8.839261083278275407890122858092867275060e-1 2.599698705839195219181943220727235144801e-2
-8.565764337627486354029913867668706040737e-1 2.868826847382274172988588443039427260413e-2
-8.265791321428816516721269744568503233430e-1 3.129087674731044786783547779302534697785e-2
-7.940269228938664980300083084860004776572e-1 3.379676711561176129542663122544704981761e-2
-7.590204227051289022024132944458938673648e-1 3.619819387231518603588446828888624540063e-2
-7.216678344501880835225937870475534573440e-1 3.848773425924766248682559162338127934382e-2
-6.820846126944704555015614779698363331051e-1 4.065831138474451788012502277885276307554e-2
-6.403931068070068942679385960628130789238e-1 4.270321608466708651103857236247708089347e-2
-5.967221827706633201041352171384083832205e-1 4.461612765269228321341519292762374032585e-2
-5.512068248555346187543635145763166025257e-1 4.639113337300189676219019106649603423461e-2
-5.039877183843817141952244012186381377093e-1 4.802274679360025812073550566699971214402e-2
-4.552108148784595789488315813246095599072e-1 4.950592468304757891996604643084555641872e-2
-4.050268809270912781188669626029228946554e-1 5.083608261779848056012401847019865598299e-2
-3.535910321749545209697073270332324056347e-1 5.200910915174139984305226482748472167053e-2
-3.010622538672206690530942331252343439251e-1 5.302137852401076396799155860769146872738e-2
-2.476029094343372039729665549705269728797e-1 5.386976186571448570895441040669799424792e-2
-1.933782386352752582401847230126841618162e-1 5.455163687088942106175065489009017994406e-2
-1.385558468103762420128865804384905953515e-1 5.506489590176242579630459754785032534136e-2
-8.330518682243537444028735544066244818399e-2 5.540795250324512321779339184391001890956e-2
-2.779703528727543709406119677492052188838e-2 5.557974630651439584627342683516117014407e-2
58
-9.991552004073866064427370441846057610458e-1 2.167723249627449943054342924984511431035e-3
-9.955514765972909026027715261799461412770e-1 5.039981612650243085017501174622423553331e-3
-9.890790082484426364999102552754420568832e-1 7.901973849998674754016745674847759507255e-3
-9.797550146943503091078163343925980348699e-1 1.074155353287877411685636191366187372357e-2
-9.676062025029240901533007846212061949129e-1 1.355023711298881214517896640176186183083e-2
-9.526675575188690914428455100229303337056e-1 1.631987423497096505212083041957088748218e-2
-9.349821375882593484808432347662474954091e-1 1.904246546189340865578765948210760393336e-2
-9.146009285643525406865056498975218204956e-1 2.171015614014623576691680949511828992260e-2
-8.915826920220301763998828208127975464826e-1 2.431525272496395254025876062579850974429e-2
-8.659937940748074792750712325120876576943e-1 2.685024318198186847590747867814495559103e-2
-8.379080133393733163520979206216243612869e-1 2.930781804416049071839402688844381003496e-2
-8.074063279130881410489971522073952279833e-1 3.168089125380932732029203962195029668729e-2
-7.745766817496527452661400464968266656490e-1 3.396262049341601079772755518458479943878e-2
-7.395137310200422678466172348510327909707e-1 3.614642686708727054078085697585522723334e-2
-7.023185711539081134797573014582013836607e-1 3.822601384585843322945903445714854006594e-2
-6.630984453321252664330162997535656919606e-1 4.019538540986779688807675082688229235791e-2
-6.219664352630791110339840587454911202322e-1 4.204886332958212599456998191725423146227e-2
-5.790411351302250304899771171360834038202e-1 4.378110353364025103902569234833607324276e-2
-5.344463096488475863998024174252043557888e-1 4.538711151481980250398053608886604914916e-2
-4.883105372167184636155525727367854208942e-1 4.686225672902634691841807803792003485091e-2
-4.407668391868395651937030622143044141224e-1 4.820228594541774840657040610986690657503e-2
-3.919522963307531503712169412130107021850e-1 4.940333550896239286651086571270131965064e-2
-3.420076535979952612483682674839969508777e-1 5.046194247995312529765982156763177804749e-2
-2.910769143111091895330252683143033021895e-1 5.137505461828572547451482061106538030296e-2
-2.393069249661534544289485090853347877005e-1 5.214003918366981897126055606007182576102e-2
-1.868469518357613213743838814640224060615e-1 5.275469052637083342964576723152317176493e-2
-1.338482505954668570223768478745409119530e-1 5.321723644657901410348098437738479321246e-2
-8.046363021414272930984779238050319488933e-2 5.352634330405825210061081388617018054197e-2
-2.684701236594235580333868951737998584342e-2 5.368111986333484886390595530572461290068e-2
60
-9.992101232274360220342295857976492663988e-1 2.026811968873758496431710209892324695312e-3
-9.958405251188381738767467133774406527749e-1 4.712729926953568640894821714077235948085e-3
-9.897878952222217173672789870160960425774e-1 7.389931163345455531516956022086060882228e-3
-9.810672017525981856185767998267700338805e-1 1.004755718228798435788576437705725649965e-2
-9.697017887650527337215440989137942725409e-1 1.267816647681596013149537926951423498834e-2
-9.557222558399961073972318458296995024801e-1 1.527461859678479930672603809882533517791e-2
-9.391662761164232494954190116097050964194e-1 1.782990101420772026039626124834856763386e-2
-9.200784761776275528566568625198968287838e-1 2.033712072945728677503214741710630146202e-2
-8.985103108100459419377893295726283301645e-1 2.278951694399781986378345819290020781017e-2
-8.745199226468983151293080999124358051592e-1 2.518047762152124837957096597236127913178e-2
-8.481719847859296324905154949943756012975e-1 2.750355674992479163522319763862224764840e-2
-8.195375261621457593685181085197235718995e-1 2.975249150078894524083648467348771033248e-2
-7.886937399322640545699447997772157352463e-1 3.192121901929632894945889953676047676670e-2
-7.557237753065856868688420666023731059289e-1 3.400389272494642283491440155525874118728e-2
-7.207165133557303994360210610135210777648e-1 3.599489805108450306657864628806233859424e-2
-6.837663273813554372229302392242971590876e-1 3.788886756924344403094079420927603181008e-2
-6.449728284894770678134478964204447171652e-1 3.968069545238079947012283481171000876280e-2
-6.044405970485103634442087763112017206504e-1 4.136555123558475561316383680665889688019e-2
-5.622789007539445391782725874859987290632e-1 4.293889283593564195423122065638280694921e-2
-5.186014000585697474178893484847213013298e-1 4.439647879578711332778416409137736966388e-2
-4.735258417617071111081630537527946380079e-1 4.573437971611448664719645529090933300793e-2
-4.271737415830783893074528535303119233534e-1 4.694898884891220484701315639470156627557e-2
-3.796700565767979771549526705218877040564e-1 4.803703181997118096366665272873365360250e-2
-3.311428482684481942523529653505527048001e-1 4.899557545575683538947568685789429835758e-2
-2.817229374232616916906948603394415983083e-1 4.982203569055018101115923089370331247922e-2
-2.315435513760293380103446313467554407435e-1 5.051418453250937459823873574165364323996e-2
-1.807399648734254172408769412618526312318e-1 5.107015606985562740454912073449103536620e-2
-1.294491353969450031464441646495757747599e-1 5.148845150098093399504439717705431173392e-2
-7.780933394953656941928550708222528757759e-2 5.176794317491018754380364302882373293235e-2
-2.595977230124779858917038540034482566031e-2 5.190787763122063973286493836226968018015e-2
62
-9.992598593087770296984084650357989380196e-1 1.899205679513690480397343860935140170879e-3
-9.961022963162671328851484304761714926321e-1 4.416333456930904813274124255490640729712e-3
-9.904299711892903524280710618606806450023e-1 6.926041901830960871702824099257067119547e-3
-9.822559490972366494911031280097924715630e-1 9.418579428420387637937563406566428155434e-3
-9.716007233716518064471794825403058351542e-1 1.188739011701050194481893896679793652743e-2
-9.584911729739270920295604751659709433171e-1 1.432619182380651776740288230941459607710e-2
-9.429604013923285038263648116233515872414e-1 1.672881179017731628855047178409245836313e-2
-9.250476356362037552273001307570486194486e-1 1.908917665857319873250371248228380577444e-2
-9.047981225210934657584856024283756243984e-1 2.140132227766996884117908996490527764084e-2
-8.822630128318973630726866243558297560171e-1 2.365940720868279257451680065053456470143e-2
-8.574992315120709228184033205446755068915e-1 2.585772695402469802709556655351051559486e-2
-8.305693336040048513459311094772082229198e-1 2.799072816331463754123829275404130487368e-2
-8.015413461039763715385055144953863473062e-1 3.005302257398987007700946922706237948623e-2
-7.704885960554193189909446949950481884538e-1 3.203940058162467810633923727815637313049e-2
-7.374895252831567498607842765014394602801e-1 3.394484437941054509111747725423605778641e-2
-7.026274922222970551209727650599867231440e-1 3.576454062276814128558737836172204258460e-2
-6.659905613354794469975460340823880799332e-1 3.749389258228002998561856351879302823433e-2
-6.276712806468851807269547649161627885872e-1 3.912853175196308412331080182260886062618e-2
-5.877664479530873380021495501219877638582e-1 4.066432888241744096828501751666341731299e-2
-5.463768663002510958161003845236337072322e-1 4.209740441038509664302262690383884601009e-2
-5.036070893447559559170208059316162769658e-1 4.342413825804741958006923043394430419577e-2
-4.595651572401133952071439780757526514186e-1 4.464117897712441429364469180913778441035e-2
-4.143623237171260481295887506576113451359e-1 4.574545221457018077723227229769618767040e-2
-3.681127750465645296630218309525079220172e-1 4.673416847841552480220705507948477876216e-2
-3.209333415941940040741016010034563850859e-1 4.760483018410123227045008826786637306074e-2
-2.729432026967263431886836279734809808549e-1 4.835523796347767283480318147845898676220e-2
-2.242635856041655316689913933448827006090e-1 4.898349622051783710485112702621737256535e-2
-1.750174592490156285556874239042360317005e-1 4.948801791969929252786581090477401846363e-2
-1.253292236158968086196489994997262577968e-1 4.986752859495239424476131063484281688820e-2
-7.532439549623433276382693911787087757685e-2 5.012106956904328807480410010153096800490e-2
-2.512929142182061472708827599914696231450e-2 5.024800037525628168840294899513566831650e-2
64
-9.993050417357721394569056243456363119697e-1 1.783280721696432947296079144971933179959e-3
-9.963401167719552793469245006763991232099e-1 4.147033260562467635287535728551415313303e-3
-9.910133714767443207393823834433031136413e-1 6.504457968978362856117360399981266771132e-3
-9.833362538846259569312993021568311169452e-1 8.846759826363947723030914659730647695176e-3
-9.733268277899109637418535073522726680261e-1 1.116813946013112881859049301920813507278e-2
-9.610087996520537189186141218971572067621e-1 1.346304789671864259806076668595568410843e-2
-9.464113748584028160624814913472647952794e-1 1.572603047602471932196599529753979442603e-2
-9.295691721319395758214901545592256073474e-1 1.795171577569734308504530200111936889717e-2
-9.105221370785028057563806680083298610135e-1 2.013482315353020937234031672854389708953e-2
-8.893154459951141058534040382728516224292e-1 2.227017380838325415929833038415500242296e-2
-8.659993981540928197607833850701575024125e-1 2.435270256871087333817755040906898764998e-2
-8.406292962525803627516915446958733029825e-1 2.637746971505465867169179262522518567560e-2
-8.132653151227975597419233380863033406981e-1 2.833967261425948322751130520023735198121e-2
-7.839723589433414076102205252137682840564e-1 3.023465707240247886797405981954865915828e-2
-7.528199072605318966118637748856939855517e-1 3.205792835485155358546750434789871696622e-2
-7.198818501716108268489402178319472447581e-1 3.380516183714160939156548211072543102105e-2
-6.852363130542332425635583710313763019356e-1 3.547221325688238381069314671524594794809e-2
-6.489654712546573398577612319934048855297e-1 3.705512854024004604041510180958337508346e-2
-6.111553551723932502488529710185489186961e-1 3.855015317861562912896249694680899101279e-2
-5.718956462026340342838781166591886431832e-1 3.995374113272034138665692612833607391868e-2
-5.312794640198945456580139035444552474085e-1 4.126256324262352861015629747363804773993e-2
-4.894031457070529574785263070219213908494e-1 4.247351512365358900733976790881736616555e-2
-4.463660172534640879849477147589151892068e-1 4.358372452932345337682786097373748092279e-2
-4.022701579639916036957667712601588487133e-1 4.459055816375656306013471003094484329402e-2
-3.572201583376681159504426150462025316263e-1 4.549162792741814447977099697126905888732e-2
-3.113228719902109561575126985601568835577e-1 4.628479658131441729595324923226118496965e-2
-2.646871622087674163739641725100201179804e-1 4.696818281621001732532628575458107519990e-2
-2.174236437400070841496487489888226175785e-1 4.754016571483030866228220694422317164083e-2
-1.696444204239928180373136297482698442000e-1 4.799938859645830772812617987134606995432e-2
-1.214628192961205544703764634922478782187e-1 4.834476223480295716976952715801780970369e-2
-7.299312178779903944954294194033749324413e-2 4.857546744150342693479906678397811368756e-2
-2.435029266342443250895584285371566142689e-2 4.869095700913972038336539073474991244263e-2
