121
 0.0000000000000000e+000  0.0000000000000000e+000  1.0000000000000000e+000  1.1933103783869987e-001
 6.6328131392155265e-001  0.0000000000000000e+000  7.4837016148594449e-001  1.0748992563653292e-001
 9.6206086357547294e-001 -2.4954044565034239e-001 -1.1031074635339816e-001  1.1086294223377183e-001
 4.6398404353787970e-001 -8.6574787175107781e-001  1.8761511106709503e-001  1.0731165569887235e-001
 9.6835858049420676e-003  9.1178298468002716e-001 -4.1055817738042899e-001  1.1719038538508059e-001
-6.3999921913151658e-001  7.1219592369437468e-001 -2.8840590455842885e-001  1.1317960376000687e-001
 4.4760122437054151e-001 -1.7629209378554191e-002 -8.9405948063799390e-001  9.4351968910175957e-002
 5.8774994045312490e-001  2.5033507592274989e-001 -7.6933890923317994e-001  9.9801368655779765e-002
 1.1825681942569496e-001 -9.9238293591455751e-001  3.4517143058511494e-002  9.8364958070783728e-002
 8.2315959347870171e-001  5.6777502796509849e-001  6.3088258186592416e-003  1.0670052347627172e-001
 3.7066417166766102e-001 -2.4456995932100566e-002  9.2844489722971923e-001  1.0099186882318559e-001
 7.5818345137748822e-001 -2.9216802989699003e-001  5.8291997423611375e-001  1.0647242166712945e-001
-6.2596673522175938e-001 -6.1509858520058114e-001 -4.7939480272532708e-001  9.9522297857653527e-002
-9.8593772922428558e-001  1.6236717144355950e-001 -3.9543592774016492e-002  1.0943963116911748e-001
-4.3478033788651516e-001 -1.4898748409210366e-001  8.8812656044687288e-001  9.7391350330280207e-002
-9.1813917618648222e-001  1.7248104894023689e-001 -3.5675025004628014e-001  1.0886569036252250e-001
 1.1585587390976185e-001  9.4502730355001419e-001  3.0577902482936070e-001  1.0835456989786323e-001
-8.7562447253974207e-001 -1.3052802320557180e-001 -4.6502066432315042e-001  8.0678242142284098e-002
-1.2021768918635399e-002  1.9281061767299706e-001 -9.8116234272653591e-001  9.8371917892648847e-002
 4.0447358546270928e-001 -9.0324997277615637e-001 -1.4331994049263710e-001  1.0458829163047523e-001
-1.2937965841207918e-001 -3.8831215801153834e-001 -9.1240044494158146e-001  1.0505701957486077e-001
 6.8430609802085196e-001  4.8342147139250907e-001 -5.4592018208541937e-001  1.0827619207714621e-001
 7.0516083547734154e-001 -4.3749156571435177e-001 -5.5798685113334234e-001  1.0178406631843073e-001
 4.2280550941989664e-001 -5.8609957713953498e-001 -6.9117493218507275e-001  9.6873820719241929e-002
-5.8446764279897656e-001 -6.0056771587312030e-001  5.4563357042245020e-001  1.0473480718183231e-001
 4.4277438147437970e-001 -3.1659372487817722e-001 -8.3887976520937824e-001  9.9397579834608299e-002
 5.6204655543434012e-002  4.8856699564850758e-001 -8.7071426280854913e-001  1.0049564003413690e-001
-4.4764105987601571e-001 -8.2372649943243414e-001  3.4798295309664995e-001  9.0663487463781361e-002
-2.9142602352830149e-001 -7.3453974567514979e-001  6.1279869030046741e-001  1.0424288656104225e-001
 8.8093175225766618e-001 -1.8880440580032218e-001 -4.3394947196030204e-001  9.9875058618509538e-002
-8.6719199323237028e-001 -7.4973458533223306e-002  4.9229770199467288e-001  1.0653401773680943e-001
 9.0719165376301569e-001  2.8277628368045027e-001  3.1151384677185423e-001  1.0601950214455025e-001
-6.9791746183363823e-001 -6.9618460141165750e-001  1.6804230784235175e-001  1.2177627733864371e-001
-3.2912516119645030e-001  4.6731722796956510e-001  8.2054325706220521e-001  8.7835223373944588e-002
 6.5291722799977869e-001  7.0529708800317170e-001 -2.7614327990253762e-001  1.0479604854122976e-001
-1.4142749683613448e-001 -9.4846167348293065e-001  2.8358194066728537e-001  1.2906647072113256e-001
 7.2814091824982630e-001 -6.0041112900825278e-001  3.3063163692141584e-001  1.2533581982388081e-001
 9.5908623899581347e-001  2.8311025226371606e-001 -1.4735101087039364e-003  8.6592005320584184e-002
 2.9643300828635290e-002 -8.1052046620224816e-001  5.8495969825559202e-001  1.0194146866997207e-001
-4.8847059262226994e-001  8.1829322243300517e-001  3.0297307184543121e-001  1.0768535978524545e-001
 7.9940157929777278e-001 -5.4092340401185046e-001 -2.6145551439673087e-001  1.1009549731784210e-001
 2.3864415143001463e-001 -8.0205707007779936e-001 -5.4749742038338800e-001  1.1442089986453464e-001
-7.8818305717175949e-002 -6.7083068273466795e-001 -7.3741024524047194e-001  1.1218967025647358e-001
-8.9041905848431158e-001  4.2464628465911675e-001  1.6379692675114696e-001  1.1090600679818770e-001
 4.6153800424548858e-001  8.0371580606914483e-001  3.7553105558890343e-001  1.0909069610975529e-001
-9.5309257719026663e-001  1.3548412273300409e-001  2.7066324425766430e-001  7.8441036573870665e-002
 1.6682831000341830e-001 -4.8664026567418533e-001 -8.5752525724083584e-001  1.0334016119674071e-001
-1.9650257880891214e-001 -5.2636441188478801e-002 -9.7908944513790930e-001  9.7631407816088589e-002
 7.0074109936836826e-001 -1.2822681498948971e-001 -7.0179754600145317e-001  1.1422018899307726e-001
-7.2699528602062113e-001 -6.6610241166696327e-001 -1.6668962557775011e-001  1.0014400657302254e-001
-1.5343498680120982e-001 -2.7987853091787435e-001  9.4769494709878299e-001  9.7403230186014086e-002
 2.9998191487816672e-001  2.6317930214656959e-001 -9.1692284608230423e-001  1.0346700601251707e-001
-1.5729438342597704e-001  7.0502034020578352e-001 -6.9152353310553571e-001  1.0654804695648930e-001
 2.2619225458981349e-001  5.3641732592720237e-001  8.1307657475091888e-001  1.0715678638887478e-001
 9.1705866739318520e-001 -2.9785875824539443e-001  2.6511046885316886e-001  1.0658148630684913e-001
 1.3443117910236521e-001 -1.2477903248081340e-001 -9.8303532547833694e-001  1.2159683204951095e-001
-8.4000750081785736e-001 -4.1650638977483034e-001 -3.4772090222831659e-001  1.1145695893860401e-001
 9.6769637774311446e-001  5.5665841678908291e-002 -2.4589638991460255e-001  1.0632043342725267e-001
-6.8227293879761941e-001 -3.0192174362725271e-001  6.6584299779267730e-001  1.0902649437444346e-001
-3.5138551871908341e-001  1.5478960154864679e-001  9.2334630366235393e-001  1.1939294773684564e-001
-7.5072670483917758e-001  8.6293765762535182e-002 -6.5495251784524877e-001  1.1945315204229495e-001
 8.7233928501712155e-001  3.9953191347319250e-001 -2.8177725588178099e-001  1.0420763697065037e-001
-4.4250022999904604e-001 -8.9547193200123298e-001  4.8203375906366898e-002  9.3815555677911971e-002
 9.0236965280738754e-002  9.9455034291591948e-001 -5.2219780761217381e-002  9.9571484883368033e-002
-6.6215490031923480e-002  3.5491830460976731e-001  9.3254946567608987e-001  9.8765215752570273e-002
-8.8957533060671690e-001 -4.5496775418168339e-001  4.0744003618024396e-002  9.6201956642722922e-002
 3.5591976485682553e-001  9.2970265547647779e-001  9.4731691551705410e-002  8.5682226642778456e-002
-4.2365019091551565e-001  6.8403964329249234e-001  5.9380997140627989e-001  1.0794791128076901e-001
 3.5964048193182863e-001  9.0289863374076851e-001 -2.3544167206528194e-001  1.1922863200440942e-001
-8.9509838571541683e-002  6.6708835104888087e-001  7.3958172009168910e-001  1.0605086637536891e-001
 2.8185345590085181e-001 -5.9634219258514742e-001  7.5162132669282711e-001  1.1186611406481783e-001
-2.7919418660662237e-001  4.0239436392007583e-001 -8.7185399124533702e-001  1.2133372021378885e-001
 4.3016841000902450e-001  7.5167150648435377e-001 -4.9994508235390195e-001  9.4656203197521979e-002
-2.0489590841428809e-001  9.6694901346047357e-001  1.5174739563794989e-001  1.0441459423074967e-001
-4.6680717472483807e-001  1.0747109021151446e-001 -8.7780466300547932e-001  1.0669432543891402e-001
 4.8348998902284301e-001 -2.9859130430466158e-001  8.2284911345175071e-001  1.0586388611157548e-001
 5.1751825482962921e-001  5.9252695399384514e-001  6.1732217253948574e-001  1.0708286150939481e-001
-5.7646294179534263e-001  3.5657475870472638e-001 -7.3521759921218255e-001  8.2533698327719729e-002
-8.8734001851927924e-002 -8.7438911951310450e-001 -4.7704291692932610e-001  9.5415639238097913e-002
-9.6825984929452336e-001 -1.7667326444832310e-001  1.7680334237032885e-001  1.1159419091080618e-001
-1.7982504441147210e-001 -9.7614536911681249e-001 -1.2166828573713867e-001  1.1072722493070139e-001
-8.1886301624426450e-001 -4.2559195907958702e-001  3.8514262941687533e-001  1.0332980030372567e-001
-5.5870328552795182e-002 -5.8989554980922698e-001  8.0554437910190424e-001  1.0497281438576658e-001
 1.5888706041462142e-001 -3.2036970486055938e-001  9.3387266489621512e-001  1.0463349622537958e-001
-1.5560939874871646e-001  8.7002689491659757e-001  4.6780222011320832e-001  1.0440141129736351e-001
 1.2825953319414204e-001 -9.5158501138855001e-001 -2.7934827410505708e-001  9.4851855424863296e-002
 8.1974932241414045e-001  1.7013868731122195e-001 -5.4686732895792178e-001  1.0815341943276367e-001
-4.4669774564816406e-001 -8.5482042107391776e-001 -2.6408932531978296e-001  1.1278199275454058e-001
-3.8607594198077827e-001 -4.5414915489589275e-001  8.0292833561346000e-001  1.0066328215715259e-001
 5.5006842205644035e-001 -7.2474368782844101e-001 -4.1493531786191568e-001  1.1048972712367752e-001
-7.0412900248594568e-001  5.7406808327160608e-001  4.1790930071848315e-001  1.0623020894854636e-001
 1.8804887879114160e-001  7.8020931038967933e-001  5.9658281165874671e-001  1.0495639812636878e-001
-8.6324041313041400e-001  4.6859968547213399e-001 -1.8769742649767271e-001  9.6699037719554543e-002
 1.5312203596237944e-001  7.4489938001468403e-001 -6.4936781238099206e-001  9.8837716803607242e-002
-3.5237584671025973e-001 -7.4639648703531536e-001 -5.6455606169499928e-001  9.4853318666863182e-002
 4.1333895430914114e-001 -7.6550066773516845e-001  4.9311219468558781e-001  1.0569491333311147e-001
-9.7295734288812830e-001 -1.6932282687782577e-001 -1.5711075462289281e-001  1.0849512834165397e-001
-4.8857315523520711e-001  8.7178366037010235e-001 -3.5909908036919611e-002  1.0507477345306161e-001
-4.4042633086043748e-001 -2.0762936034494159e-001 -8.7344988168043325e-001  9.2816487059732486e-002
 3.9175501971861221e-001  5.4640635331943133e-001 -7.4024867549859918e-001  1.0249530235752247e-001
-8.0878081744970454e-001  2.6258505595633136e-001  5.2623443227690636e-001  1.0897548941669703e-001
-2.0380032031856371e-001  9.6397302940357554e-001 -1.7094276241053361e-001  9.3318795570181107e-002
-7.4360808584844507e-001  4.5375980033187235e-001 -4.9106930087676121e-001  1.0605619317251058e-001
 7.5018929043325722e-001  3.1016628586910600e-001  5.8396310125675754e-001  1.0493723071172407e-001
 6.1880502117909086e-001  7.8313312759777232e-001  6.1504879663941817e-002  9.8644546530902169e-002
 9.9054584407402146e-001  5.2269177767697809e-004  1.3718111233325805e-001  1.0733303596401668e-001
-6.7865565128078509e-001 -2.7741485335033822e-001 -6.8004963504531335e-001  1.1514565778306002e-001
 5.7624699040859328e-001 -5.3616505130132697e-001  6.1681962015493963e-001  8.1870662133799149e-002
 1.8470935406896305e-001 -9.2302611223450914e-001  3.3749851948219517e-001  8.7562207686091978e-002
 6.5546323735250633e-001 -7.5420703856334959e-001 -3.9238851421443115e-002  9.8742522694477364e-002
-4.3683879923801067e-001 -4.9638733444702993e-001 -7.5018096328876904e-001  1.0339061552143405e-001
 8.7792566958094054e-001 -1.7897402897322025e-002  4.7846233045077657e-001  1.0029224033681977e-001
-4.7137887336621281e-001  6.3170084842873930e-001 -6.1543155252100190e-001  1.0348668047662700e-001
 2.2040179511127908e-001  2.4213305666204638e-001  9.4487810408709338e-001  8.9918326879710506e-002
-5.9594687889097253e-001  3.8292654152601924e-001  7.0584317049542278e-001  9.8795892749535791e-002
 5.1097487445089473e-001  3.0612811880841345e-001  8.0323735754427805e-001  1.0677573216626202e-001
 7.3761083827009932e-001  5.8187386072311320e-001  3.4256833110149038e-001  1.0926368142855752e-001
-7.3042582007161683e-001  6.7974574547202959e-001  6.6511975503521018e-002  1.0326256046209122e-001
-6.5208112312101862e-001  4.0271855719567665e-002  7.5707885091721672e-001  1.0238310619838101e-001
-3.4302510519482210e-001  8.4041186802913903e-001 -4.1957319895562240e-001  1.0020792693181339e-001
 8.5155722784940668e-001 -5.2203017846939137e-001  4.8319566064370975e-002  8.4796132026619314e-002
