576
   0.0000000000000000E+00   0.0000000000000000E+00   1.0000000000000000E+00   2.5287999149781970E-02
   6.2667753504553767E-01   0.0000000000000000E+00   7.7927868382835221E-01   2.2792228654549195E-02
  -8.5045904984886693E-01   5.2541663865816632E-01   2.5627336016765878E-02   2.2451745899275259E-02
   1.8154705903903041E-01  -9.7995621218097461E-01  -8.2015166659559959E-02   2.2423432446081608E-02
   2.5476232498309903E-01   9.6652781743587059E-01  -3.0333741804437535E-02   2.2890489090544035E-02
   2.6614756806527131E-01   6.1660866613696700E-01  -7.4091782598189128E-01   1.9253386389334758E-02
  -6.3351641824878761E-01  -6.6462839500679784E-01  -3.9613892053156698E-01   2.2050908811189882E-02
  -9.9564551958502676E-01  -8.5256138010726285E-02   3.7701329708093034E-02   2.0505933115082628E-02
   5.9003991142638403E-02   9.7741978720949003E-01  -2.0290167224691559E-01   1.9692985727256635E-02
   6.2216942610925949E-01   5.2230671808774058E-01   5.8318170192084073E-01   2.0070242555440573E-02
   7.2914282742230458E-01  -3.6569890204819581E-01  -5.7845920362576244E-01   2.2615614231261789E-02
   2.0108755551799308E-01  -8.6250593944751798E-01  -4.6437840112730519E-01   2.3937765958556487E-02
   4.8470705577538693E-01   8.6975667893230230E-01   9.2641187029355283E-02   2.1036714561041147E-02
   8.0429940743308510E-01   2.7117121545243136E-01   5.2874250359966250E-01   2.1936652107354550E-02
  -2.5032438302921224E-02   8.6834289512415026E-01   4.9533220521183514E-01   2.1358229904337933E-02
   2.3296607296190408E-01  -9.7042585877039364E-01   6.3249201405652444E-02   2.2402677996943678E-02
   5.2262600553262661E-01  -5.9507477781156659E-01  -6.1053097149409687E-01   2.1546795115254688E-02
   5.6953370311475080E-01   8.0371595152468948E-01  -1.7225571189705650E-01   1.8455428666329458E-02
  -2.8775910895125896E-01  -6.7172935677532743E-01  -6.8262315113229377E-01   2.4731679645937165E-02
   3.5367195856750806E-01   7.7416802936498632E-01  -5.2495714875802619E-01   2.0049366824327492E-02
   5.2888844500703910E-01   4.4344159146067481E-01  -7.2362736798773727E-01   2.1824328293603740E-02
   2.7806317528446196E-01  -9.3795072015311511E-01   2.0719391186754352E-01   2.1283863999263874E-02
  -3.9816613982169354E-01   3.8706071284802966E-01  -8.3165361158902371E-01   2.1723554635622597E-02
   6.0239383305368328E-01  -2.1869440650939329E-01  -7.6765514813645019E-01   2.3110468302104143E-02
  -9.4568240602524440E-01  -2.9907003772108105E-01  -1.2744371099358278E-01   2.1224686923036735E-02
  -6.2556867266654130E-01  -7.6920331393994922E-01  -1.3034606860976651E-01   2.2913622213302828E-02
   1.8408390362191074E-01   8.0059860397381559E-01  -5.7022363309713561E-01   2.5489854108705096E-02
   5.1750975964752559E-01   4.8243089068664897E-01   7.0671358015878462E-01   2.7451828790103038E-02
  -1.9442258191491026E-01   9.7448967643911856E-01   1.1211480792081904E-01   2.3652499741868346E-02
  -2.8133880405820939E-01  -3.2557843753906245E-01  -9.0268884912838007E-01   1.9538645118790467E-02
   3.4519029561597940E-03   8.3623297308199671E-01  -5.4836347352502041E-01   2.4473470700121748E-02
   2.5575548101543148E-01   8.6464457385197182E-01  -4.3241056282069161E-01   2.3240992170259415E-02
  -5.1094362275479561E-01  -7.5470273066953206E-01  -4.1153420597339991E-01   2.2280046991115751E-02
   7.8650296792023155E-01  -5.2962307148716245E-01   3.1766725295688145E-01   2.2479603433461070E-02
  -8.7220406206815184E-01  -2.2100760560857395E-01   4.3636648860216178E-01   2.5802002265773404E-02
  -8.7584333995394878E-01   3.0858498500403102E-01   3.7104413603825303E-01   1.7463497497902650E-02
   2.0230287428960327E-01  -3.6333521811004731E-03   9.7931626444478752E-01   1.8132637558856860E-02
   5.2997728175499672E-01   7.8823581723643778E-01  -3.1274330887996635E-01   2.2014638880474737E-02
   6.3788614447732507E-01  -4.9114140163535253E-01  -5.9319591222758294E-01   2.0225423463058498E-02
   7.5120233459732386E-01   6.3919306335514916E-01   1.6470361336106273E-01   2.1472009400105762E-02
  -7.1951731895286226E-01   1.8877204406964454E-01  -6.6832622506127448E-01   2.2984135310549267E-02
  -5.4329275229837667E-02  -8.3540339081993462E-01   5.4694561380411119E-01   2.2552573984508645E-02
  -7.1857296841441167E-01  -6.4121059045445978E-01   2.6926170866490424E-01   2.1813731096932684E-02
   8.3370880530721027E-01   2.9844793043696791E-01  -4.6460570462610011E-01   2.5301859642797386E-02
  -6.2157879446851547E-01   3.2339615128085834E-01  -7.1348071564955075E-01   2.1871688590307805E-02
   3.5682043140156434E-01  -1.7975198840904975E-02   9.3400003852303541E-01   2.1109162952554734E-02
  -5.7309607294766751E-01   8.0771944070156358E-01  -1.3838423423466559E-01   2.1731189663646905E-02
   2.9590069403455272E-01   7.1063608972070593E-01  -6.3830958574686524E-01   2.0719528258154089E-02
  -4.2939353050876558E-01   8.2629575267749135E-01  -3.6449489031309623E-01   2.2859378843098712E-02
  -5.5487441487020490E-01  -6.7363973068155509E-01   4.8818428586931155E-01   2.2828016443425656E-02
   1.1549648971566677E-01  -3.7856511512625572E-01  -9.1834035873024966E-01   1.7745047092614116E-02
  -7.7712975583294010E-01  -5.2208405630197418E-01   3.5142222575459278E-01   2.0543427212291307E-02
  -2.5526906829853297E-01   5.5922214087582569E-02  -9.6525147435346685E-01   2.1144239038279351E-02
   6.5180870378863575E-01   7.2491352856044208E-01   2.2281335187871440E-01   1.9596311187051334E-02
  -5.9160801886084488E-01  -4.7256470367806002E-01  -6.5320942496048957E-01   2.5085603608036044E-02
   6.0032514996469190E-01  -6.1821844192031880E-01   5.0736148098715929E-01   2.2223263825835033E-02
   5.1565727833115335E-01   3.1777531971230859E-01  -7.9568613000720800E-01   1.8354300307487918E-02
  -5.1636942540784218E-01   5.6280981420980493E-01  -6.4545157024605632E-01   2.2031882814629684E-02
   8.6615915294261238E-01  -4.2380391694051455E-01   2.6487461516652288E-01   2.4625255091098625E-02
   1.1178198177411955E-01  -7.2985240545176068E-01   6.7440362899893209E-01   1.7100753806197170E-02
  -6.7633512474995711E-01  -3.3315411276361972E-01  -6.5694682903424173E-01   2.0641846833748553E-02
  -5.5004558068017859E-01  -1.1472239018048957E-01   8.2721740332604252E-01   2.4456887930224273E-02
   5.0700233151411842E-01  -3.4938299626879758E-01  -7.8795948992158564E-01   2.0442637935398981E-02
   8.3551640358253251E-02  -9.9548136545204908E-01   4.5121773360198327E-02   2.0944421289565395E-02
  -9.1694829189127489E-01  -2.7722917004148412E-01   2.8696657867386448E-01   2.0837219463788598E-02
   6.8829640429743532E-01  -8.5834266768639047E-02  -7.2033362997954739E-01   2.3480554981504822E-02
  -4.0329670643746480E-01   7.3527280242251835E-01   5.4472531848118608E-01   2.0376165844027518E-02
   6.6533536400207404E-01   7.4289858559142309E-01  -7.3692231167815478E-02   2.0862984948189282E-02
  -9.7091156436426899E-01   9.1578592294073519E-02   2.2123312504497110E-01   1.6467024276819408E-02
   2.3706251245873093E-01   7.9571441303545515E-01   5.5735082136334472E-01   2.1593626444661295E-02
   6.8025058801808082E-01  -7.2358385702864040E-01   1.1698520995669261E-01   2.2765505297111832E-02
   9.1698635134133343E-01  -3.9884007531379994E-01  -7.9136450129425766E-03   2.1423653326335467E-02
   2.2437333237876071E-02   7.0888557908120208E-01   7.0496652533853074E-01   2.1323058331441826E-02
  -2.5028694223823979E-01   7.4271837276461187E-01   6.2106832579267710E-01   2.5684978053652423E-02
   3.9774158653901366E-01   8.3087276785252441E-01  -3.8916843908327564E-01   2.1561167229717073E-02
   5.3966769037164201E-01   8.1219407535361458E-01   2.2158422310585339E-01   2.2173748620281825E-02
   7.5999587036936846E-01   6.3307406982414100E-01  -1.4704930852542212E-01   2.1820485618938780E-02
   1.6743466593126001E-01   9.2402775562035159E-01   3.4371258267294093E-01   1.7109077405436945E-02
  -3.1255379084332357E-01  -4.5160641851536240E-01   8.3568042371782009E-01   2.1644153157600389E-02
  -6.2424764292986782E-01   4.6145005970369892E-01  -6.3037982415045368E-01   2.2162885594058874E-02
  -7.6094465381865203E-01   3.1181688886978080E-02   6.4806707685467834E-01   2.1165445757716505E-02
   7.1514137986407906E-01  -6.2204374808320679E-01  -3.1880147784584811E-01   2.4302400177384457E-02
   4.4633818101563695E-01   8.7015535424668435E-01  -2.0883459398164734E-01   2.4427691454513218E-02
   9.3915956653467684E-01  -1.1315968491365420E-01  -3.2430571116870661E-01   2.3904239116463719E-02
   2.5665714422716963E-01  -1.4018074760214260E-01   9.5628262993680817E-01   2.3852678043949562E-02
  -3.4019733996748162E-01   2.4915865010149813E-01   9.0674458198472240E-01   2.1936821162820496E-02
  -9.3086712064133152E-01   1.9338335064887122E-01   3.0998271468056519E-01   2.2717406273504008E-02
   2.7421352669598455E-02  -2.6565200744069161E-01  -9.6367893012169787E-01   2.4130015626263356E-02
   9.9351930423085121E-02   9.6884431909340609E-01   2.2686974078012402E-01   2.1984451263864817E-02
   6.2881337880631171E-01   6.7229033419248498E-01  -3.9066538263013143E-01   2.1370379062958670E-02
   4.0476230685125953E-01   4.0815683328066745E-01  -8.1827591581247478E-01   2.1477613898585610E-02
  -1.8005343434786116E-01   9.1196715682876021E-01  -3.6864164936318255E-01   2.2022290979195262E-02
  -6.8946694674158042E-01   7.1874745051632160E-01   8.9651724618830357E-02   2.2095947305011542E-02
  -7.1940594535461031E-01   3.0863591828909475E-01   6.2225312834110093E-01   2.2223149677921822E-02
   8.1632246356669178E-01  -5.3138712745399789E-01  -2.2637437189884339E-01   2.0998998738929257E-02
   4.4138734146821798E-01   3.8241426264083727E-01   8.1174906622704749E-01   2.0346145995317690E-02
  -2.6894944165845728E-01   4.8740681609472620E-01  -8.3072305460725335E-01   2.2174504025739070E-02
  -5.5420434778945626E-01  -3.3844435362123377E-01  -7.6046890823568098E-01   2.2984432331072643E-02
   5.7960133770491566E-02  -6.3885036860654196E-01   7.6714459486109412E-01   2.3023985652560083E-02
  -3.9461315834689610E-01   8.3983214654707527E-02  -9.1500124312251553E-01   2.1434778355681798E-02
  -3.3838315207692777E-01  -9.1668786031137479E-01  -2.1255636699058486E-01   2.0958761729861037E-02
  -1.1231142631034856E-01  -9.8433824645042999E-01  -1.3588362703073402E-01   1.6734537680580425E-02
   2.8097585800470028E-01   3.9823736876953979E-01   8.7318930669931820E-01   2.4524438197005680E-02
   7.4024481339788348E-01  -3.9269369296929976E-01   5.4573737249675859E-01   2.3126789404525225E-02
   7.0168218214220114E-02   2.5312823846994652E-01   9.6488471645152689E-01   1.9149056701591948E-02
   8.9060947357633732E-01  -2.6558014646307404E-01   3.6916385438004519E-01   2.3404690350235854E-02
  -6.5503497336108313E-01   5.6249719641178348E-02  -7.5350192615157514E-01   2.3398939791335338E-02
  -3.0916896233086714E-02  -9.8816228838062265E-01   1.5026455786273746E-01   2.1232873204337150E-02
  -2.9745745709130861E-01   8.4765308911439944E-01  -4.3932141051351960E-01   2.1473124622703929E-02
   9.5542206236302380E-01   2.8470865191154679E-01   7.8164354258803108E-02   2.1589029341025045E-02
  -8.7066115830828536E-01  -3.0017509950461063E-01  -3.8967172985818754E-01   2.3184185503310517E-02
  -6.3257833762263384E-01   5.9258220133329704E-01  -4.9868926340314247E-01   2.5122784800644497E-02
  -9.2485750991434994E-01   3.7094383654199925E-01   8.3900277034886876E-02   2.0593363639673354E-02
   7.6001617814126554E-01  -6.3615111790063885E-01  -1.3299309815667694E-01   2.1371504320689340E-02
   9.6590630579320624E-01  -2.4519435921932388E-01   8.3094732901347398E-02   2.2935034920316956E-02
   1.2150364104802293E-01   1.1483583610914609E-01   9.8592575580374539E-01   2.3425023410961509E-02
  -7.8429200587531848E-01   6.0285921736012877E-02  -6.1745579368932057E-01   2.1537042516487794E-02
   2.7618496181748835E-01   1.2659575890296435E-01   9.5273048691309085E-01   2.5189079057929784E-02
  -9.6536228807790429E-01   2.6087600842822094E-01  -4.4001117658320954E-03   2.1200962100212867E-02
   8.4871777022001086E-01  -5.2253404727210126E-01  -8.1463586676565853E-02   2.2098360354464419E-02
  -2.0593797269637241E-01   9.4452561112493604E-01   2.5585331995261344E-01   1.6843305941493900E-02
   5.1668038880963660E-01   7.5102579553289361E-02  -8.5287805597515777E-01   2.3333065323271307E-02
   9.8901046395497367E-02   6.1592719734854686E-01   7.8157038748166494E-01   2.3014373640645451E-02
   7.1716343801581370E-01  -2.2885611330293538E-01  -6.5825639577387473E-01   2.0517045431899987E-02
   7.7747431289112043E-01   1.4116839007384336E-01   6.1286636262601277E-01   2.2851000415955344E-02
   4.9509835292697248E-01  -8.5972688354014490E-01   1.2548827294751188E-01   1.8222531008620615E-02
  -9.8171471393098279E-01  -4.4144502398909057E-02   1.8516879693771585E-01   2.1045730758307121E-02
   9.3796267938574153E-01   1.3818530461544491E-01   3.1801074457926321E-01   2.1500259219850481E-02
  -3.9037337675724375E-01   5.3205428568353454E-01  -7.5135002748714327E-01   2.2631319770819660E-02
   7.5594360699893305E-01   4.2139619251789222E-01  -5.0097356414172820E-01   1.9667706166829377E-02
  -8.9375374042901416E-01  -6.9812285333696353E-02   4.4309197271631166E-01   1.6109734486371884E-02
  -8.0756248317026049E-01   1.9883491650132370E-01  -5.5525445676355857E-01   2.1169561172004365E-02
   7.4010991408578261E-01   6.0118720700207131E-01  -3.0134906206753688E-01   2.1020223993546975E-02
   1.4331831284795693E-01   1.4578810378251160E-01  -9.7887981386782865E-01   2.1327054526800179E-02
   1.3233711812902426E-01   9.3560047161605979E-01  -3.2732040064302618E-01   2.5731919949352528E-02
   9.9580681488781763E-01   1.3897396199351674E-02  -9.0419299941206201E-02   2.2801886371261703E-02
  -9.3580857447809435E-01   1.9725775939047043E-01  -2.9215011260228518E-01   2.1619337252513322E-02
  -7.4080908843371577E-01  -2.4084555138401064E-01   6.2705288044353890E-01   2.3377305472231357E-02
  -9.6965428116155543E-01  -2.4420434198915859E-01   1.1610959422419551E-02   2.0828246442170574E-02
   5.4745580462303227E-01   8.3618652292513839E-01  -3.2927812908169338E-02   2.3216589114134107E-02
  -6.0524434354543590E-01   2.9271934936342463E-01   7.4026661893841172E-01   2.1964122043984355E-02
   8.7574874995423659E-01  -3.7949031508572779E-01  -2.9841452328887605E-01   2.2762735423069080E-02
  -5.8050539248907364E-01  -7.6748537656227640E-01  -2.7199206983691155E-01   2.1465524903375086E-02
  -2.5377274715746356E-01   2.0338805916180682E-01  -9.4563877362899386E-01   2.1168409946199417E-02
   2.0431126478915069E-01  -1.2219618967102787E-01  -9.7124919475392097E-01   1.9111657579243097E-02
   4.8064326126362013E-01   2.4894994918927411E-01   8.4083647530333092E-01   2.1607900093666407E-02
  -2.4064445766935946E-01  -9.6840784738848242E-01  -6.5394847728436049E-02   2.5619794838970011E-02
   9.3426523315637268E-01  -2.7061504768994213E-01   2.3219812677762670E-01   2.0135751221334095E-02
  -1.9590830139902594E-01  -9.5060150147756559E-01  -2.4078356013554200E-01   2.2258534635441651E-02
   7.3301568703195005E-01  -2.6409899291194713E-01   6.2684904443412321E-01   1.8976128761351223E-02
  -4.3790205586416490E-01  -8.9082901082810863E-01   1.2110104432642667E-01   2.4400292016492173E-02
   3.9075413252772687E-01   1.0190595500673091E-01  -9.1483680743981317E-01   1.5628460397498464E-02
   1.0938328935177679E-01  -1.2158630808179333E-01   9.8653538491917487E-01   2.3388812808247152E-02
  -4.8454707980540687E-01  -6.1030869340000135E-01   6.2668766240643014E-01   2.1778540179987793E-02
   8.9655623246480899E-02   8.0159805005936455E-01   5.9110272826413989E-01   2.1239390171458678E-02
   8.1002798598649050E-01  -2.4508320868710620E-01  -5.3271838971289717E-01   2.2754243006189640E-02
  -5.4750633433920938E-01  -6.5135202677244921E-01  -5.2533546527705956E-01   1.8958083460027740E-02
  -1.9411335470816176E-01   9.7973942393998605E-01  -4.9301792073795560E-02   2.0695494592045480E-02
   9.7564118343031225E-01   1.4967146659162191E-01   1.6038308290780838E-01   2.2526098847491495E-02
   5.9051341706147066E-01  -8.0648340992365934E-01   2.9638046296820249E-02   2.1632087288394532E-02
   9.1658922990759670E-01  -3.7608619922671389E-01   1.3573265770846429E-01   1.9154518171647779E-02
   1.5140107140938889E-02   7.4642067533568567E-01  -6.6530215134717529E-01   2.0359910947224690E-02
   2.4122208006311889E-01  -7.7820566213308559E-01  -5.7983433454222774E-01   2.1575712223690257E-02
  -5.2284108492422092E-01  -8.1694658962386039E-01   2.4338337991162699E-01   2.1876080029015656E-02
   4.1298879784795179E-01   9.1014325282590249E-01  -3.2855930782565483E-02   2.1690080981192472E-02
  -7.4669994450935925E-01  -6.6117774425470905E-01  -7.2685510055128590E-02   2.0245275330924830E-02
   3.7212143649376057E-02   9.9370491858305367E-01   1.0566830721112614E-01   1.8083879386917804E-02
  -1.9456433266516748E-01  -8.4399438216479545E-01   4.9981817026677139E-01   2.3170767922950723E-02
   9.2046389655923608E-02  -8.2324391576937685E-01  -5.6017579142623876E-01   1.9695073059589201E-02
  -5.0753664024020661E-02  -8.5373719556305101E-01  -5.1822472586733407E-01   2.3703490311825201E-02
  -2.9406369102896206E-01  -6.4140562176515496E-02   9.5363123580454498E-01   2.1606125454697542E-02
   3.4107009523741393E-01   7.0337948235785310E-01   6.2364131833349549E-01   2.5728401791138386E-02
  -9.4157757857203900E-01  -1.2054637285013829E-01   3.1448407833003440E-01   2.2618978390819504E-02
   3.6937020270897669E-01  -9.2548705806280278E-01   8.3900886222897081E-02   2.2187249571801697E-02
  -6.1411120257875007E-01   4.3422104211294456E-01   6.5902922352019386E-01   2.2930886814391864E-02
  -1.2545231533537339E-01   2.9720151561348027E-01  -9.4653736096048763E-01   2.2126977221777162E-02
  -1.2232578275436809E-01   6.8645735301045434E-01   7.1680730002659123E-01   2.2322839783412544E-02
   6.3354102694101488E-01   3.2169077888696042E-01  -7.0366242614027996E-01   2.2524713886492206E-02
   5.2944674238506443E-01   5.5818998785849371E-01  -6.3883494302705283E-01   1.7072254721594831E-02
   4.9630957940213651E-01  -2.1746965007294991E-02   8.6787318826349615E-01   2.3828880715366147E-02
  -3.2677961229158714E-01   9.4477103913708102E-01   2.4955332063512454E-02   2.1829328856621272E-02
   7.4517205787258866E-01  -1.1410640288672393E-03   6.6687127853793004E-01   1.9518200494312122E-02
  -4.8441025923360445E-01  -5.9263047915718924E-01  -6.4353384986584218E-01   2.3948463355562865E-02
  -3.3983884587084518E-01  -4.4595184107769600E-01  -8.2803171091244163E-01   2.4237183409572256E-02
   3.8959557005618261E-01  -4.4914553055339654E-01  -8.0404202886199058E-01   2.2191439735906968E-02
  -9.6408340113863779E-01   2.2216607301306829E-01   1.4555216127185546E-01   2.3318911353351507E-02
  -6.1044531766679455E-01   1.8816696602721151E-01  -7.6938267918819205E-01   1.7428907291157456E-02
  -3.5402226391608540E-02   1.4953329009540514E-01   9.8812270367589505E-01   1.9962728651784715E-02
  -5.1031926354076508E-01   6.6413337592687451E-01  -5.4635254940302413E-01   1.9163244188696019E-02
  -9.3482586997675696E-01   5.0053227869186365E-02  -3.5156118557382720E-01   1.9873054187995286E-02
  -3.0941022309272634E-01   9.3504378554402798E-02   9.4632037124689656E-01   2.1414902119606455E-02
  -3.2670279400580160E-01   9.0235304205262760E-01  -2.8111256088473108E-01   2.0961682306397686E-02
  -8.8679157743233467E-01   3.2551858533332871E-01  -3.2808283831626985E-01   1.9608698508978985E-02
  -6.5167152326057840E-01   6.5020518672659708E-01   3.9058602243944715E-01   2.2237123256544633E-02
   6.6029698528031834E-01  -7.2246255064972810E-01  -2.0507499637550248E-01   2.4005163779305145E-02
   7.0495851669885087E-01   2.7353862107610300E-01   6.5437765282254254E-01   2.1076063824103319E-02
  -2.0664792412797114E-01  -3.6903389943972211E-01   9.0615154169593150E-01   2.0887473811479932E-02
   1.9533345967471190E-02   9.3371566104080585E-01   3.5748218518192742E-01   2.2271892938998503E-02
  -1.1030402699705559E-01  -9.1303735335308218E-01  -3.9267774702703931E-01   1.9499086648164327E-02
   1.4795861468936815E-01   7.0163851357476989E-01  -6.9700189713356630E-01   2.3400317052383901E-02
  -8.1255620376428687E-01   3.3744415199435695E-01  -4.7527240610935956E-01   2.2736388021208924E-02
   4.9446532280341406E-01   6.3172657140481316E-01   5.9701388888872184E-01   2.4302533935236763E-02
  -6.9745390450032900E-01  -6.7708621269744622E-01  -2.3476011516498007E-01   2.3349031747640789E-02
   4.7080220393390543E-01  -2.8763604808996658E-01   8.3403284624177942E-01   2.4169540440919630E-02
  -6.6508410052441000E-01  -7.4657128408779174E-01   1.7159749565253230E-02   2.2718894106278799E-02
  -1.7691785394279982E-01  -4.4263280175792205E-01  -8.7907694530354181E-01   2.2551580834436495E-02
  -2.9262369825033292E-01  -7.6446414931127026E-01   5.7442661466900535E-01   1.6780532761868023E-02
   1.1533379005791291E-01   8.7744987443351334E-01  -4.6559621425381978E-01   1.6494538727978643E-02
  -8.6179121567802567E-02  -1.7553333268491311E-01  -9.8069424803163265E-01   1.5346188996907875E-02
   2.8236547520945819E-01   1.9463599974288069E-01  -9.3935433464365623E-01   2.2938101028288659E-02
   5.6684322536554834E-01  -7.9075836090661990E-01   2.3106270255811072E-01   2.4853460055921097E-02
   7.9468813549690135E-01  -1.3123911183991228E-01   5.9266100160541146E-01   2.3257330166812915E-02
  -8.0570275586527539E-01  -5.5448163131983179E-01   2.0831032072367037E-01   1.8646880123905688E-02
  -8.6984135348525999E-01  -4.2251471361691370E-01   2.5467103593488662E-01   2.3607613162365224E-02
   8.3297375053713764E-01   5.4528286489927175E-01   9.3921925892396913E-02   2.1100252663986669E-02
  -8.8142941072139535E-01   4.2431131235450454E-01  -2.0746591075001195E-01   2.3074738320094412E-02
   9.8832918410132357E-01   1.5210878471329250E-01  -8.2668897813785857E-03   2.1203431478894052E-02
   8.8900797093453096E-01  -2.4283984033612298E-01  -3.8819278658985201E-01   2.2477032859294054E-02
   4.0550255215088206E-01   5.6189361915995412E-01  -7.2100155405272845E-01   2.4963893821345761E-02
   1.4817232586597681E-02   6.3763478121025212E-01  -7.7019629667340563E-01   2.3045251483532749E-02
  -1.6632144464647788E-01  -7.6731925031233014E-01  -6.1932087414427776E-01   1.9758276284568975E-02
  -6.2803328399832754E-01   5.6040682561044921E-01   5.3992442434056977E-01   2.5287959787321714E-02
   9.9296807980423587E-01  -1.1837102240656187E-01   1.6412020940815201E-03   2.0803027114204359E-02
  -4.2456603545846354E-01  -7.0773370527829282E-01  -5.6467396252009116E-01   2.2072671814370345E-02
  -3.6280809299904550E-01   3.9048557138961745E-01   8.4610360251621656E-01   2.2016611965333074E-02
   1.3384625979103617E-01   8.7181792295642708E-01   4.7118859064274012E-01   2.2709300342776534E-02
  -5.6637243433816433E-01  -8.1767997248346446E-01   1.0306176896066934E-01   1.9354863488564737E-02
   3.4609541370717780E-01  -7.9399547672201133E-01   4.9978910307833182E-01   2.2574610221824480E-02
  -7.2811353412057648E-01  -1.0683084670797540E-01   6.7708038785811917E-01   1.8578453115815168E-02
  -5.1237637035749852E-01   4.4128997276498180E-01  -7.3670456428364641E-01   2.1157089961510240E-02
   3.6799262752627055E-01   7.8400483791125221E-01   4.9991783346672367E-01   1.9187830859952963E-02
  -6.5241156322636699E-02   9.5747126730148384E-01  -2.8105580195714825E-01   2.1360721522965722E-02
  -8.3290689256358749E-01  -4.5891045366188567E-01  -3.0930131561296443E-01   2.2396432640634662E-02
   2.3716269727448531E-01  -7.6308716673764891E-01   6.0120864180565360E-01   2.1248978017711195E-02
   3.3202607601121054E-01  -1.7921043353401064E-01  -9.2608979335761496E-01   2.2212773081760990E-02
   4.9853570463935046E-01   7.2317284702568551E-01   4.7799914699140479E-01   1.9545558231680960E-02
   9.7011506130216975E-01   1.1241482691441722E-02   2.4238481161488962E-01   2.1228143694785788E-02
   9.4364590368712040E-01  -1.3073127724508546E-01   3.0404233521729557E-01   2.2840273201134624E-02
  -5.1107031308006858E-01   2.8417815611659523E-01  -8.1120275558852288E-01   2.2483192311905857E-02
  -6.8407482943058912E-02   9.8875577572593904E-01  -1.3297530690316892E-01   2.0631043242202005E-02
   7.8099088642905911E-01  -5.9818786941309296E-01   1.7951186089441764E-01   2.4130645107823718E-02
  -8.4352586607863493E-01  -5.3592884491937518E-01  -3.5275861997589821E-02   2.2839173931015137E-02
  -6.4190354228031418E-01  -2.0888900425389453E-01   7.3778399705455885E-01   2.1212713335218751E-02
  -5.8268179429555511E-01   1.5633358648353468E-01   7.9752224817475001E-01   2.1871932429120986E-02
   5.8123577634128453E-01   1.8982780464671913E-01  -7.9128400519911377E-01   2.1051497306316573E-02
  -2.1071810249024300E-01   3.4331120521185756E-01   9.1527880870196778E-01   2.1956151405345769E-02
  -7.1177830390948937E-01   4.3803660488538866E-01   5.4908613064273668E-01   1.6778473228864787E-02
  -8.2168832838242504E-01   4.4809501933649604E-01  -3.5219191450957705E-01   2.2943488314182336E-02
  -4.8162685266225633E-01  -8.6002030424124011E-01  -1.6852492719907701E-01   2.2735115946252619E-02
   5.3871398611660081E-01  -8.0124642759167112E-01  -2.6036782334602674E-01   1.8573255707450446E-02
  -1.1509431406671835E-01  -2.6099441060567847E-01   9.5845459803900272E-01   2.3599827912782549E-02
  -6.9017492132787330E-01   6.8414066458231337E-01   2.3581799981115643E-01   2.1944185365764545E-02
   1.8554234487066775E-01   9.7736981336277448E-01   1.0159865248668129E-01   2.0844849025944323E-02
   4.7307293612160741E-01  -1.9496613952313934E-01  -8.5917995876808319E-01   2.2547880064622756E-02
   7.8831319818075593E-01  -6.1461946475196471E-01   2.8376312692747237E-02   2.1476876651878007E-02
  -1.3546272377543586E-01   5.7251941915254311E-01  -8.0862312925155350E-01   2.0798078327512787E-02
  -8.6989648071092382E-01  -4.8111504790165113E-01   1.0866657043148724E-01   1.9923496133148084E-02
   1.7610178554337265E-01   7.0626655877614021E-01   6.8569359708469264E-01   2.1040344921553679E-02
   3.3806169809948762E-02  -9.9321730429331243E-01  -1.1124985094419956E-01   2.0751406356456087E-02
  -1.7601968971650691E-02   9.1055134147834788E-01  -4.1302109536959745E-01   2.3042648665960117E-02
   8.7694751340543124E-01  -1.1563807251662985E-01  -4.6646639205485076E-01   1.9992785724485385E-02
   9.8191735208813781E-01  -1.0716708691886180E-01   1.5605617305811783E-01   2.2159746603597292E-02
   8.4450577678327078E-01   5.3083429418583936E-01  -7.0886847129112267E-02   2.0899538803887205E-02
   4.1866071647081941E-01  -1.5583075908278953E-01   8.9467311293445153E-01   2.1433359259538602E-02
  -3.7239169841202883E-01  -1.8769826381681175E-01  -9.0889701546102514E-01   2.1732351148585919E-02
   1.6073531906023776E-01  -6.1202177330016196E-01  -7.7433423417354401E-01   1.7075625631031437E-02
   1.6664122062616382E-01  -5.3475063243226266E-01   8.2841563523482424E-01   2.1388592129041166E-02
   7.3922494671520233E-01   3.1610096180065210E-01  -5.9466516637735624E-01   2.0788877876824312E-02
  -3.1379346612665894E-01  -9.4741425810662711E-01   6.2768496496944203E-02   1.8664587092025005E-02
   3.3406153113343233E-01   9.3619490397427895E-01   1.0927943626033873E-01   2.2155982898156678E-02
  -3.9260500510520856E-01   2.3740407831324654E-01  -8.8853847050455669E-01   2.3550193027664518E-02
   3.9947160750051043E-01  -5.7693339971716870E-01  -7.1243967259814189E-01   2.0767977012277918E-02
   9.7125632981646052E-01  -2.7189894006491384E-03  -2.3802047997619415E-01   1.6655042676219748E-02
  -2.7572626367021770E-01  -8.9490157907786844E-01  -3.5089341869918206E-01   2.3287307821828413E-02
   2.7543807067935284E-01  -9.3600382961463139E-01  -2.1915907502811728E-01   2.2022307397076250E-02
  -7.8575872980551419E-01   6.0266038222691333E-01   1.3922529306320663E-01   2.1498195085241902E-02
   5.0621584421332794E-03   6.0939527307933101E-02  -9.9812862325623754E-01   2.2841229603287227E-02
  -3.8060984723919082E-02  -9.6254821254679008E-01  -2.6842559483928676E-01   2.4363134876419705E-02
  -4.8309146349680336E-01  -4.6739989822881478E-02  -8.7432145761606108E-01   2.4098416261193231E-02
  -6.5942080583459992E-01  -7.3160536348518379E-01   1.7296760665557833E-01   2.0508252183287747E-02
  -9.3894188030332319E-02   4.4192973201470238E-01   8.9212218525016968E-01   2.0646262636454797E-02
  -7.1611647887937230E-01  -6.7787897354322099E-02  -6.9468121440678771E-01   2.2500630648301349E-02
  -7.7078232267788218E-01  -6.3195649767556645E-01   8.0781161745303915E-02   2.6269041276361533E-02
  -2.0595090339314965E-02  -7.6335539516104233E-01  -6.4565035656494798E-01   2.2223000785086490E-02
  -3.9176636515151468E-01   6.6103672316673423E-01  -6.3996059703778360E-01   2.1428976485431934E-02
   4.4181544278444526E-01  -5.4457076025086887E-01   7.1291079497856904E-01   2.4127116435197693E-02
  -7.3774781098755237E-01   5.1989499689033813E-01   4.3062438341490842E-01   2.2039759242836289E-02
  -1.7987667660630856E-01  -7.3434199548309315E-01   6.5451219613004791E-01   2.4252595454967864E-02
  -6.9620868056023503E-02   7.8264939540169962E-01   6.1855707789053679E-01   2.0138861507857628E-02
   6.7485493249709271E-01   1.3585833791025638E-01   7.2533670257653941E-01   2.2795980503468862E-02
  -2.0507215191796515E-01   9.5510687971277974E-01  -2.1381361236612792E-01   2.1475514071119472E-02
  -5.9521101504059750E-01  -3.5441656330320152E-01   7.2118842699442247E-01   2.2404825523310982E-02
   9.3297411168193473E-01   2.7524424109097016E-01   2.3194808616921349E-01   2.2018052818668554E-02
   8.7728079293941902E-01   1.5602008216561489E-01  -4.5391204467453718E-01   1.7367868840566805E-02
  -4.0851111651852702E-01  -1.7560459124247218E-01   8.9570178922192091E-01   2.1337068502977785E-02
   4.2640505321096640E-01   1.1772763498589253E-01   8.9683829900198919E-01   2.1042791474872499E-02
   5.8456337814363825E-01   7.2955866142310643E-01   3.5500678370394984E-01   2.1224786570018197E-02
   3.6617057964835142E-01  -7.9238788370452182E-01  -4.8789399295160356E-01   2.1024782935237080E-02
  -4.4972682077464902E-01   1.3764181784736104E-01   8.8249675164025411E-01   2.3343005072690048E-02
   2.7195980309573677E-01  -6.6497711556495833E-01  -6.9558845682992487E-01   2.1269542073444385E-02
  -8.6162398263441737E-02  -5.5381801254186822E-01  -8.2816764613794653E-01   2.2362951550132272E-02
  -6.7418081818524679E-02   3.0235730198087926E-01   9.5080748008350983E-01   2.3244945768551588E-02
   6.3028800971607976E-01  -6.1230053693122599E-01  -4.7731025264692910E-01   2.4704979172236187E-02
  -4.6325055448151495E-01  -4.0774309548006391E-01   7.8685735165969212E-01   2.0807635903793846E-02
  -1.3230122027744046E-01  -3.1125742636148241E-01  -9.4107130529409221E-01   2.3733139604005302E-02
  -7.0064154579736523E-01   6.8956182768222777E-01  -1.8331914822577674E-01   2.5077540846246604E-02
   4.2366743086158695E-01  -8.7073401816109647E-01   2.4965611877976061E-01   2.2621061615812694E-02
  -3.2971969664827804E-01   9.3512856029374304E-01  -1.2969000487747315E-01   2.2584604959936802E-02
  -5.8600341875820358E-01   7.8915253353130312E-01   1.8395181984645635E-01   2.1743166170371832E-02
   1.4436947073324725E-01   4.2704193051014875E-01  -8.9263242463310028E-01   2.2200556104982180E-02
   9.9930677642913838E-02  -5.0987443503145701E-01  -8.5442490610186485E-01   2.5654578987574105E-02
  -1.4163024337259509E-01  -5.0775537061850943E-01   8.4977959364195125E-01   2.3961892832806541E-02
   4.9385735312849714E-01  -6.2116551939552415E-01   6.0848854736552251E-01   1.6323992593752853E-02
  -1.3725216058760869E-01   6.8229475632340133E-01  -7.1807778820098846E-01   2.2366928538978045E-02
  -1.2839879712632695E-01   1.2735574942239915E-01  -9.8351119057465297E-01   2.0091834361467992E-02
  -4.5340373482271063E-01   8.8968805206974206E-01  -5.3667711458241802E-02   2.1984928153412663E-02
  -3.4112386387231370E-01   9.2132139066654339E-01   1.8655134573915450E-01   2.3504911469805729E-02
   4.4278312791044154E-01   8.1758980231930635E-01   3.6808968578503105E-01   2.4165992982291086E-02
  -2.7291065106029357E-01   6.2453119628385760E-01  -7.3176537319423662E-01   2.1637372333107562E-02
  -4.6181811701888246E-01   8.6072911521262760E-01  -2.1417146639648652E-01   2.1390836695513160E-02
   8.1522001981005782E-01  -3.7455469304726562E-01  -4.4172966984022901E-01   2.0455974672408845E-02
   1.5952986815557988E-02  -5.2866917062995835E-01   8.4867803685325480E-01   2.1058137259880003E-02
  -4.7566135475018924E-01  -4.6499362452832295E-01  -7.4667744357602483E-01   1.8741209125948767E-02
  -4.2486253507230120E-01  -3.1956648042681079E-01  -8.4697644056936933E-01   2.2342967590490006E-02
   6.8931676818207545E-01  -6.1611431139896808E-01   3.8111093974378956E-01   1.8710329286578096E-02
   4.7459865041485169E-01  -7.2091919658982739E-01   5.0500656729658395E-01   2.2774356487659037E-02
   7.2288527825228134E-01   5.3310139295422089E-01   4.3959046772694136E-01   2.3289267996849392E-02
  -6.5531330261758169E-01  -2.3263048038629960E-05   7.5535718363650206E-01   2.5703584736699243E-02
   6.3623629031930057E-01   5.3008076287827474E-02  -7.6967105098801678E-01   2.1014619101425839E-02
   4.6686790607278840E-01  -7.9789311682854160E-01  -3.8131474190863045E-01   2.2894187132955816E-02
   7.3012186028043171E-01   4.0994487294019075E-01   5.4668754356642583E-01   2.3281266115891670E-02
  -9.6937961533943450E-02  -9.0788798041335532E-01   4.0785101033907302E-01   2.1845090208300845E-02
  -8.0147917379738959E-01   3.4085022997964169E-01   4.9137791433058843E-01   2.6303035350841255E-02
   9.0887439368404674E-02   9.9487506848831674E-01  -4.4306562329088414E-02   2.6392377003006393E-02
  -7.3272401456306361E-01   5.5456433059031624E-01  -3.9442860154849537E-01   1.8017991123567899E-02
  -3.6861893071248381E-01   5.2377212606033030E-01   7.6797320518532830E-01   2.2743271747389659E-02
   9.7224226714234145E-01   1.3522610801269838E-01  -1.9094206894673089E-01   2.5954472177191538E-02
  -9.6876604805025010E-01  -1.8566099302105882E-01   1.6438473109001026E-01   2.2960911485174704E-02
   2.2815997595684818E-01  -6.4858532101191590E-01   7.2614055577363290E-01   2.3730190479684796E-02
  -7.2205073245728188E-01   3.4308481687965080E-01  -6.0077911763356031E-01   2.1476788418053005E-02
   8.0239391379196316E-01   1.6237684596613815E-01  -5.7428021644812412E-01   2.1532708365333506E-02
  -6.5662774545132318E-01  -5.5969413685791993E-01  -5.0555165618399522E-01   2.4009833856928604E-02
  -3.8797133618639282E-01  -9.1975706377258497E-01  -5.9373276296476342E-02   2.1635752245855384E-02
   3.8715462712878178E-01  -6.9431392182411277E-01  -6.0666256902333586E-01   2.3767328514288883E-02
   4.2201322470902642E-01  -8.8374098358972901E-01  -2.0225407806654227E-01   2.6374189657087301E-02
   3.3596646021548783E-01  -2.7846561892183823E-01   8.9976854617660020E-01   2.0677423478383460E-02
  -5.4605715410518298E-01   7.2266900936028388E-01  -4.2375828884019988E-01   2.1742835949619379E-02
  -9.9630353041250323E-01   5.4400006707319041E-03  -8.5730284499030400E-02   2.0854105678692844E-02
  -5.0503653307903295E-01   5.3564907202001332E-01   6.7677039821464521E-01   1.9980328392305789E-02
   9.3729283512222067E-01  -2.6080533369671767E-01  -2.3122006648189779E-01   2.0568216126460745E-02
   8.6838124513862879E-01   3.9091796382728505E-01   3.0511826993579727E-01   1.7841096658789661E-02
   3.3268419762149976E-01  -9.3972031342933988E-01  -7.9037694685523005E-02   2.1073996767018714E-02
   4.0603213058496523E-01   5.8819110457829513E-01   6.9940627208197012E-01   1.6785055173799838E-02
  -5.1654603036372979E-01  -2.5862725842925233E-01   8.1626719872407065E-01   2.0698117863855722E-02
   6.8730934838404031E-01  -1.3699145823926226E-01   7.1332965730676463E-01   2.3367656009407280E-02
  -3.3250881405661210E-01  -5.6502176269645261E-02  -9.4140607213436826E-01   1.9206501858679828E-02
   8.6009860637878929E-01  -5.0106681943679003E-01   9.5720581719731239E-02   2.1549373631877974E-02
   5.6378758286287080E-01  -1.4386599716325445E-01   8.1329338880250592E-01   1.8974931902387204E-02
  -6.1893150401232812E-01  -5.4301662243152906E-01   5.6750043269066470E-01   2.1696198066014393E-02
   8.5598352314376029E-01   2.0582608531738109E-02  -5.1659322908108720E-01   2.3276242734329586E-02
  -6.6513427327680130E-01   7.4485757795035301E-01  -5.2759710788397349E-02   1.7180129020772556E-02
  -6.0281286104679594E-01  -8.0652454577861050E-02  -7.9379584033121650E-01   2.0152400975038489E-02
  -8.2980248070533981E-01   4.4238337490599075E-01   3.4018346906051988E-01   2.2639165173022415E-02
   1.9648982358527465E-01   9.6270447194384143E-01  -1.8598884086621128E-01   2.0473773503779635E-02
   5.8574224830948011E-01   2.9874128636311120E-01   7.5343192284868631E-01   2.4468128458611340E-02
   8.6923127070206795E-01   1.4204679542319667E-01   4.7356066764847426E-01   2.0427162239677514E-02
  -4.6030357605283356E-01   8.8138219383983535E-01   1.0623580495789615E-01   2.1259277011893953E-02
  -1.0681297499659401E-01   5.7351083927438697E-01   8.1220459590374485E-01   2.4468307473503827E-02
  -9.6842781435151401E-01  -6.9748499025677199E-02  -2.3933807735923386E-01   2.0728201641402739E-02
  -3.8022863752262612E-02  -7.3938512703822176E-01   6.7220822350425724E-01   2.2635350819324493E-02
  -5.6935475620075575E-01   8.2165847827181650E-01   2.6692820675622330E-02   2.2466796310934338E-02
   4.1331040043538189E-01   8.8078525814557302E-01   2.3106674777081313E-01   2.0107254994679784E-02
   5.5744619652631941E-03   3.6837269777666614E-01  -9.2966148726648825E-01   2.0684602392399380E-02
  -7.6938820240233312E-01  -4.6192826572965657E-01  -4.4120751503583699E-01   2.1743574431989873E-02
   6.8126599612482143E-01  -6.8582016119852164E-01   2.5598310299253865E-01   1.9624905033432115E-02
   9.7815889540282352E-01  -1.3403055803982995E-01  -1.5887411638105235E-01   2.3306455500642244E-02
  -3.2544396312717909E-01  -6.6399178333345600E-01   6.7320215279641839E-01   2.4107382630545703E-02
  -9.1803481213788540E-01  -3.9649487155753377E-01  -1.9749763371385833E-03   2.3061782810604642E-02
  -8.2092684985964066E-01  -7.2074051364794629E-02  -5.6646662593606675E-01   2.1172047444262336E-02
   2.8479079951842747E-01   3.5647033357097432E-01  -8.8984442561239500E-01   2.0780492990898258E-02
  -4.8889474828863717E-01  -7.8097018717240835E-01   3.8867401745380858E-01   2.1177451698224665E-02
   8.0708497917054007E-01   4.0658506370248188E-01   4.2813832154029105E-01   1.9496972986065854E-02
  -7.9857999455642332E-01  -5.7202140693029868E-01  -1.8724716902464566E-01   2.2611703473158399E-02
  -5.1522590944005877E-01  -1.9730596100591375E-01  -8.3403394414927571E-01   2.1822740434508283E-02
   7.9911564804298738E-01   4.7442857141683507E-01  -3.6923124417662336E-01   1.9528184762830441E-02
  -7.2482392288631567E-01   4.6445091434610370E-01  -5.0883752708969947E-01   2.2000592670257961E-02
   2.7209367010787852E-01   9.3044728442035680E-01   2.4542388963181323E-01   2.2607137460180797E-02
  -9.3884436006898965E-01  -2.0549426180142531E-01  -2.7630305089400759E-01   2.2159272379386916E-02
   9.0550091458339423E-01  -3.9530663682993676E-01  -1.5427493823314577E-01   2.1830770333437286E-02
  -5.0298701541745849E-02  -4.0531135780838916E-01   9.1279392189843946E-01   2.0953316923995504E-02
   5.0479305527263313E-01  -6.9978561466383304E-01  -5.0545431530266071E-01   2.0310588967869782E-02
   2.8535710767028552E-01   4.9463658665194500E-01  -8.2091775973440963E-01   2.2361786867925217E-02
  -4.1817806196306896E-01   8.1408599325326491E-01   4.0297779601568208E-01   2.2007397874222132E-02
   5.6466907358092406E-01  -8.1599741018197029E-01  -1.2368129978933006E-01   2.1269547813243105E-02
   8.1784158666287041E-01  -4.0240168440555432E-01   4.1134902882142689E-01   2.0263720455314047E-02
   6.4896378748001151E-01  -3.8075363871796085E-01   6.5869011617196076E-01   1.9261976672353174E-02
   6.1103614864985154E-01   6.2954012583203056E-01   4.7991046561889811E-01   2.3099613697126675E-02
   6.0709988981905116E-01  -2.6619533286321406E-01   7.4871207319205073E-01   2.3241214796167755E-02
  -1.9581615710041713E-01   1.9671590224621112E-01   9.6070749264377237E-01   2.2254111906135447E-02
  -9.4692044676278062E-01   2.7878904569612035E-01  -1.6005728818901834E-01   2.4245466640955029E-02
  -9.7374848117809662E-01   8.1237882339312736E-02  -2.1263654877836444E-01   2.1450322447412002E-02
   7.8969284789947549E-01  -4.9861973602797808E-01  -3.5744029546178102E-01   2.0051774913993867E-02
  -5.2274504483780814E-01  -8.5202493292570906E-01  -2.8127064732367156E-02   2.2005053750487975E-02
   5.6223459283135355E-01  -8.1435557796278725E-02  -8.2295839053391457E-01   2.0234464468927639E-02
   3.8170765399051287E-01  -3.1209984121147353E-01  -8.6999595171519725E-01   2.0841181182410015E-02
  -4.3819846925605423E-01  -8.4279065903283161E-01  -3.1254760691558045E-01   2.1702796652516274E-02
  -9.3389988440616171E-01  -3.2932926883093438E-01   1.3918778178216646E-01   2.1216220466346977E-02
  -5.0047658220344048E-01   4.1647945397734691E-01   7.5899147233726793E-01   2.1418291516974634E-02
  -2.5356654375014340E-01  -9.0094756781558000E-01   3.5213277032647423E-01   2.0288532929160161E-02
   5.8586527215170995E-01  -7.1844563862222132E-01   3.7496366121440525E-01   2.2215211445677613E-02
   4.2257862323571524E-01  -4.4527726272394589E-02  -9.0523178732146725E-01   2.3469855492927469E-02
   5.2559212600839897E-01  -4.7940521220494600E-01  -7.0279695473778334E-01   2.2685368248775525E-02
   8.3683955035542396E-01   4.9886595835694684E-01  -2.2546024606022387E-01   2.3741018891507792E-02
  -8.4019542896824201E-01  -3.7213095715598720E-01   3.9444922596836287E-01   2.1432594288907984E-02
   5.9666390278618708E-01  -5.1061706266664694E-01   6.1908190284132924E-01   2.5190490287409645E-02
  -6.9977917436186327E-01  -4.3731759743646154E-01  -5.6485611097148442E-01   1.6480561073216499E-02
   2.8144175782379035E-01   1.3314166675019758E-02  -9.5948594044874084E-01   2.6230254621782278E-02
  -2.0458656482656478E-02  -4.2596907006756943E-01  -9.0450638180208251E-01   2.1276707712837588E-02
  -2.9711011059075351E-01   8.2304816450440796E-01   4.8406332343059723E-01   2.0366013405582030E-02
   9.0400770331733859E-01   4.2665892364590956E-01   2.7059845088705252E-02   2.2410443925854064E-02
  -9.3401457869736166E-01   3.8275297636557855E-02   3.5517850212480892E-01   2.5808331439356062E-02
  -1.3536732658267756E-01  -9.5529058149638181E-01   2.6286040363311342E-01   2.3067977095431757E-02
  -9.1164148829762581E-01   4.0647360389303948E-01  -6.0737189206402852E-02   2.1648238332159830E-02
  -2.4427237121639446E-01   6.1641295157244435E-01   7.4857603608054903E-01   1.9612629702047307E-02
   7.5043574042390650E-01   4.4415453157096971E-02  -6.5944936652882821E-01   2.1248182493429914E-02
  -8.5930823947110717E-01   4.8049686333675643E-01   1.7524872011117387E-01   2.2033753452261817E-02
  -3.9175740176983261E-01  -5.4510878923099470E-01   7.4120344444806027E-01   2.2232380671275926E-02
   1.4311258527948367E-02   5.0994265439420818E-01  -8.6008934251549433E-01   2.2652385656917011E-02
   9.9725812205833932E-01   2.6223365663954854E-02   6.9199516486237193E-02   2.2257526978202033E-02
  -9.8552461095366421E-01   1.4833469856144683E-01  -8.2085677236125569E-02   1.9537624160855415E-02
   1.5628172014733872E-01   2.8714650848591460E-01  -9.4505180102052470E-01   2.1594370192811274E-02
  -8.5030488405898552E-01  -1.9339209863369921E-01  -4.8947022415208127E-01   1.8913778343115545E-02
   9.0642840687283001E-01   4.0167269344966047E-01  -1.3056259246383929E-01   2.1227725852291055E-02
   1.2329857454303598E-01  -7.2309550756900433E-01  -6.7965458024586240E-01   2.3649496911545226E-02
   9.2849052089949761E-01   4.6542761005514892E-02  -3.6842790882038696E-01   2.5117600733597043E-02
   4.6695956681865924E-01  -8.8384027865066236E-01  -2.7841063040937354E-02   2.2234968068591807E-02
   7.5774150593339042E-01   6.5249762786043739E-01   8.6403600792976273E-03   2.4140379350287815E-02
  -1.6247836445535945E-01  -1.0484360375430146E-01   9.8112618955755248E-01   2.1197766826027097E-02
  -3.7008543259049062E-01  -5.6557400205381505E-01  -7.3699580784773841E-01   2.0048203086310238E-02
  -7.4413268907331691E-01  -5.7366019580185243E-01  -3.4231640452232876E-01   2.0602492688669640E-02
  -2.7934523714911607E-02  -1.4424517071844620E-01   9.8914760936334840E-01   1.6749558135005944E-02
   6.4215223290684120E-02  -8.9246215744124501E-01   4.4652850147896048E-01   2.0572202142615418E-02
   1.8915239978617201E-01  -9.2092050808815297E-01  -3.4077380685403402E-01   1.8172769930398377E-02
  -1.2655253260678345E-01  -3.5776132412332408E-02  -9.9131454384590984E-01   2.5018117374319541E-02
  -2.9561188473752512E-01  -9.3250251143866247E-01   2.0749139683976105E-01   2.3087217242676567E-02
  -9.9443729767452531E-01   7.8992685898538086E-02   6.9675078531155385E-02   2.6864229453381081E-02
  -3.9384349226439656E-01  -8.6821392189164328E-01   3.0181432940553971E-01   2.1575175970041775E-02
  -7.6598801941811824E-01   5.7057940349181599E-01   2.9614438778884881E-01   2.1270449045486423E-02
   2.9451153731940129E-01   8.7098992919825146E-01   3.9324228869869495E-01   2.4537702150943601E-02
   7.0021665551831313E-01   5.4710195144197770E-01  -4.5866773383695509E-01   2.2547308180347167E-02
  -8.8203663842916775E-01  -4.4501412933981416E-01  -1.5483472852206219E-01   2.0823639730390959E-02
  -8.8046595536172613E-01   1.9795330378283942E-01  -4.3080644258230629E-01   2.2834817807952503E-02
   9.0163752406853099E-02   3.8785869763658741E-01   9.1729827669061165E-01   2.4935874452535440E-02
  -1.1879156539233182E-01  -6.7081547935735317E-01  -7.3204860265299585E-01   2.3790313940884133E-02
   8.8266367673794903E-01  -1.2552512010329137E-01   4.5293297295571219E-01   1.9567500460522049E-02
   3.4685506568152382E-01   2.6235277146616891E-01   9.0047908732801005E-01   2.0025383203878344E-02
  -3.6726481220860556E-01  -3.1961074298413501E-01   8.7347898124826510E-01   2.3490137085610296E-02
  -1.3595315903686198E-01   9.1294752043326674E-01   3.8476429600815063E-01   2.5046310022478883E-02
  -8.7188954452085205E-01   1.8781111782031903E-01   4.5225612895604143E-01   2.1045515265236880E-02
   1.1775278435315663E-01  -9.6621596811967496E-01  -2.2926182570946753E-01   2.2019663952721471E-02
   3.5382449352209026E-01   4.9493456099057269E-01   7.9362964165970097E-01   2.1056505315872184E-02
  -2.6284198647860339E-01   3.4671055317614247E-01  -9.0039207152233124E-01   2.1219233702684308E-02
   6.8939049843110042E-01  -7.2347924370084895E-01  -3.6311494143956695E-02   2.1314783696873904E-02
   4.5134098579624941E-02  -1.1218616915202550E-01  -9.9266166270104232E-01   2.5646621070059940E-02
   3.6103018303959517E-01  -6.7854200004188038E-01   6.3971709459225891E-01   2.5159397168661117E-02
  -9.8308057021852324E-01  -1.4853029625822364E-01  -1.0719768445385096E-01   2.4119123460386764E-02
   2.0816015684308544E-01   2.7801316505076223E-01   9.3775158179633031E-01   2.0291819975170639E-02
  -1.7686605895439648E-01  -9.7803987739124469E-01   1.1025604483410058E-01   2.0617644171217235E-02
   8.4117790331640343E-01   6.0205641673791090E-03   5.4072496500469249E-01   2.2836859266630304E-02
  -2.4680808293977412E-01  -5.8040756462885445E-01   7.7602372973846343E-01   1.9891483691174782E-02
   2.7028686503375256E-01  -5.3157955116027286E-01  -8.0272547697109306E-01   2.2417892451998930E-02
  -6.1463413196510270E-01  -7.1693765541758445E-01   3.2897611169785823E-01   2.2516959016224546E-02
   6.2454824894699347E-01  -3.5712338783290449E-01  -6.9455192073738656E-01   2.2241989918957880E-02
  -5.4473629851561264E-01  -4.8651815687952000E-01   6.8305376662899961E-01   2.2205605794376364E-02
  -6.4747594303965385E-01  -2.1416491606447416E-01  -7.3137424887126547E-01   2.1292340598983137E-02
   2.3328751924655151E-02  -6.3551895114685210E-01  -7.7173274653006851E-01   1.9984220664838797E-02
   9.2039429277481126E-01   2.0944525293147897E-01  -3.3016212964545701E-01   2.1756472420150965E-02
   5.6146034976468452E-01   1.3231611248765213E-01   8.1685661043923314E-01   1.9516705436884222E-02
   8.7599432289045395E-01   3.6304998660752563E-01  -3.1753527912339194E-01   2.3870983697052681E-02
   3.1641177973860896E-03   2.2196730867624121E-01  -9.7504897427646710E-01   2.2699307038312039E-02
  -5.6044491456184122E-01   7.5948668813975563E-01   3.3027483749186248E-01   2.1659610552111989E-02
   4.9751461864420711E-01   7.3729469963590412E-01  -4.5702924427667781E-01   2.2860627359856602E-02
   9.5799811962473597E-01   2.7833446359475138E-01  -6.9061777930285659E-02   2.2002426198994027E-02
  -1.0913672173194930E-01  -6.3594265317411853E-01   7.6398044336453114E-01   2.2095908984993379E-02
  -4.7473143311815979E-01   2.8556680342876790E-01   8.3251526543905107E-01   2.1210027431431659E-02
   8.8048534869627577E-01   2.6887613653184367E-01   3.9044996342029154E-01   2.3322955832873835E-02
   3.3702673330419292E-01  -8.7081064086600719E-01  -3.5791313023251647E-01   2.2786512556342253E-02
  -7.9179449387378610E-01  -3.1924020465591191E-01   5.2071793823758980E-01   1.8758045539041848E-02
  -4.3015507436632942E-01  -7.2337225735495778E-01   5.4009183412276327E-01   2.1833470567115051E-02
  -9.1404960230789065E-01  -9.7953139149878332E-02  -3.9359688394532771E-01   2.5692229587343460E-02
   9.6239903292900415E-01  -2.6150157659148480E-01  -7.3518887760121804E-02   2.2239370874870396E-02
  -6.7094475624297080E-01  -6.0259449254225314E-01   4.3210301043594334E-01   2.0756504915661562E-02
   4.8030785188871840E-02  -9.1489181567194002E-01  -4.0083164706724581E-01   2.4794621410559489E-02
  -7.8992933935717690E-01  -3.2716148507015612E-01  -5.1862992731756616E-01   2.3651955976030132E-02
   9.8313205938429408E-02  -8.1885981897202704E-01   5.6551137071787271E-01   2.3093094983625954E-02
  -7.7826207907630546E-01   5.7363888614066684E-01  -2.5543407090504075E-01   2.2850020937282540E-02
   1.7022875700637185E-01  -9.2980155560550432E-01   3.2632995186107240E-01   2.3107234895485739E-02
   7.0582437443998617E-01   1.8861564159799835E-01  -6.8281483009010415E-01   2.2487713578237409E-02
   2.4209536562101869E-02   5.1591821652798852E-01   8.5629568035464700E-01   2.0452635639813063E-02
   4.0528567918995976E-01  -4.2932527148425254E-01   8.0710800362064674E-01   2.1114995306974639E-02
  -6.6194453240041362E-02   9.9766188459880638E-01   1.7001716943005105E-02   2.1559022816372808E-02
  -2.0859422179495004E-01  -8.4878267907568822E-01  -4.8585637212540122E-01   2.2649867347028211E-02
  -2.4192039752722322E-01   4.8012626078055999E-01   8.4318046405804967E-01   2.1223147510492994E-02
  -1.6569546378471901E-01   8.3657871689858502E-01   5.2218872423050664E-01   2.0393044594879632E-02
   6.4061613153329419E-01   7.6342067982026931E-01   8.2461128066956899E-02   2.4282019885200298E-02
  -6.8947999616473119E-01  -3.9068923359922669E-01   6.0990102282118794E-01   2.2637850982807377E-02
  -6.9946824874788982E-02   9.7350147616954600E-01   2.1772073301743821E-01   2.5185872182039306E-02
  -6.9412360401583530E-01   1.7094995632923470E-01   6.9926285099317322E-01   2.1989946277156455E-02
   1.0914406190561471E-01  -4.0510905047972229E-01   9.0773026333275961E-01   2.2487546384945398E-02
  -7.3690010399376761E-01  -4.7000323022628514E-01   4.8587570459000328E-01   2.3937881438735861E-02
   7.0517799993079268E-01   6.3038731545849433E-01   3.2455480418973920E-01   2.0879479115547421E-02
  -1.6541117091178001E-01   8.4919290968723686E-01  -5.0150827179072354E-01   2.1865020492368114E-02
   2.5528526570555918E-01  -3.9591362129755580E-01  -8.8208947255065766E-01   2.1723061948163779E-02
   7.1640879386195948E-01  -5.1250436905140626E-01   4.7338959830194040E-01   2.1911685856796081E-02
   1.7235589899249577E-01   5.0270129292093805E-01   8.4710380366169175E-01   2.0086133486444350E-02
   9.3633808622223160E-01   2.8135965144472736E-01  -2.1001841545109836E-01   1.7659824668603651E-02
   6.4338297059722373E-01   4.6736351910125515E-01  -6.0632474315236608E-01   2.5941339839790167E-02
  -2.6547559282174626E-01   7.5032222322936883E-01  -6.0542486812492235E-01   2.6669941068931315E-02
   6.3240538273475888E-01   4.0195028757178716E-01   6.6219287085339475E-01   1.8414715951386082E-02
   3.0664142197624189E-01   9.0591312054365022E-01  -2.9204872257083094E-01   2.1622327924878264E-02
  -4.2135397414551780E-01  -2.0994603692486557E-02   9.0665321655392236E-01   2.2162722935618650E-02
  -5.2189653632341395E-01   1.0367157822714274E-01  -8.4668542519729079E-01   2.3590569540749424E-02
   1.3054600725327145E-02  -9.5010237639544428E-01   3.1166496718051588E-01   2.1573342742979679E-02
  -1.1706694959077887E-01   7.7969546947107746E-01  -6.1511812215198657E-01   1.7418250895275130E-02
   5.9781713894870769E-01  -7.1205188391769294E-01  -3.6823468466243896E-01   2.1201245341082484E-02
   1.1801702670949893E-01  -9.7406169062105831E-01   1.9306942862891364E-01   2.2085850270875759E-02
   3.0818132955844621E-01  -5.4268206879758409E-01   7.8135807432774555E-01   1.9493405613807864E-02
  -7.5921951843678154E-01  -2.0298271308314106E-01  -6.1837184688019934E-01   2.2383134448795138E-02
  -9.0828235953483584E-01   3.4931248061022088E-01   2.3022585920735547E-01   2.2294909954615049E-02
  -5.6903809189410221E-01   7.7115254404997566E-01  -2.8551603068614106E-01   2.1536899434959533E-02
   1.4712940303539934E-01   5.6472958169778797E-01  -8.1205507098834637E-01   2.0245894148666376E-02
   9.1649570307253931E-01   1.0472292664453548E-02   3.9990743595977523E-01   2.3522926400515875E-02
  -6.6279606389614853E-01   6.6922382402000124E-01  -3.3591792308214065E-01   2.1546691655775980E-02
  -5.0728109302771517E-01   6.3669207289396929E-01   5.8076595713814613E-01   1.9239104696364119E-02
  -7.4839958148416023E-02  -9.9719555570402480E-01  -6.5943039490365498E-05   2.3297155481631768E-02
   5.8495420002466280E-01   6.2086539043470390E-01  -5.2187618343230566E-01   2.1386283872997311E-02
  -8.3114171098011215E-01   5.4246183189911789E-01  -1.2222363601900072E-01   2.1126014896608440E-02
   2.1801330915881518E-01  -8.6143320567362877E-01   4.5869709961201907E-01   2.1043436185250716E-02
  -5.4154118564574558E-01   2.5928959601024330E-02   8.4027426076454858E-01   1.5794944218467758E-02
  -4.5915640728478104E-01   8.5011981897497861E-01   2.5782103683617769E-01   2.1928680506764068E-02
   3.3214830944752904E-01   9.3117917051087690E-01  -1.5027592268165781E-01   1.8719877022242609E-02
   8.9009335391649777E-01   4.2215782558134868E-01   1.7180393363979673E-01   2.2056623651829485E-02
  -2.2947580645452516E-01  -1.6839319652305093E-01  -9.5863683718955563E-01   2.5377076730187297E-02
   4.4982282573978622E-02  -2.7736581624520302E-01   9.5971078884894645E-01   2.2699935498427312E-02
  -2.9896193642991967E-01  -7.6666605273592134E-01  -5.6819444220125383E-01   1.9108559018964381E-02
  -8.2277681890217984E-01  -1.1307322280595852E-01   5.5700336853692675E-01   2.4373761374437608E-02
  -3.7358332112569843E-01  -8.1280786433186076E-01  -4.4696630505774468E-01   2.1301918925441540E-02
  -3.7430903428013673E-01   6.4303993966391193E-01   6.6812602318223159E-01   2.3923539463953180E-02
  -2.6523451526860504E-01  -2.2113881964668253E-01   9.3848189878947589E-01   2.0867061259493491E-02
  -2.9812330095858023E-01   8.8946311996506910E-01   3.4637819741947502E-01   2.3290237088610274E-02
   4.4146584439112555E-01   6.6805927266644395E-01  -5.9900310219598402E-01   2.3739795088807991E-02
   6.6142597034674865E-01   7.0968426351350508E-01  -2.4261890254503253E-01   2.2822845611404458E-02
   2.6709829249164607E-01   6.0331037128447553E-01   7.5144866627643658E-01   2.3141305327877463E-02
   2.0048046128245466E-01  -2.6322728188029547E-01  -9.4367313340896039E-01   2.4415164520742012E-02
  -2.3323063752532191E-01  -5.6691625518049439E-01  -7.9006925603497348E-01   1.9596846943492440E-02
  -5.3448849873885970E-01   7.0751982167676583E-01   4.6231779832746795E-01   2.1322364579631560E-02
   3.2414766851950012E-01  -8.7755669467634280E-01   3.5330233033777802E-01   2.1892780968254781E-02
   2.6608211285019982E-01  -4.1260859857222200E-01   8.7117992034105125E-01   2.3549040921465946E-02
  -8.5341474073371212E-01   5.1452894818144736E-02   5.1868668761907095E-01   2.4005019153524620E-02
   4.1895747940475986E-01   2.4159083737274111E-01  -8.7527624082248909E-01   2.6259356224759686E-02
   1.3905955769514346E-01   2.6991553451690539E-03  -9.9028034110248484E-01   1.7354625134786836E-02
  -8.7367848722926222E-01   3.9778965863562877E-02  -4.8487476200315189E-01   2.3484486422299362E-02
   7.9410178814883538E-01  -9.6426703636873458E-02  -6.0008686111641278E-01   2.2903897108562585E-02
   7.2418854693972010E-01  -4.9601310761039467E-01  -4.7908448687054763E-01   2.0362484425480174E-02
   8.2590929472713856E-01  -2.6051751409275687E-01   5.0000446171434385E-01   2.2066035135533477E-02
  -9.0349184854129820E-01  -3.4216295008041535E-01  -2.5812205487268089E-01   1.8746896665518381E-02
   8.0407918701478013E-01   5.2428660051838074E-01   2.8032163941895431E-01   2.6511565304250210E-02
  -3.4638517291934678E-01  -8.2261373479182093E-01   4.5091457651476058E-01   2.2787590661040240E-02
  -3.9967630719093962E-01   7.6241117934031974E-01  -5.0890867853389618E-01   2.2571504062188050E-02
  -1.5800707301656027E-01   5.0299551194671252E-02   9.8615603229223012E-01   2.3740795007204917E-02
   5.3491715868626279E-01  -4.1026647207151309E-01   7.3861021874667418E-01   1.9938220698292315E-02
  -1.3110731960279344E-01   4.4648170397527433E-01  -8.8513555953984042E-01   2.2007203515958404E-02
   1.9506180061120804E-01  -2.8071013485751841E-01   9.3976205186769874E-01   2.0234258128403106E-02
  -7.6451741181086951E-01   6.4362650790247410E-01  -3.5468935186667778E-02   2.2466726991104404E-02
   4.6098214221671769E-01  -8.0123471878964718E-01   3.8146872737271735E-01   2.0246084442333556E-02
  -7.9328725960260744E-01   1.7378942861681103E-01   5.8351740184267644E-01   2.1823048388817696E-02
