625
   0.0000000000000000E+00   0.0000000000000000E+00   1.0000000000000000E+00   2.1778230253174117E-02
   3.3063712530120188E-01   0.0000000000000000E+00  -9.4375796228299826E-01   1.7640795156217501E-02
  -3.0549648443787704E-01  -2.1555369770540675E-01  -9.2747425915850847E-01   2.0395375647342244E-02
   6.2072740412833677E-01  -7.6564586459251673E-01   1.6877173873748494E-01   2.5146022184157552E-02
  -7.0200399076218626E-02   9.8570185221695236E-01   1.5317885789366920E-01   2.1011148165597273E-02
  -3.0018230928245719E-01  -5.0327365589889687E-01  -8.1031241411693173E-01   1.9665502968028407E-02
   4.0724737003138047E-01  -8.2482436863782826E-01  -3.9219171396618248E-01   1.9804093219208995E-02
  -4.6775895937763714E-01   8.7356038171877621E-01   1.3451325367151016E-01   2.0558897951152199E-02
  -5.1675023369349206E-01   2.7665341283154090E-01  -8.1020496489862523E-01   2.3663260003778709E-02
  -9.2002014597315433E-01   6.3471238247361085E-02   3.8669669370047961E-01   1.9479611898286119E-02
   4.7989451055537397E-01  -7.8020816630841327E-01   4.0121873830179142E-01   2.1107687626143496E-02
  -6.8749534224644248E-01   3.4373213054440738E-01   6.3968615493916178E-01   1.9104999020309158E-02
   1.0896269403792422E-01  -8.8749139034029802E-01  -4.4775681276764780E-01   2.1443057207904447E-02
  -8.8682848225049522E-01  -3.1212307081023480E-01  -3.4075567748354860E-01   2.1771102625875733E-02
   7.8623502387918993E-01   4.1592549459017433E-01   4.5699066749290224E-01   1.9937546483792093E-02
  -3.4877103923202752E-01  -6.7290131872103771E-01   6.5235157503948739E-01   2.0753125814826227E-02
   3.5304175775727237E-01   1.4000424261082318E-01  -9.2507314809728704E-01   2.0146635017504235E-02
  -6.6265858414459390E-01   7.1707460864832999E-01   2.1607315078770565E-01   1.9601411715291893E-02
   7.3481668214165596E-01  -7.4064962168103960E-02   6.7420977820361365E-01   1.9614746344760531E-02
   8.6167109870610758E-01   5.0422912932807237E-01   5.7235502895173473E-02   1.8194598140776150E-02
   9.7480211695747271E-01   5.1176055823695252E-02   2.1712172642451021E-01   1.8720778699975994E-02
   6.4804911244346516E-01  -3.3585822854355567E-01  -6.8354341353042213E-01   1.9602771387222123E-02
   4.7637271070365310E-01  -8.4002011351463661E-01  -2.5968297862530498E-01   2.1184409314779011E-02
  -4.2715286009988338E-01  -4.0737104844363818E-01  -8.0721079217167339E-01   1.9378540053509913E-02
   3.3554575686511221E-01  -2.6467322570090345E-01  -9.0407805451017217E-01   1.9925630491624223E-02
  -4.0512524641527614E-01   2.2144282900638727E-01  -8.8703810977804646E-01   1.7056938595101809E-02
   8.7743550155845877E-01   2.5411130559389412E-01  -4.0685917093537691E-01   1.8994240115812237E-02
  -9.2347402619700371E-01   3.6118485724204738E-01   1.2938787361471568E-01   1.9523786506294474E-02
  -5.7502362323382296E-01   5.7713600951044714E-01   5.7988090091794148E-01   1.9397448137243317E-02
  -5.1889921426097753E-01  -6.7459727905279418E-01  -5.2503534788993651E-01   2.0060690753120229E-02
   7.2622039673753260E-02  -9.9556331114465006E-01   5.9830868757894783E-02   2.0981528491603858E-02
  -1.8362345071215656E-01  -8.3058063075537909E-01   5.2575492785380220E-01   1.9080865967084292E-02
   5.1681089808490652E-01   8.5170837772980334E-01  -8.6598700484122161E-02   1.7765160148471044E-02
   6.3548626242730517E-01  -5.5378380617331739E-01  -5.3803411256756552E-01   2.0738265842930321E-02
  -4.3362583322721670E-01  -5.2555923505499020E-01  -7.3195363733396092E-01   2.0353417334673289E-02
   5.7198317389176818E-01  -1.2091834211294765E-01   8.1130389086048104E-01   1.9160137252781977E-02
  -7.8163905483188989E-01   4.6106069739611514E-01   4.2007549473650298E-01   2.2521839889532171E-02
   1.7832123620110911E-01  -7.1750550556675429E-01   6.7334046826334787E-01   2.3272809722039209E-02
  -6.3033368082099459E-01  -5.7578003442027645E-01  -5.2072718652442349E-01   1.9233966522461257E-02
  -2.0367018086136847E-01  -2.2807095275623865E-01   9.5210403734925890E-01   2.0075579276195543E-02
   8.3201597181602622E-01  -4.2916827230211298E-01  -3.5151673742832305E-01   1.8382273717107223E-02
  -4.5475889926612360E-01  -7.6100202844745536E-03  -8.9058207433651705E-01   2.1015873971425276E-02
   2.8499808024496857E-01  -5.2282909563206807E-01   8.0338398727957986E-01   1.7667939221790405E-02
   3.4377434143637159E-01   8.0159960977660382E-01   4.8913931325951036E-01   1.8671155175464836E-02
  -2.6805237812139819E-01  -8.0754366755762632E-01  -5.2537714793378746E-01   1.6087062523113289E-02
   6.1051463290866134E-01   4.7774796828639036E-01  -6.3168723416151824E-01   2.3638657805899088E-02
  -9.3955751370703968E-01   2.6319571937345385E-01   2.1899701308496450E-01   1.9474168102170150E-02
  -5.8005243329070887E-01  -6.8407872159295237E-01   4.4223916300716696E-01   2.1290981630816285E-02
  -9.9879121956252827E-01  -4.9149477289726082E-02  -6.5468079570835984E-04   2.1050510384924616E-02
   5.1186008967933025E-01  -8.1558255085257407E-01   2.6985987352379128E-01   1.7773277265750349E-02
   4.1399789745057988E-01  -7.4657272054703129E-01   5.2080218302298186E-01   1.7675793234254566E-02
  -5.4489058037717033E-01   7.9803892870806381E-01   2.5734825370053791E-01   2.0902402592418471E-02
   4.0618839789953948E-01   9.0027213961269829E-01  -1.5659201783290123E-01   1.8689869937447769E-02
  -9.6503272492450946E-01  -9.9418028508405402E-03   2.6194083374084926E-01   2.0178362908485834E-02
   2.7258249999032067E-01   9.5872427075124910E-01  -8.0910774137394270E-02   2.1322390111514057E-02
   2.5405114124599217E-01  -9.4943133067015335E-01  -1.8449435214529191E-01   2.0583621350960967E-02
   9.0375623571790537E-01   1.0502797461274213E-02  -4.2791863437631381E-01   1.5932923050895341E-02
  -7.4615098945138171E-01  -1.9591717728585955E-01   6.3629801240068726E-01   1.9946220050485081E-02
   9.3478111204838238E-01  -1.8532410044167008E-01   3.0304991396315457E-01   1.8965888789831790E-02
   5.3493144814688537E-01   4.1736949379549761E-01  -7.3460945503877503E-01   1.3961605549917577E-02
  -2.5851310946719663E-02   5.0664156159345736E-01   8.6176913253404414E-01   1.9124512219785414E-02
   2.8187100901679421E-01   8.0827708715443478E-01  -5.1694959585727158E-01   2.1615758807404477E-02
  -4.8329657426800407E-01   7.2927078278754331E-01  -4.8434341811699619E-01   1.7252699995852109E-02
   3.9028463194601510E-01  -9.0870564218451814E-01  -1.4809443584681418E-01   1.9913519536388166E-02
   1.2261372920424147E-01   1.1113399043222893E-01   9.8621250731332654E-01   1.7485007542572619E-02
  -4.8490565365402078E-01   7.8321830174572104E-01   3.8914727143449860E-01   2.0929477924190997E-02
   4.6254197314784359E-01  -7.3918308796765606E-01  -4.8955417017843876E-01   1.9161369121737912E-02
  -8.7252303777540625E-01  -4.8785115771318574E-01   2.6548003109112343E-02   2.5260044881894168E-02
  -1.7422437990064469E-01   9.2004413878175732E-01  -3.5094821290550886E-01   2.0552852109412924E-02
   4.6068718586264525E-01   5.8858962353264443E-01   6.6432640460217768E-01   1.9839827847988262E-02
   2.8698375194087265E-01   9.2913620679537185E-01  -2.3312279027123774E-01   2.0445759850304745E-02
   2.8855100668374724E-01   3.9840896880893295E-01  -8.7063689912293451E-01   2.1016893885218022E-02
   1.7463158243959804E-01   5.1363763416903918E-01  -8.4004773148903506E-01   2.2018972079834169E-02
  -3.3445247042593670E-01   4.9213293670290632E-01  -8.0370810474833529E-01   1.9225820628363297E-02
   4.3232670674563635E-01  -2.8468187299109185E-01   8.5559911747544266E-01   1.7112820016474127E-02
  -7.3918593903057514E-01  -3.3860495063586832E-01  -5.8219484276689374E-01   2.1987975472731711E-02
  -4.6554053878700871E-01  -4.4798061789882517E-01   7.6327280361145346E-01   2.0489975094355288E-02
   7.2325452475201670E-01   3.5889914549745052E-01  -5.8999516590132685E-01   1.8617984162988845E-02
   7.1240597653109452E-01   4.8643405532160546E-01  -5.0582569569581457E-01   2.0611473512208129E-02
   4.1767204081840594E-01  -3.5773045981204845E-01  -8.3521193983398518E-01   1.8765820033018872E-02
  -2.9891575621639109E-02  -7.5047883372982013E-01  -6.6021815624109034E-01   1.5714567852087036E-02
   1.5424935317331103E-02   9.9301296637296445E-01  -1.1699282023108046E-01   2.1107906543464038E-02
   1.2937034251995820E-01   8.0051032327579747E-01  -5.8518931706341570E-01   2.2079894579479306E-02
  -4.8894798998507784E-01  -7.6399120452767057E-01  -4.2100748508062322E-01   1.8356704514811369E-02
  -8.6044929986123968E-01  -4.9450664135186777E-01  -1.2284211015444763E-01   1.7560098829352672E-02
   3.3407298059508461E-01  -3.9679689647294020E-01   8.5495465761978213E-01   2.3999380464456199E-02
  -3.9467247170571679E-02  -8.8942149169316326E-01  -4.5538088070875932E-01   1.9313973506901611E-02
   6.8318794477959965E-01  -7.2910737354451580E-01   4.0702210638303712E-02   1.4893920890628620E-02
   2.0115584996719668E-01  -5.1065589631414090E-01  -8.3592277130341177E-01   1.9875312410839470E-02
   2.1126189151937597E-01  -2.2679111407391414E-01  -9.5075454443761060E-01   2.0101560438375143E-02
   9.5938110190638994E-01  -2.3515361142609938E-01   1.5585467698514523E-01   2.2507417737923458E-02
  -9.8550232009171292E-01  -9.0960747522457605E-02   1.4321773460017752E-01   1.9010652239028619E-02
   8.3828396614828566E-01  -5.3531444822190019E-02  -5.4259964662165849E-01   2.3605772470660655E-02
   4.5811805456676051E-01   1.1386598932154265E-02  -8.8881842546423666E-01   1.9068547676506884E-02
   6.7135570751761983E-01  -7.3423697173013824E-01  -1.0088400927834042E-01   2.3945114075937161E-02
   3.2958326923291503E-01   8.7297981650342411E-01   3.5955682251821037E-01   2.1328021691079839E-02
   5.1403717222365186E-02  -4.1977291243801699E-01   9.0617236762054709E-01   2.0783650371201272E-02
  -2.4950021032963145E-01   1.5566385298809917E-01   9.5578157019183471E-01   2.2388861347923292E-02
  -6.7881347843597605E-01  -6.4541137423224643E-01   3.5022338514909860E-01   1.5364563127237302E-02
   7.9950919238851199E-01   3.7195226155431799E-01  -4.7163181233977162E-01   2.2377508931499843E-02
   7.4767907785297644E-01  -6.5026676594805827E-01   1.3464445641902953E-01   2.0329298104976989E-02
  -9.2390048273167675E-02  -7.3823401121671929E-01   6.6818756622894035E-01   2.3578420072501682E-02
  -6.7238425244555415E-01  -7.2835847117681087E-01   1.3188386758133900E-01   1.8930696594620279E-02
  -9.6182898761482817E-01   1.4821217713001981E-01  -2.3003945125611475E-01   2.0652850522567609E-02
  -9.3967120357244180E-01  -2.6539127805796725E-01  -2.1583674086558417E-01   1.9349908259234728E-02
   9.3727491715625568E-01   3.2340419178366577E-01  -1.3009788009989979E-01   1.8958602373612682E-02
  -5.5358400151184579E-01  -8.1358862860365928E-01   1.7781534432368204E-01   2.1184753722865150E-02
  -1.8811837531620170E-01  -2.8642029782984792E-01  -9.3945457040745399E-01   1.9151767964116606E-02
  -2.3375751327787726E-01  -7.4834581526802299E-01   6.2075435218529149E-01   1.9360274011842692E-02
  -7.5113652598452560E-01   5.9398609135394071E-01  -2.8805284690480998E-01   1.9059224066228102E-02
   5.2453004750438312E-01  -6.3735995504239841E-03   8.5136807932516500E-01   1.6442995272614149E-02
   7.8597301589297083E-01  -5.9891997502339879E-01  -1.5343168449208608E-01   1.8198748061368206E-02
  -4.5984672195598488E-01   4.5852863946672925E-01  -7.6045544188671918E-01   1.9237753140514433E-02
  -8.2185111686752279E-01  -3.2426144655446913E-01  -4.6841782201578183E-01   1.9078090051842684E-02
  -6.5582110561964608E-01   2.8609396143817678E-01  -6.9860498327197460E-01   1.8487304154781579E-02
   7.9611414833224758E-01   6.0415071156387956E-01  -3.4701304616371984E-02   2.1508373488845129E-02
  -8.0226689463466467E-01   4.6696720152106268E-01  -3.7189980166281255E-01   2.0979285210923404E-02
  -6.0092453490406025E-01   2.9698381606474519E-01   7.4208511394984908E-01   2.0362186207295054E-02
   1.8618753439596487E-01  -1.9869507910949304E-01   9.6221331708370350E-01   2.1534432797924694E-02
  -3.0741004751790108E-01  -3.6739523762399812E-01  -8.7779257347977583E-01   2.0654507460762374E-02
  -8.9014634037306521E-01   4.3906778716006398E-01  -1.2189737896609533E-01   2.0716350816908324E-02
  -9.0681568397647929E-02   6.2707099961741228E-01   7.7366582876055867E-01   2.1342437298710330E-02
  -6.1719711823008314E-01  -6.7473943094830239E-01  -4.0471523022001756E-01   2.1748202130654767E-02
   7.9258220407666355E-01   4.3037802687378912E-02   6.0824435658772895E-01   2.2399246913174164E-02
  -1.3458254076076927E-01  -9.8725218146297901E-01  -8.4974525117620753E-02   1.8261058938932922E-02
   4.7848242730978913E-01   7.9992825654109349E-01   3.6217309555357495E-01   2.3827593271439262E-02
  -9.4539590523955041E-02  -6.0883029416682266E-01   7.8764709021763232E-01   2.0660548149322255E-02
  -5.8957438755609512E-01  -7.5927555023889130E-01  -2.7550441075831106E-01   2.5285149731796590E-02
   2.4185480484054346E-01  -7.0928659605756330E-01  -6.6213199441547736E-01   1.9822461776053634E-02
  -8.6091420142863732E-01   1.1549786500335830E-02   5.0861905215031857E-01   2.0333401954579426E-02
   1.2554925416655462E-01   7.1065981209204611E-01  -6.9224274373627023E-01   1.8510126357180210E-02
   9.8619560997226969E-01   1.3497749222611519E-01   9.5912957746970874E-02   2.0694349178277193E-02
  -9.7618104160062397E-01   2.0019066259557356E-01  -8.3631768061342253E-02   1.9840019700236702E-02
   3.8483966034607544E-01   7.0296073230093956E-01   5.9811758431569632E-01   2.1548991887306385E-02
   6.5159901453110782E-01  -6.2760324984657334E-01   4.2606676125239886E-01   2.2210579307629769E-02
   8.2432772520778385E-01  -9.4953449464099914E-02   5.5809286314074011E-01   2.0430690556910620E-02
  -3.6919367568082481E-01   9.1445395540613478E-01  -1.6574074115725636E-01   2.0742076342560449E-02
  -3.4251227013432625E-01   8.5161424158708474E-01   3.9678524208126081E-01   1.9996364705800802E-02
   1.5790041477567413E-01   9.3222833633770001E-01  -3.2560372839191242E-01   2.1864510896802697E-02
  -1.2091719686910984E-01   9.4880294834875869E-01   2.9180815051334638E-01   2.0146322346743761E-02
  -3.1611583392370370E-01  -2.9649508286351737E-01   9.0120000298517393E-01   2.0633559995237340E-02
  -3.2362628948632270E-01  -9.3985587163622561E-01   1.0925641996800563E-01   1.9618885432188964E-02
  -3.3666723663200883E-01  -4.3835381305622362E-01   8.3336732978779313E-01   1.8683347072681623E-02
  -8.7499177329545627E-01   3.8640028110160514E-01   2.9169199411343726E-01   2.3654146168207450E-02
  -6.3471069052040895E-01   7.7009883750160090E-01  -6.3954044577246946E-02   2.4000166221182412E-02
   9.2354012995672203E-01   2.7524133380335422E-01  -2.6705025093729357E-01   2.2036779803265615E-02
   3.8171242745497707E-01   2.7585843452363749E-01  -8.8215517162718999E-01   1.7540685453314188E-02
   8.0337033975344454E-01  -3.9981312597130758E-01   4.4129985441362471E-01   2.2121198820401999E-02
  -1.8639357745067977E-01  -9.7164726984752203E-01   1.4546139447631487E-01   2.0919591614352803E-02
  -8.0964970384434771E-01   5.1001262707203487E-01   2.9043842254743363E-01   1.6830657027530215E-02
  -6.4728750998249795E-01  -1.0092713954310692E-01  -7.5553463979112418E-01   2.0370845114847329E-02
  -5.3692974532743615E-01   5.3138975972655693E-01  -6.5523382989614233E-01   2.1751256149904434E-02
  -9.1032715375638098E-01   2.4630752058463478E-01  -3.3262152431443126E-01   1.9103568915874877E-02
  -7.7838822484526906E-01   2.4391340588970225E-01   5.7846177215916041E-01   2.0402279467005746E-02
   5.9719035517862639E-01  -7.7220122746738759E-01  -2.1695378304949186E-01   1.6456650305844866E-02
   3.5578361270229623E-01   1.6720671548080321E-01   9.1948895329450479E-01   1.7039817110365468E-02
  -8.4635910380564123E-01   3.1513139081022432E-01   4.2938150161753050E-01   1.9587272992692774E-02
  -9.6640488609568002E-01  -3.7875717102379868E-03  -2.5699659614659386E-01   1.9335643437598335E-02
   7.4686690284353840E-01  -3.0410564657153491E-01  -5.9136248203636432E-01   1.8596878709706004E-02
   7.7233432443710947E-01   5.2563662439111427E-01   3.5665926371677008E-01   1.9870437536768999E-02
  -9.9153592344521062E-01   3.7703742054999058E-02  -1.2423743539168510E-01   2.0521568336888087E-02
  -3.1624808570863702E-01  -4.3850521072869703E-02  -9.4766253491802672E-01   1.8136566864376728E-02
  -7.4018112034514560E-01   6.7053857290123355E-01  -5.0099214925808297E-02   1.5462635637757706E-02
   3.0563587128405163E-01   9.2761550897834830E-01   2.1474678504526840E-01   1.8935825952964538E-02
  -5.8794336320657070E-01   6.4073357748448707E-01  -4.9374394613531951E-01   2.1458682570842437E-02
  -2.6709689952846287E-01   8.5523439832955556E-01  -4.4410963756280406E-01   2.1072138262959705E-02
  -8.1213185110193926E-01  -4.5170893388050368E-01  -3.6932491857208367E-01   2.1176907219858907E-02
  -7.0518748049601907E-01   6.8539239917376013E-01  -1.8151549935615330E-01   2.0335681072376434E-02
  -2.0399170978233303E-02   2.1223361597979546E-01  -9.7700602151242730E-01   2.0245209191776138E-02
   9.0989064905883481E-01  -3.1946625714708885E-01   2.6465131267334096E-01   1.6045878677278631E-02
   3.1388183952852499E-01  -2.4627112114643541E-01   9.1696713447291386E-01   1.9948482219462830E-02
   5.2464303427416538E-01  -8.4323745981845767E-01  -1.1704816507110273E-01   1.9910209177408841E-02
  -7.6876663415418011E-01  -4.4536175358703022E-01   4.5896706924695411E-01   1.9088097907955202E-02
   4.1499428815213494E-01   9.0965684320027548E-01  -1.7440424880494922E-02   1.9684624500771612E-02
   1.5703875301650047E-01   9.7425701254522358E-01  -1.6174703569920112E-01   1.9422697151815413E-02
  -3.2742031718693653E-01   8.9221191037781171E-01  -3.1105279756527122E-01   1.9270735352716279E-02
  -7.7916838519461348E-01  -6.2071256606853539E-01   8.7249858669411644E-02   2.2219854492609938E-02
   4.4562152240159376E-01   8.8767281604026759E-01   1.1601047554262986E-01   2.1436563915494444E-02
  -1.6643580104840063E-01   1.5828168378396973E-01  -9.7326565371839173E-01   1.8381120189920798E-02
  -7.1654359096796333E-02  -2.0731907406535197E-01   9.7564566024305801E-01   1.7452532015611373E-02
   3.5076741573829721E-02  -5.5307820886041438E-01   8.3239060367373127E-01   2.0576498438872903E-02
   6.8357083300101386E-01   2.7671843087994085E-01   6.7539457081149496E-01   2.4192620046112152E-02
   1.3985520974899945E-01  -8.1960245380171059E-01   5.5560088015434070E-01   2.2899128617864437E-02
  -6.4301009088989609E-01  -3.4036462529525959E-01  -6.8606846951407476E-01   1.4459809063897981E-02
  -9.9566435155437886E-01   9.2893121346556615E-02   4.8339476923494766E-03   1.7060247661449594E-02
   7.8764728213698980E-01   2.9823718941419773E-01   5.3913480484247440E-01   2.0823654608544570E-02
  -2.4384297631498332E-01   6.1526036545627125E-01  -7.4966344822224462E-01   1.9872869625829608E-02
  -6.1877515130122118E-01   1.6637269831267643E-01  -7.6774829038449183E-01   2.1205009158450818E-02
  -8.7356578856579005E-01  -4.2204219322197928E-01  -2.4241122124978224E-01   1.9455461228140896E-02
   4.2695205172116743E-01   8.6799504911621543E-01   2.5356762459120063E-01   1.7136530415315265E-02
   9.9367230669747748E-01   9.8046665522148312E-02  -5.4792319557598734E-02   2.0322180671174923E-02
  -8.8509335753991464E-01  -2.1152200780688574E-01   4.1456988391833871E-01   2.0208957713849340E-02
   3.1821491527875704E-01   6.3805483850416155E-01   7.0115996089021068E-01   1.9831589737602385E-02
  -6.8279771500704153E-01   4.8841480164867334E-01   5.4335831815814668E-01   2.0928282661876118E-02
   4.9247257633442202E-01  -3.8971208049840155E-01   7.7820001019798521E-01   2.1897070403304939E-02
  -5.6965075757652563E-01   3.9273855463402824E-01  -7.2197953024754450E-01   1.9044566303629737E-02
  -6.9085176327459780E-02   8.0165610572081220E-01  -5.9378003214350840E-01   2.0710067288039444E-02
  -2.7976476725746781E-01   9.5790180207662700E-01  -6.4465592215735227E-02   1.9558593096020482E-02
  -4.6904084923806461E-01   6.5187193782866899E-01  -5.9587218295329993E-01   2.1258338828036800E-02
  -5.4174183918968301E-01  -4.2097341256058893E-01  -7.2752812013589673E-01   2.0157438239383704E-02
  -1.0428774145666148E-01   4.4114423037533541E-01  -8.9135617739959691E-01   1.7478165200715478E-02
  -7.0185796490659146E-01   4.5047349372882870E-02  -7.1089108407100951E-01   1.9537181328708786E-02
   6.1199971302736804E-02   6.2090182755422320E-01  -7.8149567116675058E-01   1.7874871759025818E-02
  -5.2986978979018912E-02  -5.0131514587964236E-01  -8.6364084234729769E-01   1.8920749697751492E-02
   4.0720938952361525E-01   8.6233178355674304E-01  -3.0093921006018971E-01   2.2157368073380747E-02
   8.9597744857464451E-01  -1.3175791433572447E-01  -4.2410407172717636E-01   1.9453101581786306E-02
  -7.2741328896886816E-01  -5.6455556252887619E-01  -3.9006015414189402E-01   2.1873951360317147E-02
   9.9792289747071656E-01  -1.1745325562978194E-02   6.3339861312362524E-02   2.0503650196828209E-02
  -9.4054497893035708E-01   3.3821181455146849E-01  -3.1431053222840308E-02   2.0416756734997374E-02
   8.5547661685631872E-01  -4.7155511142834880E-01  -2.1399891331000904E-01   2.1792759798040859E-02
  -4.7720850432473262E-02   9.1059643366669007E-01   4.1053240484461976E-01   2.1362078753410114E-02
  -8.3740845805438031E-01   3.2779800018881188E-01  -4.3737346221644592E-01   2.0403512514109607E-02
  -6.9654543467765028E-01  -2.1779654666284948E-01  -6.8365862950120099E-01   1.9204534535357209E-02
  -6.7944326311890881E-01  -4.6072792775434887E-01   5.7103995375937817E-01   1.9740485824303245E-02
  -4.8780312781318286E-01  -8.1800910403979152E-01   3.0481012811862582E-01   1.5178820102400194E-02
  -4.3544451854458738E-01  -2.7577975440867819E-01  -8.5693266849138236E-01   2.0033975562464854E-02
   3.9231011340274557E-01  -8.8558440752421212E-01   2.4866248625780893E-01   1.9348670691652952E-02
  -7.3605179256428350E-01   1.7625943554879865E-01  -6.5357506840677732E-01   2.0919216024430733E-02
  -6.9556382832579313E-01   1.8663694466520578E-01   6.9379940300551101E-01   2.1062904630758705E-02
   9.3852931264694419E-01  -2.0089021395849471E-01  -2.8072379884535054E-01   1.8859912946854118E-02
   4.5169697780837338E-01  -8.9217034552543612E-01  -1.3837643606563352E-03   1.9959937024856415E-02
   5.7859240407254350E-01   4.4231543806008799E-02  -8.1441660130555533E-01   2.0288455471404547E-02
   7.9352544992623830E-01  -5.6205364496984842E-01   2.3326607231971934E-01   1.8780557255707163E-02
   1.5838700664235416E-01   3.5474923909683973E-01   9.2144806336932951E-01   1.8907014570760265E-02
   8.4981073061517946E-01   4.1439909357417299E-01   3.2572244837621937E-01   1.9641586766020582E-02
  -3.5559728389268476E-01  -5.5809411674021554E-01   7.4972096712583944E-01   2.0660965211878186E-02
   5.5653363955643611E-01  -2.5723804398253236E-01   7.8999930175292405E-01   1.9174728528542683E-02
  -7.9025500948312554E-01  -5.6779673158629542E-01  -2.3044281630535889E-01   2.4238469228797305E-02
  -8.0897325600447480E-01   5.8624263783080330E-01   4.3380187398164915E-02   2.1228069019084303E-02
   2.6642640675761959E-01   4.4082994199503229E-01   8.5713822223891042E-01   1.9716495330616762E-02
   6.1691821296971314E-01   4.0124851754482104E-01   6.7706096156427388E-01   1.4535402484899471E-02
  -5.6400167504983178E-01  -3.4676914319038787E-01   7.4943530199209877E-01   1.9678899813643145E-02
  -5.2351231224806351E-02  -2.1587074498094538E-01  -9.7501752294541788E-01   2.0973240402718715E-02
   6.2741629757414418E-02   9.8999660290247000E-01   1.2637331259784461E-01   1.6705516004153350E-02
  -3.6074997279940985E-01   6.0444478122971565E-01   7.1028583230231063E-01   1.7323809595617825E-02
   4.9325554578805563E-01   6.3112349465388692E-01  -5.9865023264439853E-01   1.7755761053996552E-02
  -7.4897785285939271E-01   4.3179036214711583E-01  -5.0258258931542432E-01   1.9416406969149765E-02
   8.5410623667641836E-01  -5.1620444025351748E-01  -6.3525682467792234E-02   1.9777708488161788E-02
  -1.9386678363112721E-01   8.8784055042877003E-01   4.1731861595052341E-01   1.9610896408918826E-02
   9.8022984438852205E-01   3.9859976830980517E-02  -1.9380566146809915E-01   2.0373365208941103E-02
   9.7146463253567958E-01   2.3694692521922720E-01  -1.0612368325268384E-02   2.0241548476765673E-02
  -8.6042984063926333E-01   1.6691329292454808E-01   4.8145658369428900E-01   2.1957667168407613E-02
  -7.7818209540562826E-01  -4.9796752191826163E-02   6.2606142658788010E-01   2.1504047296446273E-02
   4.5207409715172648E-01  -4.6519947319026897E-01  -7.6106403201566923E-01   1.8215723665094532E-02
  -3.9793507689041947E-01   7.6287435736814233E-01   5.0957863912291267E-01   1.9453709261007841E-02
  -2.0013853823200129E-01   2.2704729664343399E-02  -9.7950449757274054E-01   2.0973569376626106E-02
   6.5762056814677238E-01   7.4021085053012658E-01   1.4008242255109277E-01   2.1681224655627326E-02
  -1.8294686440273963E-02  -6.4542381679604439E-01  -7.6360552719350982E-01   2.4784153452372148E-02
   6.3119494721327376E-01  -3.4419436256774051E-01   6.9507062906514711E-01   2.1581897007701309E-02
  -4.4725579221943112E-01  -3.1641523913866094E-01   8.3656658597328217E-01   2.0638600977893375E-02
  -1.8743368376576835E-01  -8.7783417610658389E-01  -4.4076725541862682E-01   1.8753299079772860E-02
   7.4123660603994787E-01  -5.0263988168607021E-01  -4.4488362883454408E-01   2.2087585607918902E-02
   7.0724049940095037E-01  -5.0318647606786655E-01   4.9660270469410114E-01   2.0067610392146311E-02
  -3.5658825506285656E-01   7.6397418090447963E-01  -5.3776227764929416E-01   1.9326034767322333E-02
  -8.1096252816729474E-01   5.7225435985724786E-01  -1.2192098069192691E-01   2.3607059194878532E-02
  -1.3871451331747601E-02   1.4392763620880002E-01   9.8949098953618488E-01   1.8242033041840970E-02
   4.4288065583653102E-02  -7.6331715766006205E-01   6.4450406055247011E-01   1.5599389510048425E-02
   1.9250926716559359E-01   9.6977774971767409E-01   1.4990429682931090E-01   2.0489181337837862E-02
  -2.4893830996754218E-01   1.1247263932922972E-02   9.6845403447170745E-01   1.5444221931540315E-02
  -1.4854682045465120E-01  -6.9683154824515627E-01  -7.0168342969110515E-01   1.9866852954903087E-02
   9.9594891785198278E-01  -6.1722641733230254E-02  -6.5391654872282050E-02   2.0005301520346923E-02
   1.7797400091423294E-01  -9.3015633827651420E-01  -3.2114551431182665E-01   2.0049455795465092E-02
   2.4834144403932745E-02   8.6135932426078980E-01  -5.0738878562766842E-01   1.9348825124676716E-02
  -1.6386212938638033E-01  -5.7092503859098950E-01  -8.0448356282949511E-01   2.0255223684313321E-02
  -6.4083627334430257E-01  -2.3424415885100597E-01   7.3106671707195847E-01   1.7463887820842831E-02
  -6.6331505918139406E-01  -9.9456739909040798E-02   7.4170175215503508E-01   1.9783396314380265E-02
   8.7467655321145638E-01  -2.8415409161272634E-01   3.9267974162397605E-01   2.0000436454313201E-02
  -5.9930923477168507E-01   7.9241912080198577E-01   1.1357983141731236E-01   1.8844583125150451E-02
  -7.0968867144921965E-01   7.0012201205403972E-01   7.8556717434250540E-02   2.1321113892234766E-02
   5.4526792819883880E-01   8.1474657852981255E-01   1.9715704210529700E-01   1.9337071689907233E-02
   2.2444921872938667E-01  -3.6705245345360690E-01  -9.0271537298611210E-01   2.1422278344848586E-02
  -8.5617780100707481E-01   4.9290680786621550E-01   1.5492724686712568E-01   2.1075308505189673E-02
   8.0610128950264652E-01   5.6381872198375413E-01  -1.7974748900270194E-01   1.7757290998481085E-02
   8.8366408580492574E-01   1.1670797812439424E-02   4.6797604205446887E-01   1.9491404646127479E-02
  -3.6690686696144769E-01  -9.0396611627105833E-01  -2.1960102825431846E-01   1.9470309631189348E-02
   3.6923177870700478E-01   6.2878171921058720E-01  -6.8432553889171767E-01   2.2042254271205123E-02
   9.4335027361165018E-01  -2.9771774247703035E-02   3.3046013789104486E-01   2.0944857953081341E-02
   9.6541141306322835E-01  -2.2949368466989641E-01  -1.2374753421339137E-01   2.4797523124595519E-02
   8.4434524328454614E-01  -5.2595486450354709E-01   1.0223791198873271E-01   2.0689329762492927E-02
   7.9983655003408653E-01  -3.6862649711489021E-01  -4.7368343738659053E-01   1.9616190131339546E-02
  -2.2662243975846636E-01   9.5014251301969316E-01  -2.1417627027881094E-01   1.9631630913695758E-02
   6.7484456554843452E-01  -6.3120720905785487E-01  -3.8231174659319364E-01   1.9622377773245078E-02
  -7.8787535385161895E-01   1.0060447561529184E-01   6.0756165636037167E-01   1.8951921353509177E-02
   7.5837544212845937E-01  -3.1045246179086261E-02  -6.5107824527175210E-01   1.7039720773352406E-02
  -8.8620812313775836E-01   4.6283472322965524E-01   2.0473921402118477E-02   1.9273237736561476E-02
   7.6888397751628225E-01   1.8369052608835067E-01   6.1243384928017015E-01   1.5282586537755252E-02
  -5.3600168413649518E-01  -1.3174557183070851E-01  -8.3387367083140393E-01   1.7640378217145227E-02
   7.1778904614984693E-01   6.7850077905826422E-01  -1.5625484966752689E-01   2.1132395173907867E-02
   9.1234691968312304E-01   3.0580388224453840E-01   2.7222616286625660E-01   1.8928950069666839E-02
  -2.7768682612428827E-01  -7.2068545222111923E-01  -6.3521847072787487E-01   1.9257732525325037E-02
  -5.7267208289328310E-01  -4.7301590484828484E-01   6.6955405997964581E-01   2.0203392058305293E-02
  -8.6485183948524984E-02  -9.7321926541526586E-01  -2.1298961097189694E-01   2.1575405745038072E-02
   9.5709740966657328E-01  -2.8922123281176425E-01   1.7765891488437723E-02   1.9407689813480573E-02
   7.0307661260610530E-01   4.2396249739706304E-01   5.7091074399346339E-01   2.1072669866718745E-02
   1.0302809748984276E-01  -9.7424395275370017E-01  -2.0058397655463320E-01   1.9950796588709199E-02
  -3.3129556077735728E-01   9.3567347238080600E-01   1.2148417383371958E-01   2.4027377296631282E-02
   3.0732005312386485E-01  -9.5095507488740853E-01  -3.5197023934249989E-02   2.0639923796677996E-02
  -3.7959128963201038E-01  -9.2324148879677938E-01  -5.9460963663680068E-02   2.3086431808233029E-02
  -6.6994886176301342E-01   4.0419935498968468E-01  -6.2272899727599462E-01   2.0622190517395502E-02
   3.2333975310286073E-01  -4.5857030304594754E-01  -8.2774674945162356E-01   1.9664707109980206E-02
  -6.1324850595151385E-01   7.0193007482702647E-01   3.6224361968371661E-01   1.9403281189498942E-02
  -8.3320480341552496E-01  -5.2295171976354239E-01   1.7969767489216390E-01   1.7162118011450431E-02
   6.9796639340037982E-01   1.1826311330477718E-01   7.0629791852668493E-01   1.9487204458431293E-02
   3.8045989778216737E-01  -6.8026363780349790E-01  -6.2649153965710837E-01   2.0106525046565124E-02
  -2.7184718649719248E-01  -9.2477583141632830E-01   2.6624944849107046E-01   1.8248379023652177E-02
  -8.8050632654696716E-02   6.0697564354118291E-01  -7.8982761045488549E-01   2.3688154753756114E-02
  -4.9074930273106112E-01   2.6719959461552496E-01   8.2931869537969333E-01   2.0879402276310128E-02
   2.8973014522207879E-01  -8.0892870035784643E-01   5.1155723109634445E-01   2.0472929720632251E-02
   2.0919691476083372E-01  -8.7864599882418161E-01   4.2920608057762272E-01   1.6694093076115512E-02
  -1.0881860735876087E-01   2.4719265611136935E-01   9.6283659125373191E-01   2.1762863301566421E-02
   5.4930927726138145E-01   6.3130122957197221E-01   5.4746513629225255E-01   2.1223375044354098E-02
  -8.4726341194251251E-01   1.9204606555727677E-01  -4.9524036536564981E-01   2.3256713512915192E-02
  -3.4290872719647138E-01   4.9756288330739453E-01   7.9677147411747117E-01   2.3852914087116086E-02
   3.3362835045302521E-01  -7.7980925489743722E-01  -5.2970713583101485E-01   2.0937906921150215E-02
   9.2739381054291740E-01   3.7393559613435574E-01   1.0624975780273777E-02   2.2322650691457752E-02
   6.7282256394999393E-02  -5.5562753818269268E-01  -8.2870449304166200E-01   1.6070610295452079E-02
   2.5420039336393469E-01   7.2294038074735231E-01  -6.4244794800706914E-01   1.7974471723612110E-02
  -5.8451232985142373E-01   1.9038216744321507E-02  -8.1116144050050653E-01   2.1309387984786760E-02
  -1.3148936754445661E-01  -9.4785658943965334E-01   2.9030747850957499E-01   2.0873077003982363E-02
  -7.8627982441313779E-01  -3.1028829400253292E-01   5.3430816232380635E-01   2.3517457008611888E-02
  -4.1592353911934338E-01   8.6914562725633377E-01   2.6756959511056939E-01   1.9472040421002070E-02
   5.1366248225017692E-03   3.7133721308741440E-01  -9.2848386591362217E-01   2.0319043582736968E-02
  -1.3477359077743269E-01  -8.0713957295679072E-01  -5.7477107529527495E-01   2.5168658515131201E-02
  -7.0844350204049657E-01  -7.0553096604817486E-01  -1.8271846204637256E-02   1.9627216173242121E-02
  -4.0772997621557669E-01  -8.8908286978271942E-01   2.0805748521543101E-01   2.1687510340886952E-02
   8.6683093976342711E-01   1.2440293487883888E-01  -4.8283333735605440E-01   2.1209961716799488E-02
   7.4294817746756063E-01  -1.7371848164658696E-01  -6.4641309913400926E-01   2.2804983563154381E-02
   4.4352772639423374E-01  -5.7429024856249197E-01  -6.8809437312449581E-01   1.8027349745497998E-02
   1.0619587521516729E-01  -7.4539051438422410E-01  -6.5811504856925004E-01   2.0872121042882367E-02
   6.6263542551619849E-01  -7.9333029734865583E-02  -7.4472851647029978E-01   1.8922033203092432E-02
   5.7799281126736010E-01  -8.1586342961852924E-01   1.7063831174302559E-02   2.1624373662664608E-02
   6.8366295586671004E-01   6.3174652862167066E-01   3.6537827843217698E-01   1.9597522432304847E-02
  -9.0606291969509840E-01  -3.0542400078153901E-01   2.9285860974229880E-01   1.8031778900045660E-02
  -9.1187109846322460E-01  -7.8944910844969946E-02   4.0281360557850067E-01   1.9375101418193436E-02
  -1.2969355306819689E-01   7.4202129844202548E-02   9.8877379931869704E-01   1.8930769602199909E-02
  -4.7650653849653341E-01   5.2538129778124522E-01   7.0492269839447381E-01   1.9858252206283559E-02
   3.8684603285863587E-01   7.2683865826049931E-01  -5.6749952574395354E-01   1.9582328456924271E-02
   7.7677455019293146E-02  -4.3356095370719218E-01  -8.9777007769374641E-01   2.1303167487573140E-02
   9.5016992296128996E-01   2.8121911722334891E-01   1.3450994612985658E-01   1.8399429540506657E-02
   1.0699732405926523E-01   2.7495261875131244E-01  -9.5548554676978341E-01   1.7424723218416340E-02
  -8.8807941224204345E-02   9.6617841424648727E-01  -2.4210002358459585E-01   2.0039661425917425E-02
  -1.8080260764195664E-01   5.3241040008593776E-01   8.2695198346107154E-01   2.0736090943015841E-02
  -6.5592787936072802E-01   6.0010684562857914E-01   4.5785411531082118E-01   1.9908601693910528E-02
  -2.5027974727223414E-02   7.8890265237089094E-01   6.1400831066299641E-01   1.6924465042075633E-02
   2.9285153535258094E-01  -9.5365024817652255E-02   9.5139029335134832E-01   1.8509228945913848E-02
  -4.9998267857079987E-01   1.2321407409333542E-01  -8.5722553221103385E-01   1.8220745480466945E-02
   3.1375127486855616E-01  -7.2423414017947091E-01   6.1403993983849147E-01   1.7528020255284184E-02
   5.3489300481705539E-01  -6.8078804352498734E-01   5.0041693935277749E-01   2.0128840188497165E-02
   8.4704025467782226E-01  -4.4328052801705215E-01   2.9330049511764082E-01   2.1688459673096502E-02
   8.2359289166409137E-01   5.2962594630331851E-01   2.0295592083675364E-01   2.2003249976240670E-02
  -2.5973081358092611E-02   9.9955927309730903E-01   1.4375625549703632E-02   1.9808633675220516E-02
   1.5568744509918344E-01  -9.8528749546238323E-01  -7.0498019290990923E-02   1.9356995225271077E-02
  -5.7428626463352490E-01  -5.8810977285067442E-01   5.6949291596191162E-01   2.1024659684738549E-02
  -9.2327364795351005E-01   1.1029090181531249E-01  -3.6796968349496279E-01   2.1156681203510161E-02
   9.1822784526356890E-01   1.2351704021710543E-01   3.7629930236266622E-01   2.1747419962111136E-02
  -8.7235437969566316E-01   5.6932853903414750E-02  -4.8554761493823370E-01   1.6000686491712608E-02
   9.5729024245446403E-02   9.1253035093801866E-01   3.9764847860132874E-01   1.5274055196948843E-02
  -2.3396571358705737E-01  -8.8474905295183194E-01   4.0308703547315376E-01   2.0612092581209178E-02
  -2.4508101494908465E-01   2.9295755288740954E-01   9.2418135034080144E-01   1.9541532164295665E-02
   8.9013055750882035E-01  -1.3288459547163156E-01   4.3590053323594073E-01   2.1029030147560980E-02
  -7.9868981513199175E-01  -5.9839240026136932E-01  -6.3412258387963991E-02   1.7801258907942902E-02
  -3.7604135193657697E-01   5.0356889550408592E-02   9.2523353014712963E-01   2.0202998689852327E-02
  -8.0122111201815364E-01  -2.0441699603624137E-01  -5.6236858143739905E-01   1.9764879398324545E-02
  -2.0617396600977069E-01   9.6178479431821237E-01   1.8017298676015746E-01   1.5802008810511560E-02
   2.2390196808025670E-01   6.1986804710725715E-01  -7.5208477771141124E-01   2.1286870805662490E-02
   1.5553430179413396E-01   8.7387811718914214E-01  -4.6059322320608577E-01   1.8517145541889149E-02
   3.9222213065134203E-01   3.4697392910631896E-03   9.1986399056413432E-01   2.0048843556998026E-02
  -4.1378907541142115E-01  -1.4083600780393159E-01  -8.9941304192012481E-01   1.8841303783440462E-02
   8.7560205584533719E-01   4.7490509659635602E-01  -8.8239384779274061E-02   1.9939972883883847E-02
  -4.8971128290515846E-01   4.0245346451022889E-01   7.7344299615362590E-01   1.8636372851722919E-02
   6.4392892871088251E-02   6.0600946577796177E-01   7.9284682173494394E-01   1.9801627388958046E-02
   7.4822428339430944E-01  -2.2006890127284113E-01   6.2588345594977701E-01   2.0813587876500512E-02
  -7.7838978843061941E-02  -9.9592401889141459E-01   4.5567992800241530E-02   1.9277069141929104E-02
   7.7450011015099251E-01  -6.3244130241546159E-01  -1.2945206647064679E-02   2.2792433141790962E-02
  -2.1082155375116604E-01  -3.8821769907446315E-01   8.9712947259538502E-01   2.0506086827554361E-02
  -8.3352041600381880E-01  -1.4703273411914016E-01   5.3256463570375300E-01   2.0348500198737511E-02
  -4.1240374305133844E-01   8.1744934277076790E-01  -4.0211904297220888E-01   1.9590279104733491E-02
  -7.6870953782319588E-01  -5.4563310266306448E-01   3.3372168604681107E-01   2.1303067276442826E-02
   1.9065560403364255E-01  -3.4297490830852970E-01   9.1979272280298154E-01   2.0602544153551090E-02
  -1.1828652960481076E-01   3.9693020129953509E-01   9.1019487595259551E-01   2.2723279629301105E-02
   4.8919697199359140E-01  -8.6091044150420739E-01   1.3971232694838431E-01   1.8960239901332318E-02
  -3.2514899485370571E-02  -9.8324619459166449E-01   1.7935914287391940E-01   2.0541448519831364E-02
   5.0010808237044956E-01   4.5463248151452733E-01   7.3702185361066092E-01   2.1040703126206130E-02
   9.7627741419663287E-01  -1.0340389667389584E-01  -1.9023681211108986E-01   1.5954158864362637E-02
   1.4425564872475002E-01  -9.3598233495433049E-01   3.2113451459542794E-01   1.9622546725539271E-02
   2.7962332761449211E-01   8.8153580704217073E-01  -3.8040165030702368E-01   1.9054734124196157E-02
  -4.5721289283003505E-01  -8.8619729515994283E-01   7.4904770750546338E-02   1.8012494374644411E-02
  -3.1898445424528425E-02  -8.3280096610273570E-01   5.5265273005554638E-01   2.1272685927551422E-02
   6.9637584307475908E-01   7.1761783496510203E-01  -9.2373222265999235E-03   1.8814843207260171E-02
   9.3457603498067935E-01   1.2484960658652308E-01  -3.3313692466459254E-01   2.3138762394368530E-02
   1.7087757116453357E-02   3.7868238457369747E-01   9.2536893192407720E-01   1.9215141495903964E-02
   4.6781180191845628E-01   7.3530774217387442E-01   4.9038213903543228E-01   1.6966310108278315E-02
  -9.5691932945831901E-01   1.3454660883042204E-01   2.5729867267686090E-01   1.8049827131274033E-02
  -7.6419951457989672E-03   7.2108272626416711E-01  -6.9280682862802942E-01   2.0623129332552987E-02
   3.8217818688265673E-02  -6.6621001551538236E-01   7.4478427317022797E-01   2.0215072377395246E-02
  -4.5977450107888024E-01  -6.8132177340451072E-02   8.8541821450008360E-01   2.0063544148841634E-02
   9.5244185726144774E-01   1.8008181496897757E-01   2.4581506962316828E-01   1.9982604055581859E-02
  -2.2750511890829829E-01   6.3790306953775610E-01   7.3574526484703230E-01   1.9161292621899868E-02
  -7.9664861791168419E-01   6.0810654120140954E-02  -6.0137595888502550E-01   2.0597939935025832E-02
   6.1174532310946050E-01   5.8309508192527923E-01  -5.3457252556435559E-01   1.8525877500130096E-02
  -5.3021645986365353E-01  -5.6703359185727029E-01  -6.3035181557214334E-01   1.9604165344932244E-02
   7.6896278372853767E-01  -5.6526178964294571E-01  -2.9862241444692729E-01   2.0150117378876131E-02
   2.3234287687392591E-01   5.6879371794755098E-01   7.8898066769050148E-01   1.8933177330879827E-02
   5.4476936947445864E-01  -9.9612440829084736E-02  -8.3264860278179337E-01   2.1293414799380925E-02
   3.0906269525688703E-01  -6.3009073270339062E-01   7.1236642183770353E-01   2.0656724964609103E-02
   3.4460593230802540E-01  -8.5765385235686029E-01   3.8167606809381373E-01   2.2458676312281751E-02
   3.1127009739228475E-01   9.4794884876894709E-01   6.7111150988680767E-02   1.9051312885419040E-02
   6.1993019324175255E-01   7.3064867544712841E-01   2.8607528480209571E-01   1.9490642079813991E-02
  -2.4436687995420252E-01   3.9445442678310129E-01  -8.8582759788384528E-01   2.1438373223663194E-02
  -5.9523026975736659E-01   1.4749353506224971E-01   7.8990289471517538E-01   1.9307108308664895E-02
  -7.6428453366225213E-01   3.7347918761642882E-01   5.2572088414104891E-01   1.7346639335034909E-02
  -9.3824524361973420E-01   2.9365690302736485E-01  -1.8292481004314936E-01   2.0314279215797439E-02
  -4.1150178890702910E-01  -1.9738181990281267E-01   8.8977901464249455E-01   1.6357768697222613E-02
  -2.4336481101829714E-01  -9.6993474634297385E-01   3.9572038040576940E-04   2.0002117431336419E-02
   4.7274333453143331E-01   5.3192127375031237E-01  -7.0254786184853381E-01   2.1812235992028758E-02
  -9.4125869602331331E-02  -4.7709926500127064E-01   8.7379437627330389E-01   1.8614872960745515E-02
  -2.2177042644812985E-01   7.9071311891160309E-01  -5.7060550429705783E-01   1.9739974773231256E-02
  -5.4203743859349948E-01   7.5851602855613009E-01  -3.6173035480373267E-01   1.9716294469082759E-02
  -7.6721644867993390E-02  -3.4729060306443915E-01   9.3461383802717552E-01   2.0898365759920425E-02
   9.4912329099553147E-01  -4.2773274714979496E-02  -3.1198625844733691E-01   2.1321075353463081E-02
   5.1293706885654035E-01  -6.3034336063782427E-01  -5.8272018249986370E-01   1.8818641547778632E-02
   2.4624045048549421E-01   2.4828546075598585E-01  -9.3686710398107617E-01   2.4806466363099599E-02
   4.1459902290261423E-01   4.1699735275279472E-01  -8.0883920404822049E-01   2.2239650416743423E-02
  -6.9666714646985949E-01   3.7661154309661069E-02   7.1640527949311438E-01   2.0489962940739991E-02
   7.6814974552422121E-01   6.3266020771086273E-01   9.8422710947841185E-02   1.9925628278624893E-02
   4.9211191973862842E-02   9.6695259553232730E-01  -2.5016182078368185E-01   1.5848807943310328E-02
   2.4624514685864213E-01   7.6336979807465805E-01   5.9718496216500751E-01   1.9216007813044463E-02
   8.2604675523613408E-01  -2.1466736103287278E-01  -5.2111868347914427E-01   1.9179354487952295E-02
  -9.4111988893054814E-01  -1.4940131560470490E-01  -3.0326984939973167E-01   1.9958482103679607E-02
   1.7292492364191149E-01  -4.7354909013555870E-01   8.6362505175291399E-01   1.9250326871817918E-02
  -8.4453425186707065E-01  -3.4422447953241452E-01   4.1020897736881076E-01   1.7221126298190645E-02
   8.7098555477854695E-01   2.7724283205229429E-01   4.0561136010068814E-01   2.1407058703348584E-02
   5.5578210062169635E-02  -2.7617494704579281E-01   9.5949906784245442E-01   1.8659178127176334E-02
   2.1199891732319882E-01   8.5647805068899227E-01   4.7063978554917706E-01   2.5046347328409086E-02
  -9.8111851168180628E-01  -1.1606748309304251E-01  -1.5470877610440756E-01   2.2339058671790774E-02
   5.7760079536382660E-01   6.9886280890556591E-01   4.2186265006954268E-01   1.8192758472876494E-02
  -7.6540710282193451E-01   6.1263827649880919E-01   1.9704392687495202E-01   1.9365041759285704E-02
  -6.8277999857502083E-01  -3.4051516092188633E-01   6.4642161065997507E-01   2.1122662401758374E-02
   6.1595801340829599E-01  -2.1490845934870876E-01  -7.5789846273657914E-01   2.1899841887377924E-02
   3.2121899850224817E-01   5.2391019244492227E-01  -7.8888304916098759E-01   1.7410583744702289E-02
   5.8766476422356150E-01  -5.7406540371714491E-01   5.7017456725562336E-01   1.8521935362276247E-02
   6.9888025898054175E-01  -6.6011376617087913E-01   2.7534741567515901E-01   2.0146550641466034E-02
   7.9120418165572221E-01   9.7307524814247567E-02  -6.0376087033280265E-01   1.8992500537316567E-02
   3.4507659920685052E-02  -8.2855212579159616E-01  -5.5884756083660738E-01   1.9959934054564401E-02
  -1.9353265763043904E-01   9.8011556794632408E-01   4.3801642660450728E-02   2.0447860668104169E-02
  -1.1566686164267110E-01   8.7238793007323067E-01  -4.7493207575429057E-01   1.9148654954088538E-02
   9.0726831692310714E-01  -3.3902819664982866E-01  -2.4884550022830924E-01   1.9961065387410281E-02
  -6.0207486728518251E-01  -7.4147438305908757E-01   2.9617831360630603E-01   2.3322499225889683E-02
   7.8812242753250671E-01   5.0256702203366563E-01  -3.5537223806099675E-01   2.3088517653005076E-02
  -2.6348129622863938E-01   8.0847555133848629E-01   5.2625553624223906E-01   2.0339738031704484E-02
  -1.9489058024031059E-01   5.2017659722956866E-01  -8.3152508646959191E-01   1.7378578223425287E-02
  -2.2232561082768347E-01  -5.3683510884202068E-01   8.1386693549048487E-01   2.2349967711698339E-02
   9.2030276918376543E-01  -3.7677126080799379E-01  -1.0529116801445195E-01   1.9592637528462502E-02
   2.5961538651203608E-01  -8.6429773498445108E-01  -4.3080073861003693E-01   2.0340936493122367E-02
  -9.2109613070691072E-01  -3.7427047441721934E-01  -1.0725451028403163E-01   2.0693329494526349E-02
  -2.5432801165305916E-01  -9.5480361918910467E-01  -1.5384183849651718E-01   1.9764440075977571E-02
   5.9668471303177481E-01  -7.2961805074804289E-01   3.3410305783816918E-01   1.8566100715413650E-02
   3.8469380721374450E-01  -1.2410055545487064E-01  -9.1466372335803658E-01   2.2665216514206369E-02
  -2.7887930162062666E-01  -6.2082702959309790E-01  -7.3266645511733514E-01   2.0323816350858319E-02
   6.2259095494343856E-01   7.7317597013213399E-01  -1.2074527747639134E-01   2.0225174882136327E-02
   5.9094773641436812E-01   1.5423792118893735E-01   7.9182790838290717E-01   2.0799245660762148E-02
   4.0876210075525154E-01  -5.1152800308004753E-01   7.5581257402288057E-01   1.8287686160543350E-02
  -5.8142907736895796E-01   1.5892043284100763E-04   8.1359707640464034E-01   2.0571030551678846E-02
   6.9013759313559885E-01  -4.3234324759374773E-01  -5.8033560876538832E-01   1.8929900588450848E-02
   2.1654746703602532E-01  -9.7361486047009755E-01   7.1981233610391477E-02   1.9356143189128490E-02
   1.4651675325001221E-01   9.8920818407020227E-01  -9.7906118043121530E-05   2.4104218299814634E-02
  -9.7209042474541327E-01   2.2234552123405766E-01   7.4851020737444358E-02   2.3181586876985398E-02
  -9.1727569485642135E-01  -4.4915776941456391E-02  -3.9571185553052954E-01   2.0432112582910608E-02
  -5.0716808952652989E-01  -8.6040511280754152E-01  -4.9835437398014477E-02   1.9081903320826775E-02
  -6.0872822553254657E-01  -7.8486471293935728E-01  -1.1591949716340737E-01   1.8656875560147799E-02
   1.8981850321954432E-01   9.3345582048416062E-01   3.0435040174071463E-01   2.1492199898799464E-02
  -1.3769601302198395E-01   2.9650186343445433E-01  -9.4505367729973190E-01   2.0753709789077414E-02
   2.0732651250661486E-02   5.0727427443854704E-01  -8.6153523878304838E-01   2.2413951860336669E-02
  -5.9930868535298351E-01  -7.9961806674418491E-01   3.7947951153796033E-02   2.0287216809245176E-02
  -1.1274427832470983E-01  -9.3332818070698486E-01  -3.4086248664707881E-01   1.8080504535970646E-02
   8.0529044003364145E-01   2.3233553471333117E-01  -5.4546082031608307E-01   1.9224679787949368E-02
  -3.0381442088924028E-01   6.9401257395428705E-01  -6.5271995898170667E-01   2.1187833946675729E-02
   4.8752238622245762E-01   1.6422019067354131E-01  -8.5752763915054455E-01   2.2477184496123960E-02
  -7.0065133101709644E-01   5.6976007977351574E-01  -4.2948942226840509E-01   2.0664015035911602E-02
   1.4980284634414317E-01   3.9332399444637822E-01  -9.0711374293411424E-01   1.8019476064159434E-02
  -1.4809171385405273E-01  -8.8702671235122441E-02   9.8498765494980862E-01   2.3521507227277291E-02
  -5.4676900411842241E-01  -1.7431383279107992E-01   8.1893732594932568E-01   2.3975604337952471E-02
   4.3088030557424312E-02  -1.3345216401765402E-01   9.9011814524413583E-01   1.9351774290324556E-02
   9.8716287763638508E-01  -1.5469452498962333E-01   3.9737349620806829E-02   1.8740822965232016E-02
   6.8074856737367275E-01   5.5109828700941907E-01   4.8256819836576054E-01   2.1265323375604943E-02
  -2.7892542972940814E-01   9.1620125560042193E-01   2.8770794894558493E-01   2.1206277678884188E-02
  -6.3983867017664017E-01  -4.6257274450579952E-01  -6.1370427095382096E-01   2.2149299897166616E-02
   5.7812338429023402E-01   8.1503901329236629E-01   3.8532575156775967E-02   2.2439787456440858E-02
   5.3754903875979014E-01   8.1102121535377396E-01  -2.3083678037633692E-01   2.0656533242300301E-02
   6.6050874261171355E-01  -1.8755589278332729E-01   7.2701512227445599E-01   1.9083652403570678E-02
  -9.4353186920186828E-01  -3.2952339259018179E-01   3.4087322222278011E-02   1.8588643775518081E-02
  -7.6813791295588078E-01   2.9220336155494400E-01  -5.6972040702064949E-01   2.0550264501013968E-02
  -1.4807148267752530E-01   7.1611703452114818E-01  -6.8209326993184449E-01   1.8695804111710220E-02
  -5.6742069547944540E-01  -2.6482712690362406E-01  -7.7967964395487099E-01   2.5622636280219963E-02
  -7.3581556537710524E-01  -6.3968871673874794E-01   2.2220215891369017E-01   2.0419370203170581E-02
  -8.8176617940906520E-01   3.7519314080157699E-01  -2.8586449927507299E-01   2.0307739494653103E-02
  -4.6431512882587027E-01  -5.8937677756451867E-01   6.6109490635693104E-01   1.9584726279266920E-02
   1.1177431681648839E-01   7.7806038896395746E-01   6.1816545780677714E-01   1.9787746934858587E-02
   3.3298829930269340E-01  -8.9526872070505483E-01  -2.9599444294552972E-01   2.0515849849896050E-02
  -3.9385674371913609E-01  -7.4614166013187013E-01  -5.3679557416451917E-01   2.0911278020210826E-02
  -9.5155155336585455E-01  -2.5835642814491492E-01   1.6673810999057958E-01   2.0459102524210930E-02
  -1.2072541865650838E-01   8.3809879220592140E-01   5.3199228170452474E-01   1.9161917501781214E-02
   2.5481069350297942E-01   5.3978460161381596E-02   9.6548321389609714E-01   2.3227914415176349E-02
   6.4283091913810803E-01   4.7227063532814517E-03   7.6599354138579780E-01   2.3038233310171003E-02
  -5.3331076866847917E-01   8.4585445033013044E-01   1.0482026471486054E-02   1.7564301400620996E-02
   3.7664971965607065E-01   5.0945394179508074E-01   7.7368706197819925E-01   2.1191546630956943E-02
   7.3480084516380541E-01   6.3727792534094067E-01   2.3225969047534680E-01   1.8093240287752161E-02
  -7.5046594640665400E-01  -9.0498610759691420E-02  -6.5468378988220790E-01   2.0155087086534329E-02
   5.6216694241076217E-01  -7.4709991132609570E-01  -3.5469712623176814E-01   2.3352599358686023E-02
   8.7005320514355268E-01   4.3919075491144408E-01  -2.2387251063886099E-01   2.2584138692447752E-02
   1.4682189773464894E-01  -6.3895656105771481E-01  -7.5510121402822232E-01   1.9838857618587235E-02
   4.3471418885151047E-01  -1.4270978906572016E-01   8.8918923189385896E-01   2.4450372029218709E-02
   5.2495424647834667E-01  -4.9988611809671414E-01   6.8886639345997222E-01   1.9997457152988168E-02
  -6.4214278179187989E-01   5.2753635177444735E-01  -5.5619964522560829E-01   1.8889406582904701E-02
   5.6613825670005590E-01  -4.8407470942381927E-01  -6.6720248050862842E-01   2.4252928878381685E-02
   5.9290550735300691E-01   5.2158797581059781E-01   6.1352183566705811E-01   2.0961902330259860E-02
  -1.2742812852584284E-03   9.2698999306914604E-01  -3.7508389589113337E-01   2.3129573860935610E-02
  -7.2021809224624879E-01   6.0656626230411401E-01   3.3669462281953754E-01   2.1492237944834600E-02
  -4.0666957899347426E-01  -6.4094236055514750E-01  -6.5100901988164938E-01   2.0301711079297590E-02
   1.3228745606528020E-01  -9.7299689618424007E-01   1.8914827248381564E-01   2.0224553497887676E-02
   1.0082235019470344E-01   1.4282263430749955E-01  -9.8459968963568282E-01   1.8632631311136922E-02
  -2.5106728122504859E-01   4.2247797224340963E-01   8.7090618511258668E-01   1.5312943330977304E-02
  -8.4844567304138713E-01  -4.3827584344984433E-01   2.9673932153604951E-01   2.1440241935002148E-02
  -1.3571036269712657E-01   9.8660439345183874E-01  -9.0523302404099261E-02   2.0533408738048732E-02
   8.5096749992230460E-02   1.7459184203642211E-03  -9.9637116322665093E-01   2.1434480168762646E-02
  -7.1005129804834554E-01  -6.8632935451015626E-01  -1.5741401232905425E-01   2.2274903351390316E-02
   1.9562446999776179E-01  -8.0860465703427042E-01  -5.5487798240747014E-01   1.8872202803143087E-02
  -9.6748965810658162E-01  -2.3971567955021630E-01  -8.0623535239953678E-02   1.9124385099881040E-02
   7.3367002840306163E-01   6.1584002832748696E-01  -2.8717477071053941E-01   1.8181110113085949E-02
   1.2560068993762842E-01   4.9489588558106518E-01   8.5982703442153116E-01   2.2201066204724217E-02
   1.7057565607599592E-01  -6.0162204816605759E-01   7.8035559632434337E-01   1.9124054787293047E-02
  -6.8175705932999894E-01  -5.6087168893495622E-01   4.6971295554302292E-01   2.0088703355816126E-02
   9.6806405839618285E-01   1.8080013980104912E-01  -1.7367581377219176E-01   2.0158137673781566E-02
  -3.9555406272380061E-01   5.8951083068812115E-01  -7.0428258814491284E-01   2.0061383483465653E-02
  -9.0909541345386131E-01   2.2334253062062141E-01   3.5165841843062715E-01   1.8775335323665986E-02
   1.4686130089749633E-01  -4.4175179007530385E-02   9.8817018365175730E-01   1.9468526782346717E-02
   6.4040713383076734E-01  -4.5831585766694562E-01   6.1629966538176352E-01   1.8240108803823066E-02
   5.4285573858483431E-01  -3.3977157948811766E-01  -7.6802533868204090E-01   1.9423295150199425E-02
   6.3043151465289124E-01   7.1387683694170078E-01  -3.0485400933983775E-01   2.2711811232828424E-02
  -4.0524870129862398E-01   9.1412229484757077E-01  -1.2406456318780281E-02   2.0471704306664961E-02
   7.5837480932491816E-01  -5.3633193514010049E-01   3.7042638125580253E-01   1.8654586648053260E-02
   2.2405264378829707E-01  -8.4645144060241577E-02  -9.7089423337379816E-01   2.0450834592641147E-02
   5.1422535295248970E-01   2.9806514265887074E-01  -8.0419491238917597E-01   2.0853809170536594E-02
  -2.4798829779891855E-01  -9.2160282962469324E-01  -2.9858002040081913E-01   2.2423646351469184E-02
   6.7643066174000470E-01   6.1078828553836714E-01  -4.1155708001087942E-01   2.0423716934745224E-02
  -4.5005584730980414E-01  -8.3627496039454047E-01  -3.1319949699730353E-01   1.8408547325483651E-02
   3.5013997332566764E-01  -9.3018447740078009E-01   1.1026711695758792E-01   2.1700953186237734E-02
   5.7920443839958153E-01  -6.6692134036159735E-01  -4.6876235376629340E-01   1.7140590196078873E-02
   4.0715971606360081E-01   7.9887940104762220E-01  -4.4273317946230354E-01   1.9515876173660808E-02
  -5.7631025666264328E-02   6.2610076165143091E-02  -9.9637274312540764E-01   2.0849536584645185E-02
  -9.8268194610098031E-01  -1.8059530919253575E-01   4.1491289505658510E-02   1.9346689309337337E-02
  -3.0660727771102220E-01   7.1461943917591428E-01   6.2873765149427622E-01   2.0531117481373071E-02
   2.1918311474979228E-01   7.5910937121100419E-02  -9.7272621627772295E-01   2.0065157625029730E-02
   6.6856224140977502E-02   2.5384493772169274E-01   9.6493160010784251E-01   2.1534747471757689E-02
  -9.4738628134029099E-01  -1.5987462613979220E-01   2.7730729857844842E-01   2.1199521278665347E-02
  -4.6187420252138284E-01   8.4862609522698146E-01  -2.5788751723385687E-01   1.9868360458328385E-02
  -5.2688556115113360E-01   6.9057963394785106E-01   4.9547086153164157E-01   1.9736383024077731E-02
  -9.0378823354734532E-01  -4.0032073509019721E-01   1.5136095255452552E-01   2.1199057138388179E-02
   6.2632228140541705E-02  -8.9569879398298333E-01   4.4022820724662805E-01   2.0923954710841337E-02
   9.7673854516625056E-01  -8.6508466752784070E-02   1.9620932589099517E-01   2.0028831038334957E-02
   3.0291600436219630E-01  -5.9229847002892626E-01  -7.4660861011820314E-01   2.3567025094581741E-02
  -1.7590366180367027E-01  -4.3503362065592670E-01  -8.8306491871382561E-01   2.1067363528345817E-02
  -8.8161622760259827E-01  -1.8798081101237759E-01  -4.3291574459574970E-01   2.0126784281705765E-02
   8.9464681327265722E-01   4.1448820196573148E-01   1.6675314069694220E-01   2.0045320310845173E-02
  -3.3839460982065538E-01   1.0639523464594982E-01  -9.3497012898218283E-01   2.4398121039185372E-02
   8.5785951210860424E-01   3.8094245171430376E-01  -3.4490564791937328E-01   1.5407112307546237E-02
   5.6351362889633902E-01   3.1021408666336443E-01   7.6564979624087525E-01   2.2089586327958410E-02
  -3.4576002951869377E-01  -8.4465783785951060E-01  -4.0866017536546026E-01   2.3744388253912411E-02
   4.4780857082560254E-01  -6.2994396282453681E-01   6.3453769596143771E-01   2.5233904941772169E-02
   6.9666385886163579E-03  -9.9601746447198316E-01  -8.8885749215367546E-02   2.0799192099079109E-02
   4.7431845184723551E-01   1.1241602863135644E-01   8.7314640395754690E-01   1.9594887949847469E-02
  -3.1594123506871305E-01  -1.0696540533483243E-01   9.4272983300880603E-01   2.3224948825623448E-02
   4.2808075380196237E-02   9.6132872613659721E-01   2.7205615043007327E-01   2.3173338832052832E-02
  -1.8711685136590201E-01  -1.2867390806178071E-01  -9.7387386725336213E-01   2.2387306018877386E-02
   9.2758152953602355E-02  -1.5151962521602193E-01  -9.8409233725043936E-01   1.9903370523244742E-02
  -3.9101200235178975E-01   3.5811380657198355E-01  -8.4785854690471094E-01   2.1023443179700933E-02
  -4.6290078594275669E-01  -6.9540659242482600E-01   5.4966583811045586E-01   1.9704795296358152E-02
   4.6630995556349006E-01   2.4522830210416035E-01   8.4995182521686860E-01   1.9889955708765832E-02
  -4.9500936786894671E-01  -8.4840928361804319E-01  -1.8752976615114835E-01   1.8216079659931267E-02
  -2.1309720267367033E-01  -6.5647610927366439E-01   7.2362193178867144E-01   1.7879859184873163E-02
  -4.4977393430083436E-01   6.5098372629165783E-01   6.1149292402036570E-01   2.0636000594455383E-02
  -1.5454105799824677E-01   7.4285826173417675E-01   6.5136676639667436E-01   2.3428203492922432E-02
  -2.7508850448890243E-01   2.4974583157600980E-01  -9.2841441948542922E-01   2.0050571254239435E-02
  -8.8893762967188294E-02  -8.9630177418485921E-01   4.3444335476400937E-01   1.9954386971984810E-02
  -7.3646059169659849E-01  -4.6294897041471152E-01  -4.9325860121223898E-01   1.8682561242145673E-02
   2.6477636100671593E-01  -9.3071548370374141E-01   2.5231362834011186E-01   2.0937884433298181E-02
   5.1776308819398959E-01   7.7448267077641297E-01  -3.6345285412396668E-01   1.6551514885502900E-02
   8.1847468415172439E-01  -2.5680304858266249E-01   5.1395659898612597E-01   1.8591322182006830E-02
  -5.9142950251316515E-01   4.4790516012050005E-01   6.7051630188568802E-01   2.1969880127189829E-02
  -8.4181740066799068E-01  -7.0614795210340295E-02  -5.3512336393582105E-01   2.0444553176541284E-02
  -3.3446355848054882E-01  -7.8818245068655592E-01   5.1662612446358471E-01   2.2472483459383485E-02
   6.0934205340519227E-01   1.8480155269292136E-01  -7.7107110442178372E-01   1.7501276102550398E-02
  -4.4056822779056785E-02  -7.8946718119740024E-02  -9.9590482078597108E-01   1.9064312131523603E-02
   8.5106559755581674E-01   1.5770918203422381E-01   5.0081449915019105E-01   2.1196515652338114E-02
   5.0341068450405055E-02   8.5783597283095716E-01   5.1145207062288511E-01   2.0750949178467870E-02
  -3.7217116692001783E-01   3.5109904823147610E-01   8.5919618297822051E-01   2.1253494409160311E-02
   4.7186699931337212E-01  -2.2392117904966717E-01  -8.5276071704318141E-01   1.9133354737480667E-02
  -4.6044373864414609E-01  -7.7337246865118309E-01   4.3575978276543132E-01   2.0315583399415459E-02
  -5.6137515697781825E-02  -3.5434927742549926E-01  -9.3342657393032677E-01   2.0202742921134748E-02
   9.0317173818278444E-01  -3.9842050377900717E-01   1.5981837665415725E-01   2.0803462502889953E-02
  -4.9024168754538264E-01   9.8290131372356555E-02   8.6602663808191273E-01   2.0267276654030155E-02
   4.4427465974367672E-03  -9.4963445766427820E-01   3.1332835623247241E-01   1.8245823368455953E-02
  -5.0996566534757885E-01   8.5155721933405121E-01  -1.2159491094063077E-01   1.9744039264360660E-02
  -6.5362973371708443E-01   6.8030336166880358E-01  -3.3159539698713902E-01   2.0790062605696242E-02
  -8.3509230772752971E-01   4.9691675488499589E-01  -2.3599698364359200E-01   1.6194086781307539E-02
  -6.9549325545602771E-01  -6.5805551491984726E-01  -2.8853434959940420E-01   1.3710499387606394E-02
   8.1027451516485875E-02  -3.0092965910219806E-01  -9.5019781749558784E-01   1.9218045838947988E-02
   3.0847766111764856E-01   3.0535998260946288E-01   9.0088668189297465E-01   2.2210570847099444E-02
  -3.8361405040284948E-01   2.0197116642542609E-01   9.0113700859873286E-01   1.9435605152474881E-02
   2.7456806286137602E-02  -9.4791480094731799E-01  -3.1733839026120360E-01   2.0306430002233604E-02
   7.1308300276003002E-01   2.2179980145491455E-01  -6.6506952963528531E-01   2.1335889356885604E-02
  -5.9063443646178175E-01   7.7442525587293822E-01  -2.2675203534170917E-01   1.9839641231502433E-02
   7.3174033879967304E-01  -3.5861604825768207E-01   5.7961246234478389E-01   2.0059892499064941E-02
  -3.6507559959887010E-01  -8.5739617501095626E-01   3.6275557287808406E-01   2.0783618718866483E-02
   1.2647157402039586E-02   7.0251138196841669E-01   7.1156012227672880E-01   1.8999165708768668E-02
   6.3199292392298387E-01   3.2837332053458414E-01  -7.0196574451490780E-01   2.1063320434252812E-02
  -9.8816774320464091E-01   6.8256873484067712E-02   1.3735177651572967E-01   2.1330321261237279E-02
   4.1346266634724662E-01   3.7554374326617119E-01   8.2946700985069767E-01   1.8791529593108776E-02
   6.9492886616085804E-01  -6.7785175265173887E-01  -2.3998098342024940E-01   2.0751613770484711E-02
   8.7995091719687010E-01  -2.7627354040028357E-01  -3.8647032770845427E-01   2.2034184592382279E-02
   1.7632196318557548E-01   6.8253405782611773E-01   7.0926569436692643E-01   2.1615716932982991E-02
   2.2237247720392185E-01   2.0737083793222370E-01   9.5265304122617404E-01   1.9445902617268417E-02
   5.3673466047722628E-01   6.9681927595067936E-01  -4.7577179498785708E-01   2.4241699261857685E-02
   9.0620537214369125E-01  -4.2192351068088722E-01   2.7791628822891967E-02   1.8157381218584230E-02
   6.9100272002653699E-01   7.4224130409938418E-02  -7.1903130625920299E-01   2.1621528229323208E-02
