529
   0.0000000000000000E+00   0.0000000000000000E+00   1.0000000000000000E+00   2.4300156293097252E-02
   9.1242890761581900E-01   0.0000000000000000E+00   4.0923524841709699E-01   2.2226881042442019E-02
  -1.3772726215171990E-01   8.6730642560380530E-01   4.7834168265638581E-01   2.7455472287418727E-02
  -8.4524782245382716E-01   5.0225286114756828E-01   1.8247789484248524E-01   2.0747274567129601E-02
   1.6961208807845586E-01   6.0490782249183263E-01  -7.7802202145302779E-01   2.5313207422261050E-02
   1.0208581021877947E-01   1.3113201469591917E-01   9.8609476323209648E-01   2.0915875055200023E-02
  -4.6501257532980950E-01   6.0276849263257714E-01   6.4840839682609683E-01   2.4718098153815022E-02
   7.5841602441846776E-01  -3.3679343654386464E-01  -5.5801013880238761E-01   2.6406553230392053E-02
   3.5432296690111790E-01  -2.9446316688202674E-01  -8.8755094415824782E-01   2.3327441385348834E-02
   1.3889312621820246E-02   2.9415620885804031E-01   9.5565642978277409E-01   2.5568292662729379E-02
   8.3604924260529394E-01   4.4667762843717211E-01  -3.1859183949507885E-01   2.2694089802712840E-02
   3.5874506972916444E-01   4.9764347503420918E-01   7.8971700418624219E-01   2.4452700225970689E-02
  -7.2800302825340921E-01  -6.4025123865624475E-01   2.4513249938147780E-01   2.3373728809926772E-02
  -2.5039496736704878E-01   2.3248102747682115E-01  -9.3981643536414924E-01   1.7914287397102317E-02
  -3.1887632938582854E-01   6.0088756866194348E-01  -7.3297477199761722E-01   2.5589939184593371E-02
   5.4086564344298970E-01   8.4083939571232164E-01   2.1294749614370247E-02   2.4139376068883504E-02
  -1.2943211850625857E-01  -7.6933338817732739E-03  -9.9155843968611616E-01   2.4424067218473668E-02
  -5.5895445422118283E-01  -5.7994648152671430E-01  -5.9264829086995955E-01   2.3033571292646106E-02
   1.7203270578806728E-01   9.4318868022326203E-01  -2.8425316469291530E-01   2.3986259053196148E-02
   8.1831820121391256E-01  -2.5844502737696934E-01   5.1338240073666732E-01   2.2810883833987376E-02
  -8.8765694037273199E-01  -4.5480727405283900E-01   7.2218416465232460E-02   1.7095850292413874E-02
   6.1559990035670804E-01  -7.1077786008800849E-01   3.4034041236609331E-01   2.7019982036106742E-02
   7.0780079876291939E-01  -5.5418523216992046E-01   4.3806022156245214E-01   2.2777320439472159E-02
  -5.0842181475778751E-01   9.6188695511801007E-02  -8.5571899192090867E-01   1.8315049668458691E-02
   8.6539234741436725E-01  -3.3559899802388866E-01   3.7211476396672713E-01   2.4416484719611593E-02
   2.1513272793473339E-01   9.6843035147688105E-01  -1.2593872998297459E-01   2.1594187304734977E-02
  -3.9131895164307328E-01  -9.0966250208471794E-01   1.3922503505453449E-01   2.3905641791006004E-02
   3.0138110668269839E-01  -9.4312361426195501E-01  -1.4031135647615633E-01   2.4085330291577884E-02
   4.5023849390006276E-01  -4.5302310276678161E-01   7.6945134152210119E-01   2.2452574168671493E-02
   6.5880844454495965E-01   1.1308162400453638E-01   7.4376338959964103E-01   2.8331728280116962E-02
   7.7411815311948872E-01  -4.9615316934983875E-02  -6.3109381658855827E-01   1.9831185707960390E-02
  -5.2367071440260595E-01  -8.5003409599864596E-01   5.6665849652404585E-02   2.3860770287138164E-02
   5.1597571611064623E-01  -7.0090381330063848E-01  -4.9244583954454270E-01   2.5066706839732937E-02
   2.2304048769285502E-01   6.0867111369937809E-01   7.6142787984003588E-01   2.3617231393775561E-02
  -8.8819086713102652E-01  -1.0339559806700500E-01   4.4768999748196476E-01   2.6059821267287506E-02
  -4.4507438707700934E-01   7.1271159283728460E-01   5.4217245909707116E-01   2.3579224880696778E-02
  -9.8245816482600432E-01   1.7527210016579264E-01  -6.3683948293050809E-02   2.9067043534454345E-02
   3.1546496922349094E-01   3.6297137858592258E-01  -8.7677456140119431E-01   2.2938871385461174E-02
  -3.7935023060204065E-01   9.1729321150652154E-01  -1.2110560129998266E-01   2.3336844927589646E-02
  -5.4170009331070465E-01  -4.6276147906418518E-01  -7.0172132816489307E-01   2.3129440652854813E-02
  -1.6203012084652989E-01   5.2600400463038088E-02   9.8538288893687759E-01   2.1119734807700658E-02
  -8.6300185007364902E-01   7.0772287297238030E-02   5.0021904214071666E-01   2.6346885594812805E-02
  -8.0312893971186358E-01  -4.9052566574747755E-01  -3.3818408809447522E-01   2.2425173608985344E-02
   5.9290041588931714E-01  -6.2835755435925690E-01   5.0362275635432540E-01   2.4505814290463501E-02
  -2.5651230315721145E-01  -9.6593483458769338E-01   3.4224752139760368E-02   2.3085217700245777E-02
   1.9109746593047805E-01  -7.2276642472084793E-01   6.6414640992118032E-01   2.5787228199482670E-02
   9.9244456313633193E-01   1.2131897734129646E-01   1.8316518173421849E-02   2.4593414993542310E-02
   2.7534507812258492E-01   9.6105254071513375E-01   2.3729769039201795E-02   2.3668801656103384E-02
   8.2630645853058553E-01  -3.7295663892287751E-01  -4.2204381534858690E-01   2.2725742639404913E-02
  -1.2213089722266992E-01   1.6070849066752879E-01  -9.7941657376774600E-01   2.4826272090271412E-02
   7.8949935737320240E-01   4.4070367555898641E-01   4.2716628501802436E-01   2.5266988234903786E-02
   7.7826706571066592E-01   1.5094462765731931E-01   6.0952120046106950E-01   2.4660071584535199E-02
  -6.4072713233518889E-02   7.3538682211285291E-01  -6.7461167295093149E-01   2.4733787066141563E-02
   7.4863486366061309E-01   5.1367483046537412E-01  -4.1914676362608869E-01   2.5578283202177383E-02
  -6.6686732617461972E-01  -4.4262767565278391E-01   5.9947369419093563E-01   1.8881570952080068E-02
  -7.9294661488819215E-01   2.2172942759187854E-01  -5.6751363585127636E-01   2.3932220810781603E-02
  -2.4263560245784705E-01  -8.1175425083985111E-01   5.3120899904213754E-01   2.4223392181565444E-02
  -9.6725082634679111E-01   1.1038166421095938E-01   2.2856449229368216E-01   2.6061288228413808E-02
   9.8009579681783183E-01  -1.3317197049220910E-01   1.4723265716287756E-01   2.3958654130394387E-02
   9.5138844768003831E-01  -2.8785816946223663E-01   1.0953399424296048E-01   2.4163825260857403E-02
  -4.3073572462126632E-01  -8.2871265577649442E-01  -3.5735426356888777E-01   2.8568745247707493E-02
   3.0561465532137481E-01   2.0649979493961945E-01  -9.2949315067013387E-01   2.5243399455258486E-02
   3.9011858797351024E-01  -8.8386605138442533E-01  -2.5804707037216845E-01   2.2990633247505889E-02
   1.6575541009887350E-01  -8.9832286727937962E-01   4.0686750932694062E-01   2.2398910915183862E-02
   7.6868369618871632E-01   2.2384535747880076E-01  -5.9918163452232171E-01   2.1466544130302778E-02
  -2.6942017889370593E-01  -5.3926643564505383E-01  -7.9787497679245618E-01   2.3159821236615139E-02
   8.5946967407009324E-01   4.2584832621338000E-01   2.8278097958510283E-01   2.4113842905843507E-02
  -7.8983134811018418E-01   5.6825058794488336E-01  -2.3077632210160410E-01   2.4141435081154130E-02
  -1.7386059159282405E-01   7.6144190103008284E-01   6.2448276681321406E-01   2.4873127523954798E-02
  -7.8079220311356483E-01   4.0594780809344959E-01   4.7494200978771043E-01   2.4559588000248764E-02
  -2.7435734792678405E-01   8.8407317602719697E-01   3.7834199485091062E-01   2.3410392005646887E-02
   9.6599427071704475E-01   2.3423510139145462E-01  -1.0949422915377706E-01   2.2128091011185420E-02
   5.5885604159802326E-01  -1.5190188662201435E-01   8.1523355034619449E-01   2.1206919775206607E-02
   6.0595706459111999E-01  -7.9008291438497790E-01  -9.2655406043323154E-02   2.3277957157649447E-02
   4.5699765239537235E-01  -8.2573326816497409E-01   3.3063229659352617E-01   2.3361330389158263E-02
  -6.5290117842722681E-01   6.8428900987059106E-01   3.2475929883325065E-01   2.3573231666060268E-02
  -9.8828575948009707E-01  -3.5472584261121355E-02   1.4843501397812184E-01   2.6321673970507211E-02
  -4.8176587770326122E-03  -8.9985489187184057E-01  -4.3616277206821072E-01   1.9577365262593701E-02
   8.7543767355220296E-01  -2.3066651745354582E-01  -4.2473737468153149E-01   2.0560411313543354E-02
  -2.0009067344285798E-01   6.2962156164555969E-01   7.5069328724332562E-01   2.2926752282509541E-02
  -2.8732621865085047E-01  -7.6393033630799935E-02  -9.5478151871959013E-01   2.2697909165753840E-02
   8.4638856971403804E-01  -1.1364608002589926E-01   5.2029891173456421E-01   2.4262206901477139E-02
   9.8212997871017080E-01  -1.8597513098515003E-01  -2.8878288969673459E-02   2.6404713100250258E-02
   9.5900504121639702E-01  -9.5814418691288025E-03  -2.8322698828544815E-01   2.3667046871931343E-02
  -6.3613323912771049E-01  -3.1713054871084622E-01  -7.0339371418235234E-01   2.3227415491926297E-02
  -7.7751514014694125E-01   6.2075980350339463E-01   1.0063534765036250E-01   2.4612326949361058E-02
  -5.2605488204728265E-01  -7.0038607656753191E-01  -4.8241642263148429E-01   2.5433887694448173E-02
   3.1465088650956669E-01   3.5925686755619850E-01   8.7859508462798245E-01   2.4570519302170907E-02
   2.8550624373277901E-01   8.0787283178592197E-01   5.1558478687001061E-01   2.4487531278800305E-02
  -1.3563171913133131E-01  -4.7928002194116006E-01  -8.6711861779894956E-01   2.4238880999095413E-02
   1.2320246852753715E-01   9.8260129562775695E-01   1.3898145768186003E-01   2.2240805696889802E-02
   3.4978008956442838E-01  -2.2390396732824315E-01   9.0968175883600821E-01   2.4687676648437775E-02
  -7.1936568701214138E-01  -1.8528681034599859E-01   6.6946381997935899E-01   2.3284684635729182E-02
  -6.7960188387530520E-01  -6.1303460270916732E-01   4.0290179363506135E-01   2.3894130442586902E-02
  -6.7411584851066175E-01   7.2068180633241363E-01   1.6181951924350772E-01   2.2682981029283384E-02
  -6.0895775757284029E-01  -7.3224018242113517E-01   3.0495042997136523E-01   2.3871701945346766E-02
   4.8401255283807218E-01   5.0689265671609584E-01   7.1329635023773292E-01   2.2932740700933198E-02
  -1.1085334411684424E-01  -9.5729000854062320E-01   2.6703440910565445E-01   1.8996041274730831E-02
   5.4654610128901515E-01  -8.1219754364402927E-01   2.0401595345556331E-01   2.3324802559446955E-02
  -7.4582002730702878E-01  -6.6231574268552257E-01   7.1346645742231320E-02   2.4968125529486790E-02
  -9.3209292152239537E-01   6.6884289357542368E-02  -3.5599055814021545E-01   2.7720730430612556E-02
   6.6021182460892937E-01   6.6735742166169007E-01   3.4460762963058360E-01   2.3832554200378428E-02
   6.7294132911680835E-01  -7.1153142345151598E-01   2.0217072242924483E-01   2.0671063281721484E-02
   1.1309433384990734E-01   9.9347215448263597E-01  -1.4924808832119293E-02   2.5262454392764821E-02
   9.3831934656404545E-01   1.4043881925832661E-01   3.1596477953871699E-01   2.8222577953505766E-02
  -4.4594493357737183E-01  -4.3205540744836863E-01   7.8387578168437990E-01   2.5277226729705568E-02
  -4.3731494639882377E-01  -1.6134346558320884E-01  -8.8471686079208069E-01   2.7442220607385729E-02
  -9.1491234291917926E-01   3.8275098291911060E-01   1.2820721449510143E-01   2.2876598016901308E-02
   2.5782410224338594E-02   3.9149262328241931E-01  -9.1981997871239649E-01   2.2105487787283673E-02
   4.1531397396698039E-01   8.0592908265387244E-01   4.2189171212580349E-01   2.4823110074148950E-02
   6.1205449663326003E-01  -1.7981168197146915E-01  -7.7010197518094827E-01   2.4888676025686300E-02
   3.1650720406753647E-01   9.1851788036435699E-01  -2.3695588877324742E-01   2.5123129138425950E-02
  -7.1299320199612150E-01   5.6747631191012368E-01   4.1183896043016838E-01   2.3970228837342117E-02
  -2.6085156331632597E-01  -7.7413415663769278E-01  -5.7677792038381356E-01   2.6437564237493047E-02
  -3.9787459135006454E-03  -6.9946792800316455E-01  -7.1465291385113340E-01   2.5470720769652861E-02
   5.5946847444241782E-01   8.1844428423911192E-01  -1.3093502091267070E-01   2.4327254898312391E-02
   8.4287287271124853E-01   5.5914183686525422E-02  -5.3519989210589073E-01   2.6842037418663937E-02
   5.3968451100961623E-01  -4.4183356210197537E-01  -7.1660570188674279E-01   2.2649822000815040E-02
   6.4848749997076735E-01   6.7579680204307308E-01  -3.5037500585803700E-01   2.4363863548703088E-02
   5.9816886319228768E-01   5.1672477401433685E-01   6.1252715778737414E-01   1.9476038231040833E-02
   1.4023698416475085E-01  -4.9131620332042906E-01  -8.5961734314005919E-01   2.4559134279333525E-02
  -9.9195075020963603E-01   1.0138827889788759E-01   7.5855955999937982E-02   2.1051544734879943E-02
   2.6133335160602793E-01  -4.0926440828447248E-01  -8.7418963815062493E-01   2.1272439404843357E-02
   8.7119421618653944E-01   1.6757728218520120E-01   4.6145258930744184E-01   2.2414556529435660E-02
  -6.0483597940710112E-02   5.7741701578957105E-01   8.1420594707777276E-01   2.3731882457409194E-02
  -9.2441222241213196E-01   2.8593282471923672E-01   2.5239743026255507E-01   2.8039414033807904E-02
  -4.1686601349322547E-02   4.4401660259136868E-01   8.9504831371896411E-01   2.2472446209822858E-02
  -7.9758504956101123E-01   5.9913245665492995E-01  -6.9988485477168138E-02   2.3421521584763236E-02
  -1.6389109999317663E-01   9.7961003864984892E-01   1.1620619398064795E-01   2.3094841321376131E-02
  -6.3628026352256847E-01   6.1319946238946414E-01  -4.6811734167505800E-01   2.8025226215227343E-02
  -3.8028020351789319E-01  -1.7305430656129008E-01   9.0853683128037285E-01   2.5386101937709129E-02
   9.0104102216377821E-01   4.1873413886270167E-01   1.1307872182230185E-01   2.2996190406688250E-02
  -4.3634231502770095E-01   8.8677523282400869E-01   1.5243054341631037E-01   2.2280276780127254E-02
  -5.4919113586937529E-01   7.4907879149204115E-01  -3.7049974415555069E-01   2.5195588225203660E-02
  -1.4168424789227080E-01  -1.6485025907833139E-01  -9.7608911784785750E-01   2.3360345897283827E-02
  -3.0736998260104400E-01   3.5647949436671177E-01  -8.8229590495019731E-01   2.5951095603367781E-02
  -7.0287656676413075E-01   6.9631132789616785E-01  -1.4531024236902170E-01   2.4039237750945625E-02
   6.0834886930261031E-02   5.2207241173634795E-01  -8.5072881309849570E-01   2.0536285896947372E-02
  -5.5483554001276065E-01  -6.9100463207860807E-01   4.6332507161242171E-01   2.2437017702056203E-02
  -2.8494333981916032E-01  -8.5592921115442912E-01  -4.3150026487275674E-01   2.2745622533932672E-02
  -8.1197194254905760E-01  -1.7322558933704936E-01   5.5739973063497414E-01   1.7658838127408755E-02
   1.2957204044604968E-02   6.4192223998529263E-01  -7.6666025635584560E-01   2.1896148587738983E-02
   2.5982657630945027E-01   7.3410256198011447E-01  -6.2736239824964137E-01   2.1528962737841057E-02
   4.0292253203367689E-01   9.1088840443156122E-01   8.9082814569899611E-02   2.4360596825327371E-02
   1.3369408001043954E-02   9.0750332246568969E-02  -9.9578393044216113E-01   2.1687821585115893E-02
  -1.2423934665015450E-01  -8.4692657414457297E-01  -5.1699125984070573E-01   2.3281141284869391E-02
  -6.5335898675828794E-01  -4.6328856922778447E-01  -5.9873678360783531E-01   2.4085144411310790E-02
  -3.3534043588367117E-01   9.0268560041119378E-01  -2.6963957215444445E-01   2.4874126035171220E-02
  -7.2129507564130603E-01   4.7537049510681725E-01  -5.0374230141760181E-01   2.2717278434008463E-02
  -9.0100413545177850E-01  -4.2746997618679207E-01  -7.3898358287964818E-02   2.4347712876271319E-02
  -3.9656692630677374E-01  -9.1767877270354087E-01  -2.4501899700240854E-02   2.3006005225886352E-02
  -2.7189333462885416E-01  -2.3565019963511049E-01  -9.3302893738422412E-01   2.5710644467916590E-02
  -6.7566732078843836E-01   5.0322181307190314E-01   5.3874064118757560E-01   2.0822810404155509E-02
   7.3736130014046397E-01  -6.0936624061649364E-01   2.9149802375331130E-01   2.3763999749948774E-02
   9.7210498113809276E-01   1.6290658641515061E-01   1.6874048046948153E-01   1.9882935159659604E-02
  -4.8136131259301730E-01   7.1957497320660825E-01  -5.0050289177330098E-01   2.2117392940555409E-02
   4.0689524338953795E-01  -5.4436503771547259E-02  -9.1185137383462837E-01   1.9803879738348818E-02
  -6.9480126894015477E-01   2.3516941597183347E-01   6.7966649356181836E-01   2.6123750769909150E-02
  -6.1179817311543258E-01   4.9055140684306044E-01  -6.2053389320561160E-01   2.1928404843183071E-02
  -3.9333381749115069E-01   6.7940033862812612E-01  -6.1943820344714435E-01   2.3135354396869218E-02
   8.9536233914334388E-01  -3.3076236345582370E-01  -2.9819882723591884E-01   2.2089773448557790E-02
  -3.1300858253987993E-01   9.3893227719502192E-02   9.4509771401944924E-01   2.6015808649403169E-02
   3.8468837533818703E-02  -9.9925972743828683E-01  -3.8165266611668982E-04   2.7961983309288207E-02
  -4.0873477266982911E-01   8.2022688259072928E-01  -4.0020463101523073E-01   2.4582415816754599E-02
  -7.8582267365376843E-01  -3.2581643852522046E-02   6.1759303918965144E-01   2.9922872704208419E-02
  -9.9942414148039784E-01  -2.4874483371612501E-03  -3.3840774620857478E-02   2.2522728011937629E-02
  -2.0186988460788195E-01   4.8675532698493935E-01   8.4989281756006445E-01   2.3620163600120847E-02
   6.3922316175476936E-01  -7.6631771384794555E-01   6.4427563349037582E-02   2.2946074825046425E-02
  -1.4248973381340970E-01   3.4739914077239881E-01  -9.2682820023366936E-01   2.7694825834397853E-02
   7.9301171697720640E-01  -5.8013247913354319E-01  -1.8595355170373137E-01   2.2541351782756890E-02
   8.7615504298203941E-01   2.9544954282245598E-01   3.8086993620282303E-01   2.2543554844940270E-02
  -8.5249995626416819E-01  -2.6704340235949501E-01   4.4936805163012678E-01   2.5921281867109104E-02
  -5.1952157137177943E-01  -8.2766204074587399E-01   2.1230375217544437E-01   2.2364783458074604E-02
  -4.0888960900958721E-01   3.0998245690987342E-03  -9.1257858770169910E-01   2.4268610775446162E-02
   5.2881877049252201E-03   9.5247482581758120E-01  -3.0457140583870661E-01   2.2487934318026683E-02
   8.5111477997552071E-01   5.2497559832082423E-01   2.0621529801064375E-03   2.2655379328361964E-02
  -7.4597758985891235E-01  -3.1821896877497488E-01   5.8502489121410867E-01   2.6117952510168676E-02
  -9.8368572599915999E-01  -1.1226733846083223E-01  -1.4056470816113943E-01   2.5318108471810250E-02
   4.5480979992774708E-01  -8.0507994900977504E-01  -3.8078119910534002E-01   2.4077991700389880E-02
  -8.9946708677761915E-01  -3.8797177330966373E-01   2.0108919145179764E-01   2.7354460802508380E-02
   8.8396485824591977E-01  -4.4825260978454020E-01  -1.3295009292068806E-01   2.9032643203581756E-02
  -9.4769324800510741E-01  -8.4869655044468395E-02  -3.0769245902063122E-01   2.2381654793562151E-02
   6.5443478236945100E-01  -4.9236034746232339E-01   5.7384353605475890E-01   2.4884273830198146E-02
  -6.9843778751438208E-01   3.7126545055850144E-01   6.1183872237184182E-01   2.2148276312516195E-02
  -1.2630183250339679E-02   7.8148296042501161E-01   6.2379873439790056E-01   2.2989027458398312E-02
   1.1068240486293370E-01   7.3467182976754834E-01  -6.6933303205486591E-01   2.6342254733819849E-02
   5.4652056546986269E-01   7.7860007413266991E-01   3.0837833270043861E-01   2.6257444060967638E-02
   2.1291821351176998E-01  -8.1859591321553537E-01   5.3344780927639039E-01   2.3514495462550573E-02
   1.4060940199963507E-01  -1.5698097979548977E-01  -9.7754077564659844E-01   1.6965281949655919E-02
   1.3805753520564192E-01  -9.8354800982133525E-01   1.1650506147560082E-01   1.7877955324050560E-02
  -8.6774181861632815E-02  -8.4757749087863185E-01   5.2352902337704936E-01   2.2732474373110869E-02
   9.1007728352020951E-02   8.9944314708994728E-01  -4.2745715403199913E-01   2.5450259339518317E-02
  -8.9519555625488109E-01  -3.8049009687994148E-01  -2.3206077272517813E-01   2.6314848921117555E-02
  -4.0532477905638799E-01  -7.5148334906147793E-01   5.2056181147509770E-01   2.3992733396039409E-02
  -3.2277023305453944E-01   6.8586536869777976E-01   6.5223314288295473E-01   2.4084755696870145E-02
  -5.7767823388745087E-01   4.9050696179054327E-01   6.5244982836053067E-01   2.4013757814855658E-02
   9.1195501003429697E-01   3.4606983190251461E-01  -2.2039448976848481E-01   2.3734930082705703E-02
  -1.3402694575621951E-01  -9.6606734546263908E-01  -2.2079552043016925E-01   2.3093277881186264E-02
   4.9582495338630900E-03   8.3063163410722253E-01  -5.5680023723228133E-01   2.2481038926443019E-02
   4.5068433525072322E-01   8.6517353045078611E-01  -2.1990541641109313E-01   1.9132918588334533E-02
   7.2771822035104625E-01  -1.8880881954521647E-01  -6.5937653994591594E-01   2.2010467416205430E-02
   1.6623243149459887E-01  -4.6164501110228819E-01   8.7134990815616770E-01   2.7497237974036523E-02
   5.9901171398176664E-01  -7.1458272205395338E-01  -3.6132602986027553E-01   2.2550464960606499E-02
   2.7229637753116886E-01   9.4344016824660137E-01   1.8914368010120652E-01   2.4992794308633996E-02
  -8.7597230485882100E-01   4.6268367872145264E-01  -1.3636837817143798E-01   2.5288200803167502E-02
   1.3029413880808298E-01  -7.4243891472881751E-01  -6.5712091375070063E-01   1.6371585913294961E-02
   9.2231360622322995E-01   3.8156824046339012E-01  -6.1182429219286644E-02   2.4556350627079961E-02
  -2.5324736483068810E-01  -9.4509112193336815E-01   2.0656365471456878E-01   2.4151788035296490E-02
  -3.4236750522108909E-01   4.1450598007739456E-01   8.4318994529629325E-01   2.2754877329917082E-02
   5.1252389551653774E-01  -3.1098440526079200E-01  -8.0037988243654929E-01   2.4151573139071187E-02
   8.8135751052354152E-01   3.0147385828097759E-01  -3.6376153097451964E-01   2.3203232072596273E-02
  -3.3277061170379145E-01   5.5642695767238459E-01   7.6134930272624457E-01   2.5158702739253140E-02
  -7.8686067335434808E-01  -5.1957270908795756E-01   3.3300822917661152E-01   2.1933235960241534E-02
  -2.5212765330858317E-01   8.7313049166744551E-01  -4.1722271145956550E-01   2.2715303328674210E-02
  -5.9792427629269297E-01   7.6889590775737985E-01  -2.2646333666581504E-01   1.9834516616075257E-02
  -8.8462383364757979E-01  -7.3684525474583564E-02  -4.6044680870676515E-01   2.2900883081422391E-02
   3.1301575899556741E-01  -5.1056553594221050E-01   8.0083953956362066E-01   2.2699007048291739E-02
  -5.3386053750373010E-01  -8.0861765912949916E-01  -2.4724564271217701E-01   2.0112231014473995E-02
  -1.1866845318571448E-01  -9.8703029187724258E-01   1.0811568403906588E-01   2.5207733727357890E-02
   9.4387114947187757E-01  -2.8645446762156012E-01  -1.6447215926802016E-01   2.3218285606185782E-02
  -5.2516852208454389E-01   6.0934968466261718E-01  -5.9404628204636109E-01   2.2240725098531282E-02
  -7.6053872792412828E-01   5.9110205794319981E-01   2.6866187005763011E-01   2.2873982671677821E-02
  -2.7061705280350469E-01   8.2792183144701372E-02  -9.5912036009151595E-01   2.4670406508560902E-02
   1.9306462613225006E-01   4.5562241020447773E-01  -8.6898461980398540E-01   2.4351673707475325E-02
  -9.5491531867496171E-01  -2.7517994442354760E-01  -1.1141244251406503E-01   2.2450725467214933E-02
   1.4527821178015456E-01  -9.7545997512235977E-01  -1.6544509094030566E-01   2.2446208776185878E-02
  -5.1774146527278332E-01  -3.0558332088029298E-01  -7.9910112572625191E-01   2.5821240822961621E-02
   9.8973412477903028E-01   1.6376693956749857E-02   1.4197945676376530E-01   2.2713770068209502E-02
  -3.3180741938532758E-01  -8.4428096422454093E-01   4.2082477337833701E-01   1.8939953608786353E-02
  -7.1134881654382242E-01   3.6368213420058008E-01  -6.0143010106330274E-01   2.4052656447316009E-02
   1.4336529642463611E-01  -8.9993346579303850E-01  -4.1178410475248590E-01   2.3749382591728549E-02
   5.1101114841150749E-01   6.2969161930024242E-01   5.8511201558521319E-01   2.4383101530059683E-02
   2.8450841286071346E-01  -9.4726319042476223E-01   1.4747003450795858E-01   2.4311154301466300E-02
  -8.6529176484122913E-01   3.1081815976757871E-01   3.9327119555930716E-01   1.7087830232084259E-02
   2.5913142930231174E-01   8.7761848167884188E-01  -4.0328241092746068E-01   2.3617037916477627E-02
   4.0586302587668772E-01  -4.3865319992837257E-01  -8.0178461847232913E-01   2.5137858610584373E-02
   2.0170628410086308E-01  -8.1158803836059298E-01  -5.4830596471698767E-01   2.6191389233255075E-02
   8.9387728503413583E-01  -4.4452102780243594E-01   5.8176070178966039E-02   2.3854645599405510E-02
   5.5490741143411890E-01   7.0068427219649374E-01   4.4846328214465351E-01   2.2765456325626134E-02
  -1.7714539343962232E-01   9.3571295214054455E-01  -3.0505865137633492E-01   2.3331761226615377E-02
   5.1362624257673017E-01   8.4072280427202699E-01   1.7138625765646697E-01   1.8729514987129123E-02
  -4.8456745923871444E-01   5.0902925805105079E-01  -7.1139552423032110E-01   2.7299791036566998E-02
   6.8725845923559969E-01   3.5472089493559555E-01  -6.3391552820955556E-01   2.4364644164098070E-02
   8.8679381163152619E-01  -4.0718970976919397E-01   2.1861673291426924E-01   2.2810365149280751E-02
   7.4525300469291755E-01  -1.6861072672513031E-01   6.4511113912984132E-01   2.6317793121869685E-02
  -1.4977010564798948E-02   9.9741959805796014E-01   7.0212780634573768E-02   2.1855056738331648E-02
  -7.8005437062920544E-01   1.2628425416771784E-01   6.1283559460231851E-01   1.6262251180711270E-02
   5.9642005855600022E-01   3.9142450902375983E-01   7.0076384573375785E-01   2.5015220256552392E-02
   4.0656028546047870E-01   7.2561966342644996E-01   5.5514397982431509E-01   2.2520156000287361E-02
  -4.6627547899189440E-01   4.6695888976256529E-01   7.5135648860084502E-01   2.2296757142287586E-02
   2.7542425889535544E-01  -6.8590829020786152E-01  -6.7355125642824864E-01   2.9566622660263819E-02
   5.7029458598530062E-02   9.8617120162579201E-01  -1.5560848927966544E-01   2.3945440845322356E-02
  -2.5951984122390996E-01  -7.1068254969618296E-02   9.6311928396574533E-01   2.4670610144121236E-02
  -4.1342369845423814E-01  -4.4072196559284684E-01  -7.9677160755162246E-01   2.3712210953637411E-02
  -9.0019548403000939E-01   2.8858294631405687E-01  -3.2614103334090782E-01   2.3312162557862916E-02
   5.3019305667418894E-01  -8.1425086314479973E-01  -2.3641246693528890E-01   2.4788539722372799E-02
   1.9377745663530831E-02  -4.0967928771899719E-01  -9.1202378488011746E-01   2.4727097652698075E-02
   5.3847901288211748E-01  -3.7326129361382234E-02  -8.4181180364283179E-01   2.1754363518481070E-02
   7.7251984848898995E-01  -4.0244380044650673E-01   4.9117417600350314E-01   2.4287312842016914E-02
  -2.3020401953418061E-02   9.7320062708305652E-01   2.2880253612896996E-01   2.3772908926751528E-02
   2.7015783691302615E-01  -5.4592972216965840E-01  -7.9307974479634415E-01   2.1461150322021720E-02
   3.7450826872300564E-01  -9.2705300157150958E-01   1.7784513919463136E-02   2.2650077581134024E-02
  -6.1933641025883359E-01  -5.7098431415483048E-01   5.3888711611694661E-01   2.4510839622407178E-02
  -9.8066941997968761E-01   3.9653108367675820E-02  -1.9161189867407612E-01   2.3507342940973732E-02
  -1.6202835304898770E-01   9.4249718469810019E-01   2.9231125473437984E-01   2.4586723969236574E-02
   2.0554857088411941E-01  -6.0130024886349051E-01   7.7213198076766680E-01   2.2703093151104964E-02
   7.9604844563555641E-01   3.5143787538647730E-01  -4.9274566659185694E-01   2.7567939638611744E-02
  -1.8812903445972660E-01   2.0794073272884090E-01   9.5987922056133907E-01   2.1052408469371535E-02
   2.9771858549774945E-01  -8.5834034076965490E-01  -4.1787019905306959E-01   2.2691991157384534E-02
  -8.1513274165269127E-01   2.4530856909363585E-01   5.2476882473618777E-01   2.9517361720110585E-02
   8.5374399311810726E-02   5.3918860580587661E-01   8.3784656072055501E-01   2.5313038867536188E-02
  -5.6806120119299681E-01   8.1927464170083759E-01   7.8073895542196058E-02   2.4388742880107767E-02
  -8.4607569742131758E-02   4.9800359815380694E-01  -8.6303764423586528E-01   2.4453184064120501E-02
  -6.0770563730538809E-01  -1.8091829133839844E-01  -7.7328030509411433E-01   2.2119654316443697E-02
  -5.9210097311768148E-01   3.5767879786849627E-01  -7.2213732432858090E-01   2.3903505130461462E-02
  -3.8740241571120709E-01  -3.0752447114002343E-01  -8.6910762736911362E-01   1.8415053106880424E-02
  -9.3952458415775197E-01  -2.3130322705389567E-01  -2.5257152040096890E-01   2.1627360751335533E-02
  -8.0035079767925889E-01  -5.8465777849957349E-02  -5.9667441161371534E-01   2.2672151232375212E-02
   3.7254627249496530E-01   6.2838250849921530E-01   6.8289435336832360E-01   2.4455943470077379E-02
   2.9259524029331011E-01  -9.0422706360972124E-01   3.1106501377275015E-01   2.4929091327729731E-02
   5.4857417063067881E-01   2.7787383461236445E-04   8.3610184912066483E-01   2.1303166996806881E-02
   6.6906899628744938E-01   2.0724941084823162E-01  -7.1371868401350262E-01   2.1648453322131158E-02
   8.5888779936498629E-01   1.9742039322162899E-01  -4.7258537476543649E-01   2.2167383480561353E-02
   7.9466621798952443E-01   3.0195442602679660E-01   5.2662047680379222E-01   2.4779608436438338E-02
   6.3499211594935616E-01   7.5951812918075916E-01   1.4112839589508290E-01   2.7303698129811029E-02
   8.2231369136699399E-01  -1.6132595927215486E-01  -5.4568684046374729E-01   2.6063964447846710E-02
  -3.6645011469884587E-01  -8.8527963120107688E-01   2.8634644753809674E-01   2.2469141863999935E-02
   6.7400933477336169E-01   7.0939206561445917E-01  -2.0609297387737743E-01   2.2216759318695546E-02
   9.4030278405139675E-01  -3.3884641283860759E-01  -3.1839956212288242E-02   1.8157719217551022E-02
  -1.1870607855038985E-01  -3.2305566156620200E-01  -9.3890569624707893E-01   2.3017628198208561E-02
  -6.9386939092567390E-01   7.2006058002537898E-01   7.6177050316430374E-03   2.3574473219938707E-02
   1.9328160197831165E-01   2.5625139822100058E-01   9.4708893101254219E-01   2.5638932947479013E-02
   5.8312976616965803E-01  -4.1143499922829676E-01   7.0048620058994117E-01   2.4101965060723640E-02
   6.6334135405959235E-01   7.4686218596962694E-01  -4.6638215693323017E-02   2.3192936336193161E-02
  -1.9166967734266339E-01  -9.0351925730470803E-01   3.8329582109241417E-01   2.8718162887977909E-02
  -4.2032985010650012E-01  -6.7595448008558998E-01  -6.0531674184815571E-01   2.3692789227078732E-02
   7.7191851243639542E-01   6.2766892484498049E-01  -1.0086392289579402E-01   2.6832034907711896E-02
  -8.5096320430676577E-01  -3.8629184996580869E-01   3.5586546835279602E-01   2.0867373626045506E-02
   9.1538076803587760E-01   7.9514015192214948E-02  -3.9465880314273892E-01   2.2223752567644137E-02
  -2.7860199627020758E-01  -6.6340597450288552E-01  -6.9445909934864555E-01   2.3306032633815068E-02
  -4.7549261846975428E-01  -7.9840233321186691E-01   3.6940558212163465E-01   2.5200035049985203E-02
   1.6806099134467419E-01   8.2275709828238792E-01  -5.4297906075114017E-01   2.4185660446151837E-02
  -6.4957514764397030E-01  -7.5996300083657599E-01  -2.2546949300973029E-02   2.3529060533969321E-02
  -8.6943144769912468E-03  -9.2355173545726536E-01   3.8337527415007928E-01   2.8783786355680964E-02
   2.1590450290963225E-01  -9.7633835016505727E-01  -1.2193097240595638E-02   2.5747910264738496E-02
   1.4236190583058028E-01  -9.5318825021132536E-01   2.6676815294812969E-01   2.4786787481689276E-02
  -3.9505357444468076E-01  -7.7464772145110512E-01  -4.9381533083642921E-01   1.8279242068970871E-02
   4.1623513042137219E-01  -8.8914439079636053E-01   1.9018561596101887E-01   2.3317434034478932E-02
  -8.9556123301569705E-01  -2.1688007714826307E-01  -3.8850110689104591E-01   2.2734507525346518E-02
   4.3739826584494974E-01   1.0097594176384410E-01  -8.9358078326513670E-01   2.6231699882773638E-02
  -7.4661913996315973E-01   8.8862203544531599E-02  -6.5929004893285174E-01   2.3585607126362715E-02
  -5.5917174792144317E-01   7.9207206269221259E-01   2.4484444822985382E-01   2.4921745540703428E-02
   1.3604074394142355E-01   9.4677525444123098E-01   2.9173538277968024E-01   2.5168868320653325E-02
   9.0061605514886711E-01  -8.0461354352580780E-02  -4.2710267110361339E-01   2.4871746889883130E-02
   9.8639720405148150E-01   8.0958932990020340E-02  -1.4306015171436568E-01   2.4730735848058538E-02
   1.9214219392229939E-01  -1.8108611770261839E-01   9.6451500521770991E-01   2.3517336106675568E-02
   4.6740261081553526E-01  -1.8313612520433672E-01  -8.6486759625272284E-01   2.4082324877998653E-02
   4.0601977694941169E-01   8.7322303940571153E-01   2.6949854206841465E-01   2.4158400313301608E-02
  -6.5354280240613560E-01  -7.3316208791011998E-01  -1.8802967391985900E-01   2.4976511590181562E-02
  -8.1916108374193790E-01   3.4784348440753856E-01  -4.5604827511783909E-01   2.6490380001144933E-02
  -8.3973903800327445E-01  -3.6194568125975461E-01  -4.0476372351131875E-01   2.5345865260462634E-02
  -1.6672912542738211E-01   3.5013169978932134E-01   9.2174247571480663E-01   2.7361150298245031E-02
  -6.4214031691361128E-01  -7.5333517412555117E-01   1.4192226329689217E-01   2.4328814646495158E-02
  -2.7662062331335128E-01  -9.1893848727439682E-01  -2.8112824006772441E-01   2.2003183416448841E-02
  -1.5169693563282216E-01   8.1447486683400907E-01  -5.6001672387111325E-01   2.4648999632565118E-02
  -4.1649779200193979E-01   8.5957002210490927E-01   2.9608945667834065E-01   2.3979612958169096E-02
  -4.1123750722473353E-01  -8.8918513926662399E-01  -2.0058290245926131E-01   2.2842417503251799E-02
   6.6538312853532177E-01  -5.9493601018988764E-02   7.4412754531621851E-01   2.4326486313441151E-02
   6.5014899921944486E-01  -4.6354938971732879E-01  -6.0202013430336887E-01   2.3532148035154549E-02
   6.7861116411495583E-01   4.8141439721949739E-01  -5.5473152613524012E-01   2.2479660332823176E-02
   3.5087607423928943E-01  -8.2273143301385669E-01   4.4721244354041669E-01   2.6255407943381845E-02
   8.5483738585402697E-01   4.9567888060905884E-01  -1.5347798234406109E-01   2.3788315208941677E-02
   9.8365783032641491E-01  -9.1169194399448212E-02  -1.5525930191162706E-01   2.2023976640653102E-02
  -1.4657660528564189E-01   6.2529203198692400E-01  -7.6650190705346634E-01   2.5060647063673244E-02
   4.9895111605737767E-01  -7.4157420473436808E-01   4.4845900889344028E-01   2.2573557510403605E-02
  -6.0176376681474845E-01  -7.2000112662371238E-01  -3.4565697824506602E-01   2.2231561922931719E-02
   5.1379930587301361E-01  -5.4612371792734295E-01   6.6163370379812533E-01   2.3829162871136495E-02
   3.6203791465372932E-01  -6.2550906313559480E-01   6.9113454572059218E-01   2.7426085167920377E-02
  -6.5472889888139178E-01  -6.1049966772770662E-01  -4.4566828995781158E-01   2.6297823189125222E-02
   6.6839402704177484E-01  -7.0908334502567598E-01  -2.2461129629223313E-01   2.3934156880810721E-02
  -7.4972669338607182E-01   5.4369225639237512E-01  -3.7723814171336780E-01   2.1368665081613666E-02
   8.2391153136035448E-01   5.4508054422371765E-01   1.5510315535220888E-01   2.5284996584605550E-02
   1.5588533753158921E-01   8.8721383401714408E-01   4.3422502722812037E-01   2.3600359152851888E-02
  -4.7570036877958319E-01   8.4938465660228530E-01  -2.2859322884019692E-01   2.3852353570516506E-02
  -5.4651644374793040E-01   2.3299338627970653E-01  -8.0438414868956158E-01   2.4074309208059352E-02
  -3.0533656491765954E-01   9.5194945304084903E-01   2.3702763119780185E-02   2.8505617390658448E-02
   7.0226936749131194E-01   2.7691267773647032E-01   6.5584838521732313E-01   2.3376699943792216E-02
  -8.6753533408579279E-01   4.9664313719447852E-01   2.6982186536274093E-02   2.2956740530181769E-02
   2.5798075626333143E-01   1.1255876125268129E-01   9.5957097427082551E-01   2.5721931437027945E-02
  -7.3105601381506000E-01  -6.1843842259900583E-01  -2.8825513372373521E-01   2.6491367480009948E-02
  -9.4932689280582387E-01  -3.1037092398500361E-01   4.9480704727549777E-02   2.5209755803358859E-02
   7.5993390538028542E-01  -2.9625361350075202E-03   6.4999360214783363E-01   2.1372691740988591E-02
   5.1385163198000967E-01  -8.5678121658856749E-01   4.3387177973392168E-02   2.5032373900472242E-02
  -1.3289843824093017E-01  -7.4745347364165741E-01  -6.5088502045610319E-01   2.1851579331491453E-02
   3.5246432333218500E-02  -1.5699378342015569E-01   9.8697043571487235E-01   2.2467941425431390E-02
   6.6814137909687518E-01   5.6847159676368441E-01   4.8002827126271698E-01   2.7927792339596142E-02
   3.4804414769923508E-01   7.9326918396110022E-01  -4.9958910419464022E-01   2.4337225197055358E-02
   4.4478879844219596E-01   2.5104261414544843E-01  -8.5973282516335682E-01   2.1411974990211781E-02
   2.3968865244965882E-01  -9.2673098995891116E-01  -2.8934239602353994E-01   2.3717154975670466E-02
  -1.3068610250475085E-01  -6.2519023606281223E-01  -7.6945325481398985E-01   2.5339639168576950E-02
  -8.8460174333425367E-02   9.7885249581054125E-01  -1.8445213200821060E-01   2.2403297939525561E-02
  -8.2576484582882674E-01  -2.2638405394450793E-01  -5.1658753325350783E-01   2.3720510160766745E-02
   5.1526612001130258E-01   7.1946797788859759E-01  -4.6568943982163748E-01   2.7680720346513996E-02
  -4.8214423223972877E-02   1.5897756796796638E-01   9.8610420457280785E-01   2.4605531687768840E-02
   3.9837878231993117E-01   9.1364896438596989E-01  -8.0869745107387505E-02   2.7866839287586357E-02
  -9.5510541747043973E-01   1.7895713564587154E-01  -2.3611011227823857E-01   2.2298878564810293E-02
  -1.9229856375221888E-01  -3.8441874258492561E-01   9.0290835234161974E-01   2.4870499272941568E-02
   3.5768771106553849E-01  -3.7485513558064815E-01   8.5530294555877102E-01   2.1807385238434244E-02
  -3.9661483873121653E-01   1.9708247663396802E-01  -8.9657970482385582E-01   2.8783640112988543E-02
   9.4328488277273780E-01  -1.7714113532997686E-01  -2.8077508455421945E-01   2.4966788248724522E-02
  -7.5194199457018848E-01  -6.5047030140694142E-01  -1.0710566646713637E-01   2.3334081687817214E-02
  -9.1145319702975395E-01   1.7045286849367786E-01   3.7443142128635158E-01   2.2801105248402397E-02
  -2.9239047258160773E-01  -4.7957270757710332E-01   8.2735592684809482E-01   2.2387457419676990E-02
   1.3984398635927113E-01  -6.3771101702320116E-03  -9.9015301440990661E-01   2.6619548765027820E-02
  -1.3508875147293373E-01  -5.2791710643692528E-01   8.3848348699109642E-01   2.4915965040409879E-02
  -3.9538972537221713E-01   8.0922515449485956E-01   4.3453609102450112E-01   2.0497425876958925E-02
   7.0616057372372766E-01  -3.3278663549005997E-01   6.2497223886936090E-01   2.4131274570543737E-02
   5.3731025891141488E-01  -5.7471317297851873E-01  -6.1725396270377350E-01   2.4719951128468187E-02
  -7.5743303575003659E-01  -4.5026979365859256E-01   4.7281318644167722E-01   2.7805575802924407E-02
   2.9255668789911410E-01   3.1927665330650807E-02  -9.5571502476001395E-01   2.2974547239470619E-02
  -9.1621648785729252E-01  -2.6092297455716377E-01   3.0408312798754435E-01   2.1419269332188481E-02
  -6.0974359774045687E-01  -2.1037955911254204E-01   7.6416829698839006E-01   2.1450541637699904E-02
  -6.9071014751230279E-01  -5.3220015370406015E-02  -7.2117066086156524E-01   2.4441726074419238E-02
   8.1091087385585804E-02  -3.1522487473209945E-01   9.4554614583147422E-01   2.4245815407423489E-02
  -4.6031977477747707E-01   3.5972815865769343E-01  -8.1160418728439172E-01   2.3031064018753775E-02
   8.7037593643056165E-02   6.8623631761214820E-01   7.2215245875295961E-01   2.6384450777287002E-02
  -6.3233527789093191E-01   9.7802196929480480E-02  -7.6849647143650887E-01   2.4121940439836762E-02
   6.3701794863909011E-01   6.0539320072466367E-01  -4.7718676179038395E-01   1.9571697118907309E-02
  -5.7130839593431659E-01   8.1626061060974350E-01  -8.5588155149920837E-02   2.6347319022010156E-02
   4.0450373564086987E-01  -5.7050715428730978E-01  -7.1477151227478064E-01   2.3928581006803035E-02
  -7.1976596502392462E-04  -9.8827574757865317E-01  -1.5267785918334748E-01   2.0698455099892028E-02
   3.1059047881426407E-01   6.2351484176366405E-01  -7.1746971822534728E-01   2.4338418027135828E-02
  -6.7721516196320852E-01   6.6811397225859083E-01  -3.0822612556367152E-01   2.2366322240869771E-02
   4.1071437283772214E-01   6.9495809613451937E-02   9.0911167432317547E-01   2.4254709239344589E-02
   1.6675565448443762E-01   1.4500291051322773E-01  -9.7527775922562689E-01   2.2316250353503908E-02
  -3.8612457268819087E-01  -5.6667881461909574E-01   7.2786189310078484E-01   2.3813897982534584E-02
   3.3548542701170593E-02  -5.5616705603175731E-01   8.3039310032513871E-01   2.5135584415494736E-02
  -5.3326069779150797E-01   7.4325787956798521E-01   4.0398112907785241E-01   2.4684839550265862E-02
  -2.1989666730057408E-02   9.2779606516929504E-01   3.7243914404030364E-01   2.2826256919359884E-02
   4.9434689669815181E-01  -2.9030027201252668E-01   8.1935761288607054E-01   2.6796006352448649E-02
   6.3930683836023005E-01  -5.9427054566301009E-01  -4.8798492290565160E-01   2.3708621235189668E-02
  -1.4672254570942879E-01  -9.1780371103495390E-01  -3.6892931923474381E-01   2.5986567093336740E-02
   7.6647487519232875E-01   5.8195535053622897E-01  -2.7174295884375561E-01   2.4308067318987358E-02
  -5.6535805860283776E-01   2.0158068201675649E-01   7.9983466679713854E-01   2.0855290931733541E-02
  -4.5665545323389036E-01   8.8964307582269128E-01   9.9733268839347068E-04   2.1056414034226889E-02
   4.3867442860544239E-01  -1.0050644951795573E-01   8.9300795029662705E-01   2.3973971678442174E-02
   1.3698517539050734E-01   8.0663657168462812E-01   5.7495434857395562E-01   2.2344558928764821E-02
   8.4406682117468836E-01   3.7454605469934483E-02   5.3492836335452276E-01   2.0577846702591813E-02
   4.6221224232230611E-01  -8.8074131735405654E-01  -1.0322100054168616E-01   2.3398010174915060E-02
   9.9928616416949491E-01  -3.5081936019408246E-02  -1.4014987140461823E-02   2.2275019202092578E-02
  -3.5076527475598902E-01  -3.2763283390507891E-01   8.7728014235629565E-01   2.4739262041066760E-02
   2.8223858654885995E-01   8.9259646560689116E-01   3.5158630497928600E-01   2.2303687629461945E-02
   9.2815079345975934E-01   2.9630974470270468E-01   2.2524795180919383E-01   2.4101464351128254E-02
   3.0714174923138277E-01  -5.7204264663591715E-02   9.4994295512066635E-01   2.2175505983176697E-02
   4.6474203872002846E-01   3.4697634052769772E-01   8.1463013482215256E-01   2.7438149058820240E-02
   1.6617470029585108E-01   3.0127381200388403E-01  -9.3894624935734878E-01   2.5536427944272426E-02
  -5.8577218010767300E-01   3.4543937378598381E-01   7.3317296189252045E-01   2.4569184300078252E-02
  -6.0539621139520649E-01  -3.5519922357236435E-01   7.1227027089576058E-01   2.7683780226406327E-02
  -2.4009814048321138E-01   7.1502642703188890E-01  -6.5657451335131415E-01   2.2712325143166256E-02
   1.6052201906808436E-01  -2.8838124578108907E-02   9.8661088782007819E-01   2.5029323743826128E-02
   2.9595073138443233E-02  -8.2086105247657332E-01  -5.7036064395519323E-01   2.9373966699662933E-02
  -5.4015336189352929E-01  -5.0724836700080491E-01   6.7151577778197788E-01   2.3815890727588988E-02
   6.6108112346556158E-02  -8.5418489577845129E-01   5.1574982433921521E-01   2.1834984375461301E-02
  -1.5227953098981375E-02  -4.3419402170517722E-01   9.0069065775098362E-01   2.2002272407364382E-02
  -9.6399921595143762E-01   2.4707009165232332E-01   9.8294869936971362E-02   2.0852849772579702E-02
   3.2982774279705480E-01  -7.4162911588383799E-01   5.8412320152066952E-01   2.1275119778978290E-02
   2.8909183009803554E-01  -1.4406897722482048E-01  -9.4639845919779617E-01   2.7921343209676132E-02
   5.3804600627437801E-01   5.9989795514173405E-01  -5.9213928982035799E-01   2.5145755270695016E-02
   3.3041295558448502E-01   4.9963200451091296E-01  -8.0074661338673926E-01   2.1629067650949433E-02
   8.2285858148768991E-01  -5.6780536315970930E-01  -2.2379107201530019E-02   2.3149124462845107E-02
  -4.1321640560399055E-01  -5.6762251314797147E-01  -7.1207926855603611E-01   2.4625159440316890E-02
  -2.2640694549416156E-01   4.9972347394933489E-01  -8.3607197334679987E-01   2.2023361543647252E-02
   5.9208222470326274E-01   2.5986126889782652E-01   7.6283075456961393E-01   1.9445103429092371E-02
   2.2416364759906155E-01   4.7849810101298579E-01   8.4899365511295208E-01   1.9147287589148335E-02
  -8.2827891236854540E-01  -5.2700374852454014E-01  -1.9031839734156765E-01   2.2404889813229775E-02
  -8.4409739606238680E-01   4.3616604573566606E-01  -3.1186337795260716E-01   2.5603039294727074E-02
  -1.2013308583216004E-01  -9.9115241239821028E-01  -5.6435246837866896E-02   2.2811654356723467E-02
   5.6937449936131780E-01   2.9645407169974058E-01  -7.6676441156961230E-01   2.3270670816078937E-02
  -7.3815350752451163E-02  -6.6187323056729985E-01   7.4597260046981519E-01   2.2274337895682569E-02
   9.5824160724122968E-01   2.8061664218363926E-01   5.5021107598122949E-02   2.4813236522131991E-02
   5.7577854249338225E-01   1.2642754248253540E-01  -8.0777171682723789E-01   2.6263678587076477E-02
   3.6209447823084777E-01  -7.7285543204877980E-01  -5.2113536627964904E-01   2.3907129640912296E-02
   7.2202264453075004E-01  -6.0221949092065694E-01  -3.4060972613841626E-01   2.6701871987895251E-02
  -9.3788131857841818E-01   3.4518799276494478E-01  -3.4984023675330280E-02   2.5400260765925235E-02
  -8.7726849911685338E-01   1.8965523143321142E-01  -4.4094316373800177E-01   2.0537127902749539E-02
   6.3109220178538176E-01  -2.5347197304791539E-01   7.3312658642616135E-01   2.2845234942546537E-02
   1.8888242156957741E-01  -2.9347293324283061E-01  -9.3712169341866236E-01   2.6140161211647665E-02
  -8.3385890327503577E-02   8.9716851527907852E-01  -4.3374583396987613E-01   2.5194564056739721E-02
   8.0705322388145024E-01  -4.8361577861585383E-01   3.3879325922506065E-01   2.3816433339192761E-02
  -5.2968039077168391E-01  -8.4277227373604972E-01  -9.5778798560669482E-02   2.4488305285925746E-02
  -9.3028413196360091E-01   3.1841052148160695E-01  -1.8217072659058208E-01   2.1732091297035167E-02
  -7.4273396868793746E-01  -3.4401699003948094E-01  -5.7445501331369861E-01   2.2036402103536611E-02
  -1.6020460091896506E-01  -7.5045816106604874E-01   6.4120748150170499E-01   2.4293462625638020E-02
  -4.7244086888010876E-01  -6.4071896957707181E-01   6.0520973838488671E-01   2.4307016903321949E-02
   7.3966359072541632E-01   8.6821990305756067E-02  -6.6735276619980457E-01   2.2517682480970004E-02
  -2.7713594421840888E-01  -9.5273379109349161E-01  -1.2447486385127726E-01   2.5829565114836108E-02
  -4.1566033655418967E-01  -1.7822393924648245E-02   9.0934528474636771E-01   1.9981718544608179E-02
  -6.7551020285031295E-02   6.9029229056839058E-01   7.2037033062189337E-01   1.9719639993279557E-02
   9.4639370749405955E-01   1.7882790794915157E-01  -2.6899726718719363E-01   2.7199902622357647E-02
   9.5996847470612340E-01  -4.2366488912026536E-02   2.7688555070220992E-01   2.4846997271665660E-02
   4.0692340479557449E-01   6.8814270492155236E-01  -6.0072702643782092E-01   2.2457798669458273E-02
   5.5085300689964631E-01   7.8016769966761287E-01  -2.9647820355797405E-01   2.3322025157052110E-02
   9.0969101510733114E-01  -1.6980144904784408E-01   3.7898512495115941E-01   2.5237471842171199E-02
  -3.6713946064534703E-01   4.7416054041529118E-01  -8.0023771365146423E-01   1.8910894733532321E-02
  -5.1887012317407021E-01  -1.1319245413283858E-01   8.4732594885599397E-01   2.5209062917848088E-02
  -3.1559903468893288E-01   2.7080317437852361E-01   9.0942998083960731E-01   2.2902374548903194E-02
  -8.2298323080684170E-01  -5.3899917365948226E-01   1.7938364642611039E-01   2.5592250370370130E-02
   7.6856810250397256E-01   5.5395049858351610E-01   3.2006548850589493E-01   2.2332157646589902E-02
   9.3398837612699256E-01  -2.5160505891010247E-01   2.5369392501695262E-01   2.2988901837082935E-02
   7.4504507214986954E-01   6.6444541513604740E-01   5.8481884117060340E-02   2.2663547714302154E-02
  -6.8725451739252640E-01   2.3288999068140769E-01  -6.8807229312331665E-01   2.2234767183364048E-02
   8.2500209887724693E-01  -5.4190959187668479E-01   1.6032944545585605E-01   2.5974630645802823E-02
   4.1452944656450672E-01   8.3117244576835211E-01  -3.7056403404321294E-01   2.4382413436145213E-02
  -5.5454730313867104E-01  -5.1546325455510046E-02  -8.3055419143705577E-01   2.5847981174954690E-02
   7.4192264278963087E-01  -4.8512642968039463E-01  -4.6282085015867941E-01   2.2834730654328687E-02
  -3.1037975961334645E-01   7.8955868047770589E-01  -5.2939729400957951E-01   2.3645601061402587E-02
   8.5498917053156535E-03   2.4998310388178035E-01  -9.6821244937537258E-01   2.5408684815785913E-02
   7.6126214961554152E-02  -6.6797305408921969E-01   7.4028156697728704E-01   1.8927137851006175E-02
   4.6150327462245686E-01   3.9555314370294816E-01  -7.9407332030453208E-01   2.6001319348498905E-02
   6.5982320899860189E-01  -2.2373738589238731E-02  -7.5108771038296691E-01   2.7102777681010570E-02
   8.2705719350027457E-01  -4.7893532455653744E-01  -2.9427428289161362E-01   2.4200476253122995E-02
   4.0328997249412372E-02  -9.5390192061659710E-01  -2.9739653297377897E-01   2.7531698505657389E-02
  -2.9416902859191944E-01   9.3444495520339998E-01   2.0069182422859714E-01   2.5294947145578423E-02
  -2.3154180558865737E-01   9.6214017985539577E-01  -1.4378687900003608E-01   2.0737206980249709E-02
   5.2132842130197056E-01   1.5720704594969960E-01   8.3875063150293005E-01   2.4547812896217382E-02
  -3.2135753044635588E-01  -6.9412143048924699E-01   6.4414654959953088E-01   2.2779012017152289E-02
  -7.2871379592749212E-02  -2.9018290713460800E-01   9.5419266526375938E-01   2.5103132780389634E-02
   1.9301541957608439E-03  -5.5263312957563819E-01  -8.3342240106695992E-01   2.1802823979328445E-02
  -8.3350634486379835E-04  -9.4937654504990458E-02  -9.9548287128622376E-01   2.4358476982749328E-02
   1.5980558563186937E-02  -7.6999299334506883E-01   6.3785218659773317E-01   2.7755993163300090E-02
   1.5926761074703654E-02   8.6461448917037362E-01   5.0218335635335744E-01   2.1370538997947394E-02
   7.0723420490134092E-01   4.2673497866595742E-01   5.6366394012792140E-01   2.2129745946061456E-02
  -2.2655240979073232E-01  -2.3157898995308974E-01   9.4606827292237145E-01   2.2060758221122087E-02
   7.2545788299165883E-01   6.5537787369025366E-01   2.1021584783860287E-01   2.1229909649214095E-02
  -7.3777508556153819E-01  -1.9755696361597685E-01  -6.4549141686896245E-01   2.5807944813074934E-02
   1.2190740632006320E-01   3.9026625608438552E-01   9.1259565725801685E-01   2.3542469377158101E-02
   5.7701782150426161E-01   4.5674746201724305E-01  -6.7707620664684657E-01   2.4069209590900242E-02
  -9.8708722896861740E-01  -1.5880496142188631E-01   2.0971090454464569E-02   2.4514388072611508E-02
   4.1721759331291554E-01  -6.7330986896916797E-01  -6.1039601913749441E-01   1.7783622366119185E-02
   7.4904536524450211E-01  -6.5729666201129175E-01   8.3018906970305401E-02   2.3189348865742807E-02
  -4.9249704986263180E-01  -2.8423966787245124E-01   8.2259009663644935E-01   2.1480989172207216E-02
  -2.6293678908045761E-01  -3.9611221394688067E-01  -8.7974960011935188E-01   2.4415527677864656E-02
  -5.6742479247410653E-01   4.4303832486809238E-02   8.2223249468304153E-01   2.5393664056983715E-02
   3.7795609980376134E-01   2.2433389329772679E-01   8.9823353919735886E-01   2.3470961429114010E-02
  -9.3177490929364772E-01   2.4054275468636197E-02   3.6223874757194760E-01   2.1324257796919203E-02
  -8.3585639560057174E-01   4.4340820379555259E-01   3.2362517012807008E-01   2.7834953289620090E-02
  -8.5051748172587497E-01   6.4947264266418445E-02  -5.2192132179379662E-01   2.4481763754124514E-02
   1.2349305464451181E-02  -9.8148635068229950E-01   1.9113356083871748E-01   2.3845770162126078E-02
  -2.8135636888503796E-01   7.9824990668075184E-01   5.3257457709882984E-01   2.3506447222189872E-02
  -2.2637876495811819E-01  -6.2531529687922615E-01   7.4681552893929730E-01   2.5305440371637462E-02
  -4.4565867580911175E-01   1.4003448723407680E-01   8.8418249646843740E-01   2.4891962639660083E-02
   2.2892799645791281E-01  -3.2535539685339385E-01   9.1746162763144294E-01   2.1295708245679905E-02
  -4.5431689972885962E-01   3.0892467710175024E-01   8.3556070904413441E-01   2.6079453849029015E-02
  -5.8691380751080117E-01   6.2643055592392560E-01   5.1294925787841414E-01   2.6284450097476534E-02
  -7.4074930377723244E-01  -4.7409373052418111E-01  -4.7594705969383852E-01   2.3923472083704306E-02
   6.5323005654568806E-01  -3.2172543499518564E-01  -6.8540735165482118E-01   2.4840675756927197E-02
  -6.5860961844499534E-01  -6.3945289102347935E-02   7.4976287617709829E-01   2.0858569647530242E-02
  -8.2871194466353852E-01  -5.5944002565440245E-01  -1.6228692731639535E-02   2.4720183281942431E-02
   4.6633553897569397E-01  -6.6957939198679223E-01   5.7809566934448364E-01   2.1991915478817491E-02
   1.3356725419873536E-01  -6.3310768436576649E-01  -7.6245291566288040E-01   2.4613044371435197E-02
  -1.2174977775334070E-01   9.9190632061514723E-01  -3.6039460882942018E-02   2.6458734055096333E-02
  -9.6413229766531678E-01  -2.0411063166408425E-01   1.6966956898715068E-01   2.2537139159002301E-02
  -1.1237955779804271E-01  -1.1782397657544447E-01   9.8665512998872380E-01   2.4554332501241442E-02
   7.2486472497744989E-01  -6.8423702997387989E-01  -7.9942587498088819E-02   2.4841556049071282E-02
   2.6921317460538665E-02  -2.6399746121756817E-01  -9.6414759406268686E-01   2.6394691970765835E-02
   2.3761203142365125E-01   7.1914111293284666E-01   6.5297517733251719E-01   2.4317278779084152E-02
  -9.4935079318811812E-01  -1.0884579498094808E-01   2.9476374334041883E-01   2.4633122471814457E-02
  -6.8526774217927357E-01   8.6523443672431010E-02   7.2313333156727344E-01   2.4483100106335546E-02
   4.5005214754402258E-01   5.4555952159220346E-01  -7.0697798614320337E-01   2.2178982195459981E-02
