144
  0.0000000000000000e+000  0.0000000000000000e+000  1.0000000000000000e+000  8.0712271018537299e-002
  9.4627656364290014e-001  0.0000000000000000e+000 -3.2335841584870562e-001  8.6611727921294318e-002
  6.3654249992682349e-002  3.7406668541021965e-001 -9.2521470552736074e-001  8.6504936785744363e-002
 -9.7022251486725319e-001  2.2742683537258282e-001 -8.3338503688719145e-002  7.3382671872695301e-002
 -6.3386946834180935e-001  5.5739856480635985e-001  5.3620549890492730e-001  7.9363129171629743e-002
  3.6703121150755674e-001  2.2222622054089797e-001 -9.0327382154217406e-001  8.8828380248170580e-002
 -3.6756872525345824e-001 -3.8493309817006077e-001  8.4659302037563844e-001  8.9549597778413842e-002
 -2.1878155107064529e-001  9.0341834382167652e-001 -3.6874100525656445e-001  9.8179270466591959e-002
  7.6722156380311779e-001 -6.2351026412845889e-001  1.5035299319254625e-001  8.8494849849695148e-002
 -5.7003896750907812e-001  3.6652692851988439e-001  7.3533229644220288e-001  9.0334703669233213e-002
 -4.9545701935484610e-001  7.2730730318367087e-001 -4.7491728617487450e-001  8.9549597778413731e-002
  3.7153521042483834e-001  8.1037306955424504e-001  4.5305306041986054e-001  8.6504936785744099e-002
  1.5467090181188148e-001  7.1174696175114105e-001  6.8519571990105066e-001  8.8494849849694288e-002
 -6.4323271687024197e-001  2.7137615803557731e-002 -7.6518966391099763e-001  7.3382671872695648e-002
  5.8024186827696200e-001  3.5137838845841934e-001 -7.3474662464200868e-001  8.9549597778414383e-002
  8.9630400861224324e-001  3.2391070455575188e-001 -3.0285471701761574e-001  8.6611727921295470e-002
  7.3501165795980672e-001  4.5800132620684592e-001 -4.9999264780189173e-001  8.0712271018537105e-002
  4.9758727781466788e-001 -3.0646232365083348e-001 -8.1147257818087748e-001  9.4099595278684930e-002
 -6.0921496123803820e-001 -4.7257936912481974e-001  6.3680913222198920e-001  9.1136417135910405e-002
 -8.0426463299861262e-001 -2.5721616983549928e-001  5.3572216874305534e-001  8.6504936785744543e-002
 -9.0836551157873668e-001  1.9729165828863856e-002  4.1771145230888401e-001  8.6504936785744391e-002
  4.2765022345381304e-001  5.9476794149748746e-001  6.8071020423286233e-001  8.6504936785744668e-002
  1.5777193700520267e-001 -4.9021855079522825e-001  8.5720113646089657e-001  8.6611727921294859e-002
  5.1264639020262692e-001 -6.2530339670322288e-002  8.5631982064701162e-001  9.8179270466592083e-002
 -3.3629654364326589e-001 -3.6114624022089920e-001 -8.6975745349373212e-001  8.9549597778414397e-002
  6.7595145392948613e-002 -9.0033149248955968e-001  4.2992336520690300e-001  7.3382671872694455e-002
 -1.9946128868379523e-001 -8.3720874205971529e-001  5.0921185820382142e-001  9.4099595278685486e-002
 -2.0833117875240623e-001  9.7544629713055020e-001 -7.1432775208102484e-002  8.0712271018537854e-002
  3.6907517258109074e-001 -9.2722358512896552e-001 -6.3560523635555116e-002  8.6504936785744793e-002
  2.3743076151317977e-001  9.4783014837858526e-001  2.1270788258054918e-001  9.1136417135910364e-002
 -4.2010008996186537e-002 -4.5076103013830399e-001 -8.9165556850882466e-001  7.9363129171628896e-002
  5.4535310852680319e-001 -8.1894757170743115e-001  1.7864731124384339e-001  8.6504936785745459e-002
 -1.3114838414266433e-001  7.4389327201735822e-001  6.5530367096795428e-001  7.3382671872694649e-002
 -3.1870127432797130e-001 -7.8095999675807881e-001 -5.3715079931556342e-001  8.6611727921294748e-002
  5.2329702284626811e-001  8.2873488598837597e-001  1.9839030880077191e-001  8.8494849849695231e-002
 -2.4416208504538203e-001 -9.6900360810208941e-001 -3.7641515796044966e-002  7.9363129171628952e-002
 -5.9732433243016814e-001 -7.0609564999378893e-001 -3.8030589654474523e-001  8.6611727921295997e-002
  2.1517492213980260e-001  4.6289706952800852e-001  8.5989886376510116e-001  9.1136417135909822e-002
  6.3564094904244317e-001  6.3261509827174289e-001  4.4244629203899477e-001  8.6504936785743974e-002
 -6.3447219796572807e-001 -7.6879541281941877e-001 -7.9991519777770109e-002  9.8179270466592403e-002
 -3.4858644638881392e-001 -6.4425909512122304e-001  6.8074790322673884e-001  7.9363129171629396e-002
  6.9765848159906885e-001  1.2099106216883394e-001  7.0614007528828104e-001  7.3382671872694746e-002
 -7.1449450889463639e-001  5.1022877224226049e-001 -4.7871097411232172e-001  7.9363129171628036e-002
  3.0225388195810005e-001  5.2101044867524915e-001 -7.9824225847324981e-001  9.1136417135909878e-002
  9.1579675013842610e-001 -3.7555551334497383e-001  1.4238809231143709e-001  7.3382671872694399e-002
  8.2471104489207481e-001 -3.7454153246893024e-001  4.2375739862431594e-001  9.0334703669232685e-002
  6.8447053814765768e-001  3.9446814635499095e-001  6.1310273520765945e-001  8.8494849849693899e-002
  2.7884613551224058e-001 -7.6719642681072475e-001 -5.7762831942239945e-001  7.3382671872694163e-002
 -3.1444053710084541e-001  2.7756617046515969e-001  9.0779081821807261e-001  9.4099595278684819e-002
  1.2669742041637241e-001  5.4043244461717745e-002 -9.9046811730004114e-001  8.8494849849693830e-002
  1.7959546899082099e-001 -9.2097768996861396e-001 -3.4575361472881622e-001  8.8828380248170441e-002
  7.6162575682929667e-001 -1.4709074266646252e-001  6.3110262236503945e-001  9.4099595278685194e-002
 -2.6047032178668883e-001  7.0341560213048748e-001 -6.6133327615336479e-001  8.8828380248170635e-002
  5.0746401170699784e-001  7.8861331616573294e-001 -3.4723092372126885e-001  9.4099595278684708e-002
 -6.7561156261703315e-001  7.3665935564010132e-001  2.9698656637653989e-002  8.6611727921295567e-002
 -4.1581503839901296e-001  8.9684901453262922e-001  1.5086317964658971e-001  8.6611727921295761e-002
 -8.2607925350211509e-001 -5.1880064654287017e-001 -2.2008851873754812e-001  8.9549597778414994e-002
  4.6420359435611275e-001 -8.0939048068179098e-001 -3.5972499602969615e-001  8.8494849849694940e-002
  6.4501732499153541e-001 -4.2141626806714633e-001  6.3746449271243577e-001  7.9363129171629340e-002
  2.5792772394895613e-001  1.4785259678907262e-001  9.5478421585258677e-001  8.9549597778414106e-002
 -6.9719597963715046e-002 -2.7619134684032803e-001  9.5857055952616421e-001  8.6611727921294707e-002
 -1.0206154480751799e-001 -1.5504039303102324e-001 -9.8262196067474950e-001  9.1136417135910266e-002
 -6.6214404020522899e-001 -7.1783119603289214e-001  2.1513633821993816e-001  7.3382671872694760e-002
 -2.4389288408860429e-001  4.3359174786043414e-001 -8.6747591164151427e-001  8.6504936785744765e-002
 -1.9033474601523614e-002 -7.9060989472779364e-001 -6.1202428154698263e-001  9.8179270466592430e-002
  9.6355217617485645e-001  1.6762266773146364e-001  2.0849423265713021e-001  7.9363129171629646e-002
 -4.9359740480536640e-001 -7.3984424043459662e-001  4.5715653978168358e-001  9.0334703669232991e-002
 -1.2063008154089257e-001 -5.5493597040232878e-001  8.2310051159081610e-001  8.0712271018538367e-002
 -5.0152329008937546e-001  4.9369910171899511e-001 -7.1044745510120977e-001  9.1136417135910031e-002
 -5.8688873794882324e-001 -1.8753798782483130e-001  7.8764910486297823e-001  8.8828380248171079e-002
 -5.8177732077668554e-001  7.4368444182379534e-001  3.2934571504595517e-001  8.0712271018538354e-002
  8.0423591069069889e-001  1.6030232906577743e-001 -5.7228293985719125e-001  8.6611727921294915e-002
  6.9820341514139839e-001 -6.0700621527466525e-001 -3.7954636831725180e-001  9.1136417135909656e-002
  6.2646962891592850e-001 -6.5341768291789859e-001  4.2494839180322030e-001  9.1136417135911058e-002
  6.9676686087545781e-001 -3.8621295721148546e-001 -6.0444643539996135e-001  7.9363129171629340e-002
 -7.3936265145585311e-001  2.6544090226829181e-001 -6.1877620917029907e-001  9.0334703669233546e-002
 -6.3505330910479774e-001 -2.7062024005958435e-001 -7.2351363516186706e-001  9.8179270466592236e-002
  9.8858220359372684e-001  1.3267473521300516e-001 -7.1432775208095836e-002  8.0712271018537701e-002
  5.1927405161614271e-001  6.1732869402142210e-001 -5.9098201567895525e-001  7.9363129171629770e-002
  2.4655739536240179e-001 -1.8820052527360892e-001  9.5067871180480634e-001  8.6611727921294457e-002
 -1.3307532687113918e-001 -9.6574875815895966e-001  2.2275613008976120e-001  9.0334703669233990e-002
  3.4996177476417251e-001 -8.1781229460847893e-001  4.5684768467304848e-001  8.8828380248170830e-002
 -7.3850252314660803e-001 -4.5235094279789362e-001 -4.9999264780189556e-001  8.0712271018537410e-002
  8.7421854765531648e-001 -3.2647806380726324e-001 -3.5938002836564237e-001  8.9549597778413981e-002
 -2.2639604748098499e-001 -6.1617411126188859e-001 -7.5437013083473115e-001  8.0712271018537410e-002
 -8.8699608938296248e-001  3.0735131394821152e-001 -3.4463474466983057e-001  9.4099595278686193e-002
  7.3474479818053440e-002  9.9593400920189146e-001 -5.2124371751736523e-002  7.9363129171629174e-002
  4.0888991889423848e-001 -6.1664880295130775e-001  6.7272080987983585e-001  8.9549597778414231e-002
  9.5448460108006949e-001 -1.2367021978580379e-001  2.7141264347696026e-001  9.4099595278685541e-002
 -9.6126854361167235e-001  2.8778203771365799e-003 -2.7559844922018550e-001  9.0334703669234032e-002
  3.4275441959237413e-001  9.3266643761374568e-001 -1.1248432779182953e-001  9.0334703669233019e-002
 -1.5473959287592345e-001  1.4800326463133562e-001 -9.7680637388126224e-001  8.6504936785744738e-002
 -3.1314792448413359e-001  8.4302013449509083e-001  4.3732760057782583e-001  9.8179270466592167e-002
 -6.9077500481767096e-001  6.7785657959997669e-001 -2.5167508858082682e-001  8.0712271018539131e-002
 -8.9407499227175535e-001 -2.5643517190657950e-001 -3.6724775125724546e-001  7.9363129171629507e-002
 -4.5675161318727692e-001  8.7240349623326474e-001 -1.7404052289853711e-001  8.6611727921295317e-002
  2.4026539482118586e-001 -9.4920668090946869e-001  2.0317287458775099e-001  8.8494849849694163e-002
  6.3545488100084713e-001 -7.6250037195768616e-001 -1.2161528266048414e-001  8.6504936785744904e-002
 -4.3291542472037514e-001 -8.8390858176303144e-001  1.7688938386699068e-001  9.4099595278684556e-002
  8.0817336825767361e-001 -1.2751033056190855e-001 -5.7497558421122508e-001  8.0712271018537340e-002
 -2.9538558302408391e-001 -6.5133328494898307e-002  9.5315529000299726e-001  9.8179270466592861e-002
 -7.7520551453748887e-001 -5.0672091372841310e-001  3.7721389929443139e-001  8.8494849849694246e-002
 -9.6304424858555460e-001 -2.6262554953144229e-001 -5.9779561721314559e-002  9.1136417135910128e-002
  9.8236421992844669e-001 -1.7334639739953103e-001 -7.0082564971455999e-002  9.8179270466592097e-002
  4.9277343798558232e-001 -5.7681778613442292e-001 -6.5150255595419770e-001  9.0334703669233407e-002
 -9.3710117348064326e-001 -2.4725927442474618e-001  2.4638230835867553e-001  8.6504936785744807e-002
  6.2756698210974249e-001  1.2723088727602160e-002 -7.7845860903383923e-001  9.8179270466591806e-002
 -4.5641887579818591e-001  2.2621199330946795e-001 -8.6052887452895932e-001  8.8494849849694385e-002
  2.0094332009072874e-001 -5.8646752983089057e-001 -7.8465127194503959e-001  9.4099595278685194e-002
 -4.0600218559668722e-001 -7.1363680997687876e-002 -9.1108147293487063e-001  8.8828380248170385e-002
 -8.5995730102627588e-001  5.0649697712943764e-001 -6.2723620513687864e-002  9.8179270466592125e-002
  2.8391831208413143e-001  7.7292656097981116e-001 -5.6742834207961446e-001  9.0334703669233282e-002
  1.1643096870034727e-002  6.2719270864950483e-001 -7.7877708268295387e-001  8.8494849849694704e-002
 -2.0887383537462258e-002  2.7957542254342826e-001  9.5989650500385848e-001  7.9363129171629535e-002
  6.0202471390551526e-001  7.9468157507884152e-001 -7.7765275523166075e-002  7.3382671872695412e-002
  3.7789941848126668e-001 -7.2319713299170529e-002 -9.2301781596015053e-001  7.3382671872695177e-002
  8.3569459233477847e-002 -7.3057707714681208e-001  6.7769704133266295e-001  9.8179270466591861e-002
 -5.2559716985084304e-001  9.5622868092537006e-002  8.4534246441459537e-001  7.3382671872694302e-002
 -3.8409006080455166e-001  6.1536368301656474e-001  6.8833303190784378e-001  9.4099595278685041e-002
  1.2491270169717172e-001  9.3250400765701469e-001 -3.3887031834954190e-001  9.4099595278684486e-002
 -9.3263416674482263e-002  9.7401363122799001e-001  2.0639617557568005e-001  8.9549597778414716e-002
 -1.2219094651246931e-001  5.1834877707753668e-001  8.4639465847358064e-001  9.0334703669232880e-002
 -7.4557191658436717e-001  4.3600274468932401e-002  6.6499739342868647e-001  8.8494849849694371e-002
  8.7592015017544966e-001  1.0622280982350170e-001  4.7061725976616925e-001  9.0334703669232394e-002
 -7.4758190932339994e-003  8.2348111344361041e-001 -5.6729442790367413e-001  7.3382671872694427e-002
  4.4069532437055209e-001 -3.5818037201508940e-001  8.2310051159081776e-001  8.0712271018538340e-002
 -8.4482053214592190e-001 -5.2902727446777087e-001  8.0052553575031077e-002  8.8828380248170816e-002
 -1.1940972634902271e-001 -9.4045892151634725e-001 -3.1824257130930905e-001  8.9549597778414217e-002
 -7.9584972796100606e-001  5.3977170723909007e-001  2.7435326600678661e-001  8.9549597778414411e-002
  6.9530317766758359e-002 -9.9626122792901362e-001 -5.1274756329287616e-002  9.1136417135909864e-002
  7.6968428980289572e-001  5.9595414614455366e-001 -2.2896451629832923e-001  9.8179270466593513e-002
 -4.0605039766650780e-001 -8.7851165293506817e-001 -2.5167508858082299e-001  8.0712271018538270e-002
  8.3809790975900156e-001  4.2234413073034599e-001  3.4527862501930384e-001  9.1136417135910253e-002
  4.0262057450445719e-002  8.8628945725254771e-001  4.6137833140801210e-001  8.8828380248171052e-002
 -9.3691924279280225e-001  2.8324440112309607e-001  2.0482905486522418e-001  8.8828380248170427e-002
  4.8701840891083004e-001  2.9186266918156262e-001  8.2318239274183780e-001  8.8828380248170455e-002
 -8.1131679247368282e-001  2.9914953877768002e-001  5.0226946522690052e-001  9.1136417135909906e-002
  1.9945647603596470e-001 -3.0805791946299826e-001 -9.3022439896158582e-001  9.0334703669232533e-002
 -5.1722239638826817e-001 -5.4845883036649323e-001 -6.5701895259375531e-001  8.6611727921295248e-002
  7.5532907916843828e-001  6.4342396694576198e-001  1.2443303790528508e-001  8.8828380248170885e-002
 -9.9527322615258962e-001  2.8301244639998596e-003  9.7073146128752771e-002  8.8494849849695995e-002
 -8.2911426852640380e-001 -3.6590351495945313e-002 -5.5788052117216780e-001  9.4099595278684445e-002
  9.1264635396272265e-001  4.0814214631050583e-001  2.2284995032586255e-002  8.9549597778413953e-002
  8.5590301947865932e-001 -5.0374338930697082e-001 -1.1692997467219163e-001  8.8828380248171079e-002
