196
   0.00000000000000000E+00   0.00000000000000000E+00   0.10000000000000000E+01   0.63081022076581616E-01
   0.92289010872929182E+00   0.00000000000000000E+00  -0.38506343270899630E+00   0.69873603312221588E-01
   0.66942515081807423E+00   0.22867565406668242E+00  -0.70680790366928816E+00   0.67901527022384087E-01
  -0.35985855763547638E+00   0.81843452512346885E+00  -0.44795842059552413E+00   0.62718637113578568E-01
   0.48645821899697354E+00  -0.44117450005512983E+00  -0.75413756150413213E+00   0.63459697126664496E-01
  -0.79777368478859997E+00   0.59674908034092037E+00   0.86299959276266253E-01   0.65753954714188154E-01
   0.22218461829609896E-01  -0.66190067741491978E+00   0.74926219255451336E+00   0.62202699351456125E-01
  -0.71949608508842120E+00  -0.41179279809974129E+00   0.55924241163883579E+00   0.61314226241450757E-01
  -0.21709971113454589E+00  -0.74305754660678644E+00  -0.63303491045597164E+00   0.62129768880527542E-01
   0.60556087507735014E+00  -0.16898006090755490E-01  -0.79561955981845411E+00   0.62718637113579136E-01
   0.22883114941635356E+00  -0.90174077915701342E+00   0.36674224226572631E+00   0.53592613143003351E-01
   0.94881941776603522E+00  -0.10730077731298639E+00   0.29703241516398662E+00   0.68986576092776568E-01
   0.69866840457692260E+00  -0.47711149995564392E+00  -0.53312951246016497E+00   0.61779639639430863E-01
  -0.99737649879258150E+00  -0.51103400985474616E-01  -0.51269504229799043E-01   0.68986576092777003E-01
   0.98962454299412776E+00   0.11253130400950985E+00   0.89330675143441453E-01   0.68986576092776825E-01
   0.16713214463715678E+00  -0.92776612956373760E+00  -0.33364180652805877E+00   0.65750738341309640E-01
  -0.49844924160861907E+00   0.14170893395003483E+00  -0.85525840047235845E+00   0.67205431926891519E-01
   0.71489564602821200E+00   0.44824751118193697E+00  -0.53665480898721549E+00   0.61314226241450953E-01
   0.29607620000350195E+00  -0.64391347968861980E+00   0.70548870612276974E+00   0.68348872653022443E-01
   0.69420920010327060E+00   0.71613349234028671E+00  -0.72293897671115718E-01   0.65882985391221335E-01
   0.83374163968325607E-01   0.80336901892665153E+00  -0.58961594976002151E+00   0.62711245225355298E-01
  -0.55048033799891697E+00  -0.83484689043424697E+00  -0.14377095904947014E-02   0.71639749651125876E-01
   0.11013456473120522E+00   0.93637147811291363E+00  -0.33328491209189969E+00   0.69951131293881712E-01
   0.16914553057208612E+00  -0.97579962506865509E+00   0.13858167701164334E+00   0.60155845389486408E-01
  -0.79385981128258356E+00  -0.37767465633357377E+00  -0.47660093788587722E+00   0.61105478496014029E-01
   0.58478252815458944E+00  -0.21204395513569096E+00   0.78298579543663491E+00   0.64161753306313515E-01
  -0.76873603285262426E+00   0.50288545366333625E+00  -0.39515962886892857E+00   0.69873603312221517E-01
  -0.34049294881791665E+00  -0.37638266908986639E+00   0.86162673949574468E+00   0.62202699351455930E-01
   0.45800141171013910E+00   0.25160673474745891E+00  -0.85260117165134214E+00   0.62659104926006623E-01
  -0.22997765903957256E+00   0.72274985061533234E+00   0.65172304683676243E+00   0.65750738341309675E-01
  -0.23509333863304475E+00   0.86616371509499483E+00   0.44101195083943593E+00   0.63357086969226044E-01
   0.78868398920678597E+00   0.24382229743101326E+00   0.56438307242894252E+00   0.67118214401887064E-01
  -0.80324710782638391E+00  -0.50063690414639774E+00   0.32273328612843772E+00   0.64161753306313729E-01
  -0.47639297609825064E+00   0.53436684693392111E+00   0.69821329493368358E+00   0.73073070598507259E-01
   0.25433300422761009E+00  -0.80339957534824844E+00  -0.53839004939802945E+00   0.63357086969226203E-01
  -0.47390570108032621E+00  -0.36818779252779028E+00  -0.79990695453726203E+00   0.59435486910263053E-01
  -0.74627831926567411E+00   0.36489535528313092E+00   0.55670463433206505E+00   0.59435486910262795E-01
  -0.81800415732449760E+00   0.22465232952925475E+00  -0.52952859170862307E+00   0.71274680962303165E-01
  -0.23922402533710447E+00   0.86556809107960770E-01   0.96709864258955544E+00   0.69951131293881445E-01
   0.21624865597937201E-01   0.92827545487887519E+00   0.37126411765384563E+00   0.65750738341309276E-01
  -0.44706766079607724E+00   0.74126541578424722E+00   0.50065566014230853E+00   0.62129768880526583E-01
  -0.87775066381908271E+00   0.46195817823279732E+00  -0.12707640901833270E+00   0.67118214401887517E-01
   0.77901888461597987E+00  -0.46778704968752045E+00   0.41749832760900966E+00   0.64956922824763729E-01
  -0.94106746196758113E+00   0.45872874288951255E-01  -0.33509358607762922E+00   0.68986576092776852E-01
  -0.10547343923711567E+00   0.35257322255540590E+00   0.92982120665878049E+00   0.73897091290289695E-01
   0.67298567243795091E+00  -0.38998537755213376E+00   0.62849159898025579E+00   0.55236466668164352E-01
  -0.91065101483614760E-01  -0.99372638474457346E+00   0.64923181948045600E-01   0.73897091290289358E-01
   0.68863930427981792E+00  -0.25994980387829995E+00  -0.67690620329898125E+00   0.71639749651126294E-01
   0.12705998305280743E+00  -0.81005839216033201E+00   0.57241694768519737E+00   0.66332992454865333E-01
  -0.69282679767982466E+00  -0.23557583509712358E+00  -0.68153874015716242E+00   0.67683605085324964E-01
   0.81804356083617211E+00  -0.22496457009883830E+00   0.52933512520398728E+00   0.71274680962303573E-01
   0.42064148726177128E+00  -0.88388272885726486E+00   0.20447997657971264E+00   0.72351296046694724E-01
  -0.85887374731611618E+00  -0.50727725274498514E+00   0.70750795180497290E-01   0.69873603312221188E-01
  -0.79650271821912186E+00   0.50037703143278449E+00   0.33942045649027163E+00   0.63742126416976976E-01
  -0.19146436033793257E+00   0.96138420421798169E+00   0.19769120010901971E+00   0.62152478534751809E-01
   0.61886950937768334E+00  -0.78053170350715532E+00   0.88152085527477570E-01   0.59435486910262964E-01
   0.34845807374055022E+00  -0.22592908749691216E+00   0.90968841823331896E+00   0.67901527022384406E-01
   0.38339818421775646E+00   0.10345279402171563E-02  -0.92358256917855925E+00   0.63081022076581669E-01
   0.45924906180629641E+00   0.66713570011109046E+00   0.58653240052645143E+00   0.65656765588238146E-01
  -0.10201077141498433E+00  -0.10320688616553677E+00  -0.98941504999839864E+00   0.53592613143003262E-01
   0.10262407412141922E+00   0.22014865893319686E+00   0.97005302297381472E+00   0.56165063805021535E-01
  -0.32211151660183725E+00  -0.93616632799229222E+00   0.14084309427832167E+00   0.56165063805021935E-01
  -0.24453406379380973E+00   0.52941512080481523E+00   0.81235627744709884E+00   0.54540308802324624E-01
  -0.24835215088873243E+00   0.93462703900452286E+00  -0.25454568766839926E+00   0.56165063805021961E-01
  -0.45222880536480927E+00   0.40863111870917823E+00  -0.79278604706490831E+00   0.61314226241451086E-01
   0.66238635315160570E+00   0.47608467861048033E+00   0.57843556075925341E+00   0.65753954714188402E-01
  -0.97373449653090666E+00   0.20654414737080397E+00  -0.95815684794135780E-01   0.64160833613667396E-01
   0.25415018596952005E+00   0.19217774805832180E-01   0.96697381562437918E+00   0.62718637113578976E-01
   0.46230081151704878E+00   0.88626518270103815E+00  -0.28495361071120637E-01   0.72351296046695008E-01
  -0.43545910016126017E-01  -0.86691557073707752E+00  -0.49654923918426705E+00   0.63357086969226106E-01
  -0.60289453384006739E+00  -0.50415304189999803E+00  -0.61834285910710304E+00   0.63742126416976967E-01
   0.61714945573503046E+00  -0.71259503747807393E+00   0.33366879064062606E+00   0.65882985391221975E-01
  -0.61646244159550880E+00  -0.64836176304358241E+00   0.44676736936029861E+00   0.67901527022384371E-01
  -0.79120518360226990E-01  -0.45275071571102740E+00   0.88811977401562298E+00   0.68408422643865733E-01
   0.55510704953877656E+00   0.77822375368791716E+00  -0.29363915397685346E+00   0.58825523163663779E-01
   0.92504292015857210E+00   0.17929673062850000E+00   0.33488547034834597E+00   0.64160833613666934E-01
  -0.47712558776413418E+00  -0.72545297012232294E+00  -0.49605358746956920E+00   0.65656765588237853E-01
   0.86119686340074377E+00   0.77312531104344763E-02   0.50821274107804805E+00   0.51493826347348674E-01
  -0.14488613053861694E+00  -0.80353499740723446E+00   0.57735562448052979E+00   0.62711245225355733E-01
   0.51427460777442099E+00   0.46285548118410666E+00  -0.72200168374893314E+00   0.63736963957190706E-01
  -0.96046059894229784E-01  -0.96215999704923955E+00  -0.25499665577611279E+00   0.62152478534751756E-01
  -0.47408955907191465E+00   0.10165238770208562E+00   0.87458897892293521E+00   0.53592613143003111E-01
  -0.70262849409081606E+00  -0.68979816231782473E+00   0.17461871192579567E+00   0.60916399161033965E-01
   0.15029333744293107E+00  -0.86796771854672307E-01  -0.98482396047002893E+00   0.69951131293881756E-01
   0.98366566220230033E+00  -0.17414643926180728E+00   0.45550880304815644E-01   0.64160833613667342E-01
   0.72886684449522123E+00   0.60996538994103399E+00  -0.31095875300377273E+00   0.67205431926891936E-01
   0.26090980138116837E+00  -0.35215380674650837E+00  -0.89884023715963117E+00   0.73897091290289651E-01
   0.84526379419059498E+00  -0.26276340899583794E+00  -0.46527895839314030E+00   0.63906033071596981E-01
  -0.27454938491553266E+00  -0.27377757375853319E+00  -0.92177463370901762E+00   0.72351296046694741E-01
  -0.70061408928080881E+00  -0.60079219812645661E+00  -0.38495276667612543E+00   0.65753954714187576E-01
  -0.89977112434085313E+00   0.29793818333366402E+00  -0.31881775784016959E+00   0.51493826347348665E-01
  -0.42062725042161011E-01   0.13652471135317387E+00  -0.98974326486819812E+00   0.66332992454865475E-01
   0.86048677334313765E+00   0.39412316473010049E+00  -0.32284585164540295E+00   0.55236466668164094E-01
   0.83600142091780380E+00  -0.47204156082494455E+00  -0.27978275335939386E+00   0.65753954714187603E-01
   0.41220648804479091E-01  -0.72325917593046993E+00  -0.68934535796254934E+00   0.65750738341309675E-01
   0.59734687545970004E-01   0.60636755335295768E+00  -0.79293767557389616E+00   0.68408422643865343E-01
   0.23607762737487951E+00   0.65256398854779877E+00   0.72001916273362889E+00   0.69852523606938818E-01
   0.54058759880464188E+00   0.64617105969829129E+00  -0.53872814074170918E+00   0.68348872653022310E-01
   0.34726918107054438E+00   0.90329527762046417E+00  -0.25191617119026332E+00   0.53592613143003289E-01
  -0.90239649605166079E+00   0.23127142486206722E+00   0.36358505463777559E+00   0.67683605085325355E-01
   0.41685378183267856E+00  -0.83982992108862806E+00  -0.34773355923186746E+00   0.62129768880526787E-01
  -0.33271428262783144E+00   0.94272198590194822E+00  -0.24009652903247364E-01   0.63459697126664256E-01
  -0.27168251003189030E+00  -0.88628978204305273E+00   0.37507204106524660E+00   0.63081022076581376E-01
  -0.85107751304410932E+00  -0.11993183947425463E+00  -0.51115889963002256E+00   0.62060263990720656E-01
   0.33260770688667733E+00   0.81129871902684325E+00  -0.48079777643515511E+00   0.66332992454865440E-01
   0.95729778907030791E+00   0.22975499505519607E+00  -0.17548101119006394E+00   0.71274680962303245E-01
   0.60090811660102998E+00   0.26666563208831806E+00   0.75352430356687287E+00   0.63906033071597398E-01
   0.10341102423405919E+00  -0.98979038735393380E+00  -0.98087456734348208E-01   0.54540308802324561E-01
   0.70471967143944871E+00   0.43917990816489602E-02   0.70947226639742710E+00   0.69873603312221881E-01
   0.81459622304812349E+00   0.44532152054238149E+00   0.37164732844129666E+00   0.61105478496014073E-01
   0.60131451096831556E+00   0.78382414075181428E+00   0.15505023467771861E+00   0.59435486910263124E-01
  -0.60839291386328806E+00   0.27139511991476035E+00   0.74579001820042520E+00   0.72351296046695168E-01
  -0.49985250341139364E+00  -0.82075429383854654E+00   0.27660416478959870E+00   0.62718637113578736E-01
  -0.71949601245476815E+00   0.67304635230934088E+00  -0.17127199334619409E+00   0.63906033071597283E-01
  -0.85698604221983689E+00  -0.46663903918934366E+00  -0.21868454573843592E+00   0.67118214401887534E-01
  -0.21203876837032198E-01  -0.93613151536620229E+00   0.35101022997237270E+00   0.69951131293881614E-01
   0.46783959336915197E+00  -0.21860936994542736E+00  -0.85635042958373635E+00   0.56165063805021464E-01
  -0.93497408582996595E+00  -0.21169443873749740E+00  -0.28462066585902601E+00   0.64160833613667538E-01
   0.24731359009794391E+00   0.84162205191116719E+00   0.48011280954553043E+00   0.62129768880526921E-01
   0.56280648169339242E+00  -0.81191504032295025E+00  -0.15505751017376462E+00   0.58891905359276162E-01
   0.20055612604009516E+00  -0.46092664480173031E+00   0.86447895776566419E+00   0.63736963957190653E-01
   0.91044100967003913E+00  -0.35047526922373828E+00   0.21969126876948954E+00   0.62060263990720834E-01
  -0.63460962115809937E+00   0.72245316161227854E+00   0.27446686140588352E+00   0.65656765588237746E-01
  -0.93254393330161686E+00  -0.33046375039638755E-01   0.35954102625303985E+00   0.64956922824763907E-01
   0.88359817604405179E-01  -0.52983652765512383E+00  -0.84348431911641217E+00   0.54540308802324446E-01
   0.79954747908380108E+00   0.58372283009475687E+00   0.14139125261806794E+00   0.67683605085325311E-01
  -0.95733719258198117E+00  -0.22944275448561284E+00   0.17567447769469907E+00   0.71274680962303440E-01
   0.15785268004694730E+00   0.44291305191761951E+00   0.88255909708246509E+00   0.63459697126664105E-01
   0.29120535276807380E+00   0.93309345120746787E+00   0.21103566957497603E+00   0.73073070598507277E-01
   0.37513176365889440E+00   0.26282019016878672E+00   0.88893290384247229E+00   0.71639749651126249E-01
   0.45612745192418815E+00   0.81466444203363490E+00   0.35814744796965074E+00   0.58891905359276162E-01
  -0.78752104363992341E+00  -0.14517888306596946E+00   0.59894381851389324E+00   0.67205431926891820E-01
   0.13923971464114437E-01   0.37550148408329246E+00  -0.92671719443955034E+00   0.62202699351456223E-01
  -0.59987037270104215E+00   0.79941302068025041E+00   0.33081087079935227E-01   0.61779639639430445E-01
   0.92326482662989768E+00   0.35542317977699293E+00   0.14579582705028402E+00   0.62060263990720541E-01
  -0.62071692183364302E+00   0.49679460484716706E+00  -0.60655224304598380E+00   0.64161753306313737E-01
   0.49747497532361268E+00  -0.65058463472102401E+00  -0.57381031882642421E+00   0.69852523606939342E-01
   0.40413798551307440E+00  -0.77563541125145185E+00   0.48483213329793359E+00   0.58825523163663744E-01
  -0.83156219887049207E-02   0.62170859191897802E+00   0.78320449255929496E+00   0.62152478534751880E-01
  -0.20946323066609076E+00   0.53150815654095620E+00  -0.82074614499817073E+00   0.63736963957190830E-01
  -0.51329072993979405E+00   0.83197650414376020E+00  -0.21058899095299636E+00   0.71639749651126365E-01
  -0.41760496489732474E+00  -0.13776503821968555E+00   0.89812409361815515E+00   0.66332992454865458E-01
   0.89713576634625553E+00  -0.44070273348995225E+00  -0.30471584087487544E-01   0.61105478496013523E-01
   0.97415901635938304E-01  -0.25010804551837777E+00   0.96330478441427569E+00   0.62659104926006961E-01
  -0.50536750314842775E+00  -0.53343699292333282E+00   0.67826887098143906E+00   0.63736963957190795E-01
  -0.15772093672670079E+00   0.72797607569410240E+00  -0.66721431289733779E+00   0.62659104926006694E-01
  -0.53718892598155703E+00  -0.80248116148683710E+00  -0.25971531195044739E+00   0.61779639639430641E-01
  -0.95168805974956303E+00  -0.30293399795917941E+00  -0.50207866022964600E-01   0.51493826347348656E-01
  -0.79945677207342313E+00   0.11786734726554612E+00   0.58904682159784709E+00   0.65882985391221700E-01
   0.22196783236875177E+00   0.19272561870907134E+00  -0.95581751254448317E+00   0.62711245225355565E-01
  -0.87590169129773549E+00  -0.27197256043648705E+00   0.39853124538910096E+00   0.55236466668163677E-01
   0.24306244421560925E-01   0.80415143099033130E+00   0.59392733774286030E+00   0.63357086969225857E-01
   0.55710344075332143E+00  -0.60649544082509923E+00   0.56727333496223764E+00   0.67205431926891794E-01
  -0.30475127032478699E+00  -0.87659294070608151E+00  -0.37243990057416356E+00   0.69852523606939058E-01
   0.79567581464768357E+00  -0.57941841985970068E+00   0.17656243290131863E+00   0.67683605085325764E-01
  -0.40142078296311671E+00   0.64561519647381171E+00  -0.64964788392433003E+00   0.67901527022384531E-01
   0.94605271683213416E+00  -0.23914143647446763E+00  -0.21862211767217392E+00   0.67118214401887543E-01
  -0.58460826141743460E+00  -0.29734334907437522E+00   0.75486430134410165E+00   0.68348872653022256E-01
  -0.48412131953536485E-02  -0.32617757096508532E+00  -0.94529612019415054E+00   0.60155845389486239E-01
  -0.72667589833685539E+00  -0.67694857540182127E+00  -0.11697335182753800E+00   0.63906033071596937E-01
   0.74915451626017270E+00  -0.65483757285446797E+00  -0.99776068999815166E-01   0.63742126416977464E-01
   0.99026232068967310E+00  -0.27354384849185393E-02  -0.13918711721491516E+00   0.51493826347348683E-01
  -0.31159661641608717E+00  -0.94446053776443736E+00  -0.10441188267508552E+00   0.63459697126664087E-01
  -0.42880133237370454E+00   0.87461358687930683E+00   0.22623105666695892E+00   0.69852523606938969E-01
   0.30435051552419167E+00   0.66278186242149352E+00  -0.68417173761070779E+00   0.62202699351456187E-01
  -0.51190188376487855E+00  -0.12140580212775906E+00  -0.85042171456735768E+00   0.65882985391221646E-01
  -0.64998683548342022E+00  -0.26379130023864618E-01   0.75948749508957247E+00   0.58825523163663664E-01
   0.87711745682966668E+00   0.47225582233319283E+00  -0.87403690980745594E-01   0.64956922824763809E-01
   0.35470191924402367E+00  -0.93135059183256334E+00  -0.82295951162496674E-01   0.73073070598507499E-01
  -0.25205553739070944E+00   0.29508576906470329E+00  -0.92162486672516230E+00   0.68348872653022461E-01
  -0.58555741241933958E+00   0.68632223476434299E+00  -0.43137490287318005E+00   0.60916399161034728E-01
   0.26508033322145014E+00   0.45325249332018318E+00  -0.85105498896266524E+00   0.68408422643865280E-01
  -0.16045586579846080E+00  -0.19255964022848829E+00   0.96807783782397454E+00   0.62711245225355494E-01
   0.43839089410567799E+00   0.48017964076223060E+00   0.75976373733067790E+00   0.61779639639430472E-01
  -0.30925819956843096E+00   0.23790787587399200E-01  -0.95068047441065282E+00   0.58825523163663753E-01
  -0.16951429591384494E+00  -0.53610970630882492E+00  -0.82695301334616271E+00   0.73073070598507676E-01
  -0.98262832325582731E+00   0.11498392892100004E+00   0.14567180381024900E+00   0.62060263990720319E-01
   0.29582604222086800E+00  -0.62093279908771989E+00  -0.72589903689220207E+00   0.62152478534751667E-01
  -0.11171567418586614E+00   0.88525525410283663E+00  -0.45148947188668726E+00   0.63081022076581465E-01
  -0.63264440939618635E+00   0.58408792802638567E+00   0.50852958969325889E+00   0.58891905359276357E-01
  -0.36858899657535495E+00   0.32516993973042858E+00   0.87086546716429307E+00   0.60155845389486568E-01
   0.65248614711593724E+00  -0.66413589160104615E+00  -0.36494567446276575E+00   0.65656765588237968E-01
  -0.39769637661937768E+00  -0.72947476492318319E+00   0.55651070013440415E+00   0.62659104926006587E-01
   0.45682924442501757E+00  -0.44508583179137408E+00   0.77019844441328775E+00   0.61314226241450686E-01
  -0.38628952422139422E+00  -0.58683732973707058E+00  -0.71161952748914467E+00   0.58891905359275789E-01
  -0.65757075448335298E+00   0.26783477325851978E+00  -0.70417699272395370E+00   0.55236466668164023E-01
   0.20428467919862209E+00   0.97680725630331206E+00  -0.64151023981785986E-01   0.60155845389486204E-01
  -0.64371260660436968E-01   0.99330696893567580E+00  -0.95904151447195395E-01   0.73897091290289287E-01
   0.65024273579901707E+00   0.65861358332168151E+00   0.37869847161664678E+00   0.63742126416976896E-01
  -0.24569450240719472E+00  -0.60686933096211328E+00   0.75587289052093806E+00   0.68408422643865636E-01
   0.49668097337480174E+00   0.17950779774580092E-01   0.86774753251907537E+00   0.60916399161034471E-01
  -0.72359240814403023E+00   0.28577602393965895E-01  -0.68963566288130397E+00   0.64956922824764129E-01
   0.79150493313535443E+00  -0.14474852221098872E-01  -0.61099134157169157E+00   0.60916399161034213E-01
   0.83918150150543588E+00   0.21588625443492088E+00  -0.49916683851908931E+00   0.64161753306313853E-01
  -0.91787217811179591E+00   0.37305586928114364E+00   0.13542519353206778E+00   0.61105478496013709E-01
   0.52763221955346120E-01   0.99021179420424196E+00   0.12921549840366204E+00   0.54540308802325005E-01
