484
   0.0000000000000000E+00   0.0000000000000000E+00   1.0000000000000000E+00   2.3308842918737653E-02
   5.2223890721535966E-01   0.0000000000000000E+00  -8.5279922830083912E-01   2.7076682650789308E-02
   9.8577964929576929E-02   6.9937093144723814E-01  -7.0792844629733986E-01   2.6604352378755118E-02
  -6.8657914685296397E-01  -2.7714605819494991E-01  -6.7216005350932413E-01   2.4018684788383382E-02
  -5.5271951939109201E-01   5.6401631728470081E-01  -6.1350364849826597E-01   2.3104852592271401E-02
   4.4085155166287224E-01   4.3628890089635144E-01  -7.8441182063447474E-01   2.4513267166882899E-02
  -3.1357803807420366E-01  -8.4984109300964015E-01  -4.2360232609100885E-01   2.6008020505052309E-02
   2.9015802747154048E-01  -8.7574500958998698E-01  -3.8584841229692586E-01   2.5350649057629804E-02
   6.9049108680238973E-02   1.4780377244460241E-01   9.8660339825160186E-01   2.3926868952800509E-02
  -1.3688986359359399E-01   3.6364038022073157E-01  -9.2142652399323133E-01   3.1069928924326469E-02
   9.9912028548000382E-01  -2.3448955203629427E-02   3.4767824812804098E-02   2.5755844978042779E-02
  -7.3383808696306367E-01   6.7760023278184924E-01  -4.8369273887198192E-02   2.6770546596697335E-02
   9.0417227190721423E-01   4.0239115418871743E-01   1.4336618061739125E-01   2.6356812429356702E-02
   1.9699838799084866E-01  -2.8068972387432535E-01   9.3936410088972533E-01   2.7242979053554492E-02
  -5.1434266464226344E-01   8.5609414369427554E-01   5.0541472683936792E-02   2.5347985045024970E-02
   8.9695112573930533E-01  -1.8191424640468018E-01  -4.0297132030705356E-01   3.0316054737875557E-02
   9.5405340804173449E-02  -8.0001900185595289E-01  -5.9234062634217830E-01   2.7086515065663841E-02
   6.2876346648940924E-01   7.5623835446430903E-01  -1.8099738795169282E-01   2.1052356472211757E-02
   8.4987349627650719E-01  -5.0390489454136169E-01   1.5425594829375246E-01   2.9008724445712275E-02
   5.7328704902764240E-01   3.2737673779144218E-01  -7.5111013238420030E-01   2.7840775411218739E-02
  -7.8097083677099377E-01  -5.9997908854568083E-01  -1.7352131114392781E-01   2.4975151021980508E-02
   7.1520834776329405E-01   2.3334466835799899E-02   6.9852166891742744E-01   2.4391272706735485E-02
  -1.5990048374917533E-01  -5.2773386885676548E-01  -8.3422347063496716E-01   2.1271004388805577E-02
  -6.1277811539338254E-01   2.7028290317455630E-01   7.4259688495607623E-01   2.5580285300278991E-02
   7.0840069795249905E-01  -2.9976781275136481E-01   6.3898960052466798E-01   2.2752575084457729E-02
   2.1111735241651339E-01   1.9723538465720868E-01   9.5735451455966132E-01   2.4279208612555703E-02
  -2.9133815439097441E-01   7.5740659717275065E-01   5.8434350031060980E-01   2.6464297389923996E-02
   4.7396304060381267E-01  -8.2707078379073504E-01  -3.0218033480252791E-01   2.8236555332623352E-02
  -9.7756910842696989E-01   1.5443600341925048E-01  -1.4320670060157163E-01   2.8404295022775674E-02
  -5.7665209923468694E-01   7.4148300870083297E-01   3.4303834225373295E-01   2.6499434511382232E-02
  -8.0987816683084564E-01  -2.7249634123584054E-01  -5.1946424218014222E-01   2.6318168557820538E-02
  -1.1841876710654768E-01   5.8575519849243811E-01   8.0179039844341471E-01   2.6465480095759948E-02
   4.8047443580391516E-01   7.4338437555616146E-02   8.7385245507505402E-01   2.4430499449626391E-02
   6.6877770268187806E-02   7.8448897346174418E-01   6.1652608570999998E-01   2.6202643718245966E-02
   5.8451301978757639E-01  -5.9321057608460759E-01   5.5357541683150657E-01   2.7534907469372376E-02
  -3.5988745920590355E-01  -4.4981251772778545E-01   8.1740425470002904E-01   2.3746204709668426E-02
   6.7280925641020168E-01  -2.4791195442840848E-01  -6.9704186914434203E-01   2.5850074661619264E-02
   8.0736044600292995E-01   3.9864975279066899E-01   4.3502584386434835E-01   2.5904111516745756E-02
  -5.3391583976585899E-01   8.2059265114122262E-01   2.0386656650892299E-01   2.5673786180693154E-02
   2.4813412844751928E-01   9.4817356487355688E-01  -1.9848512582700160E-01   2.2748982039468242E-02
   5.9488623823916607E-01  -4.0851794729279343E-01  -6.9225966970013255E-01   2.4930364169147552E-02
   3.8283003584484693E-01  -8.1432958456605249E-01   4.3624361468738266E-01   2.4951574814596009E-02
   9.2304709534642750E-01   2.5948271378170666E-01  -2.8399433272691210E-01   2.2908705749606169E-02
  -9.2795955980508626E-01   3.0960568835874214E-01  -2.0744968812283124E-01   2.6870940484179480E-02
  -9.5680272570557268E-01   2.8673200679691515E-01  -4.8096781187524247E-02   2.4564763919344057E-02
  -3.6016173270177001E-01   9.3277658104545349E-01  -1.4538780912210623E-02   2.6736193990239143E-02
   2.3778087377060784E-01  -9.7004246550507176E-01   4.9778219993569692E-02   2.5496605255460345E-02
  -2.6269949700263693E-01  -7.7377737589030531E-01   5.7641785783828272E-01   2.5363770444758083E-02
   6.7483163270380420E-01   7.3726073093159208E-01  -3.2386449767342458E-02   2.6625372709797595E-02
  -1.0549634814237574E-01  -2.4590461139469260E-01  -9.6353590624503855E-01   2.2112949274803730E-02
  -1.9045327109834314E-02  -9.6502817422701579E-01   2.6145343459849935E-01   2.7322484312454649E-02
  -1.4911072714905814E-01  -9.0449298310617152E-01  -3.9957281509229121E-01   2.5288695432658366E-02
   5.3387126541767538E-01  -2.9330189235607790E-01  -7.9306712950523526E-01   2.7616039432858335E-02
   1.0822820638493029E-01  -4.2007895466151286E-01   9.0101072534858968E-01   2.7565330167202569E-02
  -6.1374254619291460E-01   7.0797198324565684E-01  -3.4942203412470936E-01   2.7290250707727659E-02
  -7.5949447372538419E-01   6.4170790118535450E-01   1.0667292972862967E-01   2.0193398064683428E-02
   7.1442985871772802E-01   6.9015456451583148E-01   1.1522436396235920E-01   2.5144120626106234E-02
  -7.9343084590782276E-01   8.3133941411065688E-02   6.0295625093986587E-01   2.4022545680268399E-02
  -1.9393280347692624E-01  -6.8946425134047455E-01   6.9787471215046821E-01   2.3267799222016130E-02
  -7.5944149025597341E-01  -5.1093558071677450E-01   4.0273248594494895E-01   2.4432291834344064E-02
  -5.5053235213114151E-01   5.4354793515713204E-01   6.3361642295900999E-01   2.6983993340039540E-02
  -2.4668925159854203E-01   9.6517336453557228E-01   8.7090697188818034E-02   2.4311709179340339E-02
   7.7149390139436269E-01  -3.7935355161744733E-01   5.1077200685485309E-01   2.6722586219818649E-02
  -8.7978032121548608E-02   9.9329448015638953E-01   7.5006276769797147E-02   2.4983375947962112E-02
  -1.7645570574138489E-01   8.5260226957551115E-01   4.9186660165739795E-01   2.5832865787802595E-02
  -7.9433075405019498E-01   4.8198520975812720E-01   3.6976872602271680E-01   2.6534951560942548E-02
  -4.7688372762296414E-01   2.7568830346353206E-01   8.3461240684633111E-01   2.6421420458579088E-02
   3.3412473291292204E-01   5.5650487828397344E-02   9.4088452323349951E-01   2.7000346480072106E-02
  -6.3473155846449298E-02   9.3012258057079720E-01  -3.6172246764503497E-01   2.6596686157800442E-02
   2.2319646262745909E-02   3.2510175636608851E-01  -9.4541561304983226E-01   2.2251700014076068E-02
  -5.5457419728917206E-02  -9.9232436930383550E-01   1.1052972759740192E-01   2.1508817790505175E-02
  -7.6684167833525336E-01   3.8637092762636339E-01   5.1251472823043374E-01   2.5734646953287044E-02
  -8.5318618100591319E-01  -5.2009477215876920E-01  -3.9683353105085182E-02   2.7018133091137111E-02
   5.2637376210967988E-01   8.4527181960556135E-01  -9.1903283636687192E-02   3.0235966673604531E-02
   7.4081287931944413E-01  -4.9751100937660873E-01  -4.5130818005383260E-01   2.5609891283225670E-02
   6.3139178868160206E-01  -6.6337394332398905E-01   4.0159609124620239E-01   2.5912724053769720E-02
  -4.5261284003753106E-01  -8.3409895574809543E-01   3.1531024254390645E-01   2.9643198851514843E-02
   6.4266784684034679E-01   6.1506728763349683E-01  -4.5680441145064030E-01   2.2524006392416087E-02
  -6.4597994007923800E-01   7.5837506751738735E-01   8.7046964238980493E-02   2.6986874259524933E-02
  -3.1090626364516183E-01  -5.4718927554623340E-01  -7.7712366580448027E-01   2.8827687403799871E-02
   5.3317722455114636E-01  -7.7756285264077789E-01   3.3334375262343268E-01   2.6592572343497634E-02
   4.3693904038796303E-01  -9.6479681014414691E-02   8.9430193231156725E-01   2.9272417164008049E-02
  -8.1125223415861782E-01  -5.7451244274194790E-01   1.0865203959121574E-01   2.3815885943052355E-02
   6.9498169812344193E-01   3.5729907813534147E-01  -6.2396939671516929E-01   2.4893305695253400E-02
   2.1636399301960942E-01  -5.3739580515692555E-01   8.1510267520377475E-01   2.7772012163485922E-02
   9.4676592438604992E-01   3.2191927083723337E-01   1.5058170712880399E-03   2.6261853087729681E-02
   7.4275932383604291E-01  -5.9860833044248727E-01  -2.9996108677540562E-01   2.6306868584295682E-02
  -3.1000854680894414E-01  -9.5063510422960391E-01   1.3696697111972052E-02   2.7179461993607443E-02
  -6.3223643599960688E-02   8.5907710712991339E-01  -5.0792646603149603E-01   2.4770134124093932E-02
   5.9908160352903703E-01  -7.9171668922373639E-01  -1.1952370609081451E-01   2.3888177124119805E-02
   4.6749236449836076E-02  -2.7973653931071829E-01  -9.5893794244769577E-01   2.5117027163541228E-02
   8.2461101344804497E-02   9.9495157624943786E-01   5.7197269897792538E-02   2.4516088387802668E-02
   2.1766404452405848E-01   5.3981478190549970E-01   8.1315580607762161E-01   2.8440388713684710E-02
   8.1865769354470999E-01  -5.5239925694650260E-01  -1.5701796624911197E-01   2.5311222045978305E-02
  -2.7020058742267721E-01   1.3860556558633250E-02  -9.6270427833697987E-01   2.5836300642433314E-02
   1.5105857079577101E-01   9.8473086948550996E-01  -8.6524117282122628E-02   2.6115876700957319E-02
  -5.8817615844193272E-01  -7.4276045165668672E-02   8.0531476812178084E-01   2.7549419705134257E-02
   1.0709992496549710E-01  -9.8346283918595372E-01   1.4604947796102364E-01   2.5317981707237402E-02
  -1.9492336732761055E-01   9.7674830269889270E-01  -8.9261604536876042E-02   3.0154555171768420E-02
  -8.7360996466331127E-01  -4.4341601423041430E-01  -2.0046911972915162E-01   2.6501329628629984E-02
   1.7818066602629719E-01   1.7012486832184939E-02   9.8385071303842118E-01   2.6387635034412678E-02
  -8.0327129764892913E-01   5.7251411116550504E-01  -1.6426446630290239E-01   2.6368731379185872E-02
   5.6871941499505816E-01   6.2460847802981032E-01   5.3518452535640701E-01   3.0191110580495795E-02
   8.0516308996191110E-01  -2.1097957323574121E-01   5.5425627487675024E-01   2.4868922299337344E-02
  -7.0016811154376430E-02  -1.5682456980440778E-01   9.8514146215730598E-01   2.7508547022281786E-02
  -5.7984252252491908E-01  -7.5315929249287485E-01  -3.1069877567118103E-01   2.4723199182899238E-02
  -1.7994164984520715E-01  -8.1840980322808914E-01  -5.4573473101053889E-01   2.4983955218627099E-02
   5.1514785467014335E-01  -4.9836198585480949E-01   6.9732203384347438E-01   2.5819196656425709E-02
  -3.8971612598342018E-01  -9.0694417742154556E-01   1.5991747931239715E-01   2.4092629394354401E-02
   8.7136256276166826E-01   1.0304227975365003E-01  -4.7969737627027751E-01   2.7176507057480253E-02
   9.2345887649921803E-01  -3.7071891763615490E-01   9.8950429617458546E-02   2.1342615970517316E-02
  -6.9043948303005802E-01   6.8412039651673187E-01   2.3510126189150045E-01   2.6422385355887190E-02
  -1.1351167628111485E-01  -9.6934448326664899E-01  -2.1791368040663430E-01   2.8869910592592376E-02
  -4.0165056471497609E-01   1.3966017410022900E-01   9.0508113428268651E-01   2.5742329437786071E-02
   9.5729659612738480E-01   2.4118678004042033E-01   1.5941193235343631E-01   2.5429984783704556E-02
   8.9659859610322066E-01   3.1851399059036516E-01   3.0766832021502397E-01   2.6840400027541484E-02
   9.5170954025723660E-01   1.0113969682404742E-01  -2.8986154058394682E-01   3.0423704951211779E-02
   9.3553461733044720E-01   1.5613496612601663E-01   3.1685462302008673E-01   2.6786343247991566E-02
  -1.5046624269773423E-01   9.6440687954143129E-01   2.1743799231409806E-01   2.3740832891512182E-02
   7.5567942443417726E-01   5.4778105995122992E-01  -3.5900489947288694E-01   2.9837367258223054E-02
   5.3753823807819812E-01   2.3463093785589999E-01   8.0993886535012454E-01   2.9678997830293440E-02
   2.6521796917295175E-01   6.4273215703011841E-01  -7.1871747101847081E-01   2.4708519824877957E-02
   6.3083828903315675E-01  -5.1974603565338438E-01  -5.7611380083479187E-01   2.5844615729440172E-02
  -3.3530027449933981E-01  -7.5886773332700681E-01  -5.5829516318502908E-01   2.7432094304025156E-02
  -8.9922921422122606E-01  -2.6843552969304389E-01   3.4544056896880400E-01   2.5643700044544908E-02
   2.5728602444963888E-01  -9.4340209794501746E-01   2.0927585435458025E-01   2.6375663309646038E-02
   3.7152539790696011E-01  -6.9036263238171731E-01  -6.2078040764916276E-01   2.5978828849294722E-02
   5.2281546018405178E-01   4.0612182596864441E-01   7.4948586181757451E-01   2.7599006207640659E-02
  -1.3882275844695682E-01  -9.9006222660399708E-01  -2.2472854494114740E-02   2.8377482460436298E-02
   3.4446282383697784E-01  -9.3680698699902454E-01  -6.1139448018973885E-02   2.5562199117252127E-02
   5.3714972336456217E-01  -8.2645330796559140E-01   1.6865676518333159E-01   2.6003931341030522E-02
  -7.2753179444975604E-01   2.8763257129306989E-02  -6.8547076021084319E-01   2.4838293147496744E-02
   6.2639769875717990E-01  -7.3074122208917913E-01  -2.7137278664472317E-01   2.7798895231719194E-02
  -6.9051581337244459E-01   6.9452174337405195E-01  -2.0205805963449879E-01   2.3006000247151897E-02
   6.4493709613815389E-01  -6.2620982982240925E-01  -4.3808377173626836E-01   2.5593887374166977E-02
  -3.4348233072467753E-01   1.5087815076934730E-01  -9.2696044796979624E-01   2.3155305210969379E-02
   9.1658760932276202E-02   9.6352304591031803E-01  -2.5143987659888554E-01   2.9614393579359417E-02
   2.4710378957994799E-01   8.9651619862134950E-01   3.6769338148075730E-01   2.7305919614313856E-02
  -2.9387322561146426E-01   5.8624834769851795E-01  -7.5495125808854109E-01   2.4685146471427393E-02
  -5.1987916482719951E-02  -7.5330466400878606E-01   6.5561371227453416E-01   2.6795721087925140E-02
   9.1837910891887926E-01  -2.1064679832413740E-02  -3.9514059721183168E-01   2.1877153354558940E-02
   1.5820666310708216E-01   6.7800031319178427E-01   7.1783440086162269E-01   2.3933803862930620E-02
  -5.5003102474149310E-01  -8.2087543385903032E-01   1.5371855421051769E-01   2.6006582607610431E-02
   7.8913145994241694E-01  -6.1420139650800119E-01  -5.3088093552660283E-03   2.6057668041075766E-02
   8.6151789664105163E-01   2.3090245402561709E-01   4.5218466414964382E-01   2.6511195888788084E-02
   5.4562775131200434E-01  -2.1223602084996940E-01   8.1070723966915264E-01   2.5225299632068081E-02
  -1.6265747098079178E-01  -9.2615479165227637E-01   3.4026438108280095E-01   2.5845589325818659E-02
  -6.0233340866873739E-01  -6.5570290937756690E-01  -4.5524516409874574E-01   2.7442854373306251E-02
  -4.1487714171094714E-01  -1.6145915888901281E-01   8.9543726597490192E-01   2.3604432314392048E-02
   4.1826405205763768E-01   3.4103552220957578E-01   8.4187288550443746E-01   1.9197265487274301E-02
  -5.7017767958243386E-01   6.5510580928777138E-01   4.9571543484483680E-01   2.3609574649726417E-02
   6.5285687134702508E-01  -7.1955035270394374E-01   2.3669642046005706E-01   2.6229886207420607E-02
  -6.7563930298164347E-01   5.3250731140507330E-01   5.0985046392704128E-01   2.5757389025145381E-02
   4.3853970490090353E-01   2.6995569007723317E-01  -8.5720875673336021E-01   2.6594395209039643E-02
  -4.2662610344756677E-01   8.4361453974367997E-01   3.2604397892033674E-01   2.5309446071881281E-02
   2.6428486059439309E-01  -6.6070550067169895E-01   7.0258220433111003E-01   2.5786681353848904E-02
   1.8682724818707479E-01  -8.4924729829920338E-01   4.9383661839352202E-01   2.8194207506093360E-02
   4.0502246250710687E-02  -9.9898657088095852E-01  -1.9631588019066371E-02   2.8984420467707430E-02
   4.6014758558188937E-02   5.6892499728484314E-01   8.2110108358184064E-01   2.5965107408224974E-02
   6.3662357625236288E-01   6.6469390886471196E-01   3.9101461568309936E-01   2.2755950089900208E-02
   9.1153314722425431E-01   3.7735476054791750E-01  -1.6343410355023746E-01   2.6805454967055402E-02
  -8.9573153452849361E-01  -4.3470324596183119E-01   9.3263637080471025E-02   2.7268606714008961E-02
  -4.3855761945093805E-01  -4.1221117552139921E-01  -7.9859198668455997E-01   2.3882427062914577E-02
   3.1060032066409509E-01  -1.8383569226666548E-01  -9.3259416631898198E-01   2.2153116100621872E-02
  -4.3585445725450871E-01   5.2679890324058585E-01  -7.2973543674121624E-01   2.8528313480752265E-02
  -9.9990574996162316E-02   3.3543951174326478E-02  -9.9442279149844062E-01   2.6007348277322242E-02
   8.2499151302976834E-01   5.5191856731832836E-01   1.2155204020557500E-01   2.6109557354339206E-02
  -4.8931508334834124E-01  -6.4557075676349260E-01   5.8635240872671215E-01   2.5719562274894869E-02
  -7.3864898498511806E-02  -6.2468251887187272E-01   7.7737746776305325E-01   2.6979837117961578E-02
  -8.4819781954780264E-01   4.5523829333410166E-01  -2.7077399283647501E-01   2.5541405063013185E-02
   2.7723534884975685E-01  -1.1072673990859674E-01   9.5440041409115466E-01   2.3691136600382050E-02
  -4.8974495693617568E-01  -6.6050076842963312E-01  -5.6911212608715998E-01   2.6583059941578799E-02
   7.9364676932430491E-01  -2.1603685407692264E-01  -5.6872918267101440E-01   2.5345443299533703E-02
  -6.7566319818812817E-01   3.0991818319537345E-01  -6.6890205735897466E-01   2.4130612644168461E-02
   1.7666901253386015E-01  -9.4174857459999988E-01  -2.8617771095803226E-01   2.8573383649296243E-02
   4.8734182319322867E-01  -7.1540196088269461E-01   5.0069749523229632E-01   2.5712814022476560E-02
  -7.3765403204493580E-01   5.9037649989624956E-01  -3.2760054544842010E-01   2.7442560940066669E-02
  -5.2326566177634035E-01   8.1542185380690864E-01  -2.4754847513138332E-01   3.0504900585884140E-02
  -4.6550362583047251E-01  -7.7058269728505033E-01  -4.3532594797872974E-01   2.4761681389417727E-02
  -1.3102595879703358E-01  -3.0957642640357026E-01   9.4180392563235422E-01   2.6069200829610817E-02
   8.5229714670500272E-01   4.0375502017231559E-01  -3.3252286749058939E-01   2.5469715885032591E-02
  -1.2374675825899106E-01  -8.4551916081181986E-01   5.1940743980084356E-01   2.8884884092304910E-02
  -8.5466762806481160E-01   1.8270228358215125E-01   4.8596617280623136E-01   3.0725270259195754E-02
  -8.9639245013300020E-01  -2.2868486235569732E-01  -3.7971543170368092E-01   2.6222579389322198E-02
   2.6208871183240312E-01   9.6389544277265475E-01   4.7064663306341057E-02   2.9880042701743861E-02
   2.4594012402059011E-01   8.3392860967646847E-01  -4.9404101991616969E-01   2.6484291227729151E-02
   8.9612230367837924E-01  -3.6525310702670484E-01   2.5210113973858466E-01   2.7428411612871875E-02
  -2.0853269092318580E-01  -9.6451389138743089E-01   1.6194773890675425E-01   2.9983370514193481E-02
   9.6222104594101321E-02   9.0134110473074855E-01  -4.2228606359935164E-01   2.7135778674478548E-02
   7.7708842292177405E-01   4.0598490914393794E-01  -4.8094681255658465E-01   2.7470167850220757E-02
  -8.3575268560677713E-01   2.3471634899346361E-02  -5.4860416591219163E-01   2.5824342596990393E-02
  -7.4528575164966000E-01  -6.6622320880007821E-01  -2.6377726288077903E-02   2.5586490203100936E-02
   1.5611395058826862E-01  -7.6324996109490453E-01   6.2695927405243026E-01   2.4550467742476769E-02
  -2.6740209717610748E-01   5.4079754679414886E-01   7.9751748056531646E-01   2.3171114416052836E-02
   3.9678698195158750E-01   8.2431900041566948E-01  -4.0380475047659097E-01   2.4520071898820248E-02
  -9.2267851498775517E-01   2.3597543767874454E-01   3.0492613989672295E-01   2.6574283369355527E-02
   7.1480080806107669E-01  -5.3134023800637973E-01   4.5468379811749990E-01   2.5842271571687219E-02
   9.7247820496072528E-01  -2.1330034740812436E-01   9.3750214250096722E-02   2.9943988976930491E-02
   9.5290556377005391E-01  -3.0008302718757434E-01  -4.3831077217168088E-02   2.5669350387144592E-02
  -2.3665212530921749E-01  -5.6083336814502420E-01   7.9338622672802819E-01   2.9429973326817507E-02
   9.9240212437107402E-01   4.4274173828241388E-02  -1.1479469097308512E-01   2.5395858447637796E-02
  -3.4589347639392547E-01  -6.6209700536729681E-01   6.6481971877478401E-01   2.5389077168909817E-02
  -3.7160452314991765E-01   4.2011812243396447E-01   8.2789542913165235E-01   2.5564309876296161E-02
  -2.7992947531250190E-01  -8.5388703114508218E-01   4.3876693915278606E-01   2.3657099455538346E-02
  -6.6008619495826180E-01   4.0948471307413756E-01   6.2976859637815767E-01   2.4771435589538719E-02
   8.9424038307197957E-01  -3.1366855824847284E-01  -3.1929010766010886E-01   2.0920016233683230E-02
  -8.6045369619505490E-01  -1.8881013828250339E-01   4.7325486620425767E-01   2.4445352490527168E-02
   2.7058010266439498E-01  -8.9049498118473256E-01   3.6579378962323594E-01   2.2105639282959553E-02
  -9.6529174075895234E-01  -1.7362365619069822E-01   1.9510684568596234E-01   2.4320492736641768E-02
  -5.0308779185440748E-01  -4.0174209305666064E-01   7.6518361479680808E-01   2.2622909048452451E-02
   4.0093714585120432E-01  -7.8766557263221513E-01  -4.6779520173539062E-01   2.7390859990186045E-02
   5.4960987368380714E-03  -5.3142791396980202E-01  -8.4708568937999402E-01   2.6916435780934060E-02
   7.5581689979227171E-01  -6.3860978967257243E-01   1.4463177563299086E-01   2.1165937691539698E-02
  -7.2892945049607869E-01  -5.1212590568784355E-01  -4.5430046546629335E-01   2.6218147223398507E-02
   8.8649985518045220E-01  -1.2131900990195046E-01   4.4654194047306186E-01   2.6794590977827069E-02
   9.8056658652324931E-01  -8.0027079384728310E-02   1.7912240496178367E-01   2.0705614013396523E-02
  -5.3482269710230153E-01  -8.3247986144503408E-01  -1.4471338207877141E-01   2.4656193055636737E-02
   6.4469584794435129E-01   6.9229946358020555E-01  -3.2417389834758978E-01   2.5727452742188941E-02
  -8.3832758744960536E-01   5.4482241380105325E-01   1.9375075249355561E-02   2.5711609356930358E-02
   9.6695138852992635E-01   2.1138899596678535E-01  -1.4254720132013007E-01   2.4963911625878525E-02
  -7.7532456992111616E-02   9.7374323557758959E-01  -2.1403931713508446E-01   2.3464857672927537E-02
  -9.2513445905396186E-01  -3.2296276598745699E-01   1.9955271097297667E-01   2.1667087281797310E-02
   3.3369261803356420E-01  -9.1417461283532937E-01  -2.3007393141614592E-01   2.5872565170377144E-02
  -2.2916200915651164E-01   7.6988738792198994E-01  -5.9561580190421939E-01   2.8630400803398155E-02
   3.6948132469910524E-01   2.0976586707718337E-01   9.0525235802396669E-01   2.6248049003515055E-02
   3.3202704781586472E-01  -7.4794518076266669E-01   5.7474868080978077E-01   2.7689145676048876E-02
  -7.1843692873739364E-01  -3.9841718123971752E-01  -5.7018604781192188E-01   2.8042481810061854E-02
  -9.2848350326521345E-01   1.7186861736135377E-01  -3.2921051400381032E-01   2.5262981824993762E-02
  -9.6599495735401337E-01   3.5373932027385213E-02  -2.5612970795973689E-01   2.2092695271026739E-02
   6.0950754710019588E-01   9.6658413336103237E-02   7.8686574532079456E-01   2.2822130038063153E-02
  -8.1461293192659827E-01  -3.6129683988910561E-01   4.5372939581219267E-01   2.7279141216414340E-02
   1.3085189817486678E-01   2.1056951129286969E-01  -9.6878184420328424E-01   2.6163249527809649E-02
  -2.1533067326890714E-02   6.2103594016368913E-01  -7.8348623985140815E-01   2.6643526246820501E-02
  -5.5940940433401662E-01   1.0395120196681444E-01   8.2234741195696319E-01   2.8460494967367950E-02
  -7.8290000476059110E-01   3.2402486816868254E-01  -5.3110777376548945E-01   2.4462632058480578E-02
  -4.1132955791147099E-01  -7.6787421423055466E-01   4.9109793922206810E-01   2.8792435877750272E-02
   3.6013993588014559E-01  -2.4471916981838762E-01   9.0022872344068414E-01   2.6089628480552767E-02
   1.3255823164652625E-01   5.6700892399582603E-01  -8.1297551951571165E-01   2.5284679883504566E-02
   6.5176980834473683E-01   3.5797413432537932E-01   6.6861845329325176E-01   2.5792793317546918E-02
   5.1734538429976249E-01   8.0884801079094188E-01  -2.7949713555467355E-01   2.7335411429953820E-02
  -9.1019974281445855E-01   4.0791050969398359E-01   7.1731752116396761E-02   2.6393237883347402E-02
   7.6999981395962491E-01   7.0081880246493107E-02  -6.3418358269767516E-01   2.5005104260313464E-02
   6.5630669110751771E-01   4.1765406903026836E-02  -7.5333736001457279E-01   2.6650632269451737E-02
   7.2337256839012642E-01  -3.6967967712136760E-01  -5.8315440804654228E-01   2.7080131674980223E-02
   1.8715405572455882E-02   9.7668467000957069E-01   2.1386161170849363E-01   2.5853956140857397E-02
  -6.0675702275876890E-01   7.8955889086403790E-01  -9.1884020321627187E-02   2.7596458449836572E-02
   7.4031462917965491E-01   6.4442991888793060E-01  -1.9142708654912212E-01   2.5518984014581605E-02
  -1.6890570449606397E-01   6.7720786789030640E-01  -7.1614269992519910E-01   2.4362085185480336E-02
   8.3190807651413170E-01   5.1840183625337524E-01  -1.9796082541676361E-01   2.6444888736093586E-02
  -7.9564437409545370E-01  -5.1932743227039699E-01  -3.1184779630725283E-01   2.2323148138810369E-02
   8.4204695401158531E-02   9.3135352738682808E-01   3.5424592629487091E-01   2.7817585226397012E-02
  -2.8894728457955372E-01   4.4802627879160575E-01  -8.4603895905936195E-01   2.4098570658409257E-02
  -9.2815227161934875E-01  -2.8909841753040503E-01  -2.3442582125111175E-01   2.4449068000843948E-02
   2.7793121382874508E-01  -4.5474483341202268E-01  -8.4614500935995132E-01   2.6889561132254718E-02
   1.1464452641980782E-01  -4.2126876315949104E-01  -8.9966063698933194E-01   2.5261074932512595E-02
  -8.1957134174675002E-01   5.3345610412334885E-01   2.0911097714125573E-01   3.1067531643135018E-02
  -6.8144519806124757E-01  -1.6971933689877341E-01   7.1191838627886819E-01   2.3539302349912639E-02
   1.8121343128174924E-01   9.6206334047986743E-01   2.0395053622830592E-01   2.5246462294532246E-02
  -2.1333632029952367E-02   9.9694908305678691E-01  -7.5082634055035307E-02   2.5357812134898987E-02
   4.0637391527040956E-01   8.4872898273300361E-01   3.3840708452513066E-01   2.5399211835778694E-02
   6.0137221220359134E-01   7.5725780463125520E-01   2.5477849146741267E-01   2.8610662351131083E-02
   3.7881652456876012E-01   7.3249411443982870E-01  -5.6564159414302004E-01   2.9464425352593352E-02
  -7.1016033993850680E-01  -4.2697541460190056E-01   5.5978950231668296E-01   2.5582066494718236E-02
  -2.6602981547326281E-01   9.1381239726123820E-01   3.0687952015559916E-01   2.9471936008765542E-02
  -5.4289987855902480E-01  -2.7576341848857071E-01  -7.9323026851229876E-01   2.9491641551850369E-02
   5.8873354512219294E-01  -6.3366983866252822E-02   8.0583958590004059E-01   2.6308416196193942E-02
  -8.1425834198616052E-02  -3.9500106919140210E-01  -9.1506501892636489E-01   2.9128693651113835E-02
   3.1658276668093754E-01   3.8061611291022333E-01  -8.6885368528524705E-01   2.2606087540621171E-02
   5.4141172459940909E-01  -7.3607746343459812E-01  -4.0627984479910069E-01   2.0811473931723090E-02
  -7.0711550537934977E-01  -1.3685028766357441E-02   7.0696561588225126E-01   2.4843878092327563E-02
   5.1500307762542850E-01  -6.6195661492452551E-01  -5.4459642855420967E-01   2.5381390887016586E-02
   8.1852509667513420E-01  -4.4181340418286617E-01   3.6717513804356305E-01   2.2904274524993213E-02
  -6.9636087192093967E-01  -6.4227506114498043E-01  -3.2025658758052162E-01   2.5240845582958493E-02
   2.4604905276801747E-01   7.6557909265125232E-01   5.9443125466890336E-01   2.9782665508915350E-02
   5.3886294605557437E-01   6.1230272043955942E-01  -5.7854308734148905E-01   2.3694886151887511E-02
  -3.5228705099905739E-01  -3.0248349464930286E-01   8.8566222069315614E-01   2.9506887552828625E-02
  -8.5462819718464171E-01   3.2861822962909755E-01   4.0202077524969670E-01   2.2621317183708007E-02
  -3.4516459835244491E-01   9.2016290002958439E-01  -1.8482867053934214E-01   2.6872818845449058E-02
  -3.8430643708330781E-01   9.0862346978881590E-01   1.6343791654713020E-01   2.8488972995162740E-02
  -4.4636662279282513E-01   2.6896923586694865E-02  -8.9444585837159494E-01   2.6405790391794728E-02
  -2.4076570961434411E-01   1.4314304474620386E-01   9.5996976088556440E-01   2.6328535033828597E-02
   9.8735502546775518E-01   1.5799831671683695E-01   1.2906804337814135E-02   2.6455733360067772E-02
  -8.7753841001442652E-01   2.1195623006719688E-03   4.7950166465300832E-01   2.6490926066430354E-02
  -7.4543744117498978E-01   2.5781941334035228E-01   6.1469681258269127E-01   2.7824398670267252E-02
   3.7327267374351143E-01  -3.1931270098850071E-01  -8.7103783501280709E-01   2.5166777019982964E-02
  -4.7372614814891616E-01   8.7402224727236266E-01  -1.0802151560203270E-01   2.0712756355685040E-02
   7.1737760838319158E-02   3.0371155443330156E-01   9.5005946412506823E-01   2.8986392042259595E-02
  -1.7212079701956591E-01  -1.8354679645187744E-02   9.8490483650374667E-01   2.5610912571630151E-02
   8.3704937830244521E-01   4.7447200602583148E-01   2.7244201911840493E-01   2.5428898102212512E-02
  -7.6340959494288292E-01  -1.3303043170016009E-01  -6.3206700166264991E-01   2.9554833125748505E-02
  -3.5543036835583601E-01   8.6822731166430493E-01  -3.4619443746341219E-01   2.8671273957795060E-02
   6.6977596988902270E-01  -7.4125012361943989E-01   4.4140733947048085E-02   3.1887589584658125E-02
  -6.9752304295030099E-01  -7.0305768236661672E-01   1.3846118524205264E-01   2.9185663437925182E-02
  -3.0843683393616055E-01  -9.0540054397577361E-01   2.9174744975716656E-01   2.4349244658595199E-02
  -4.5179145267319134E-01   7.5574775179994749E-01   4.7405676763524065E-01   2.7103554471723683E-02
   7.3541418608647149E-01   6.2576677340971623E-01   2.5996522882717557E-01   2.7311641468505017E-02
   7.9197188973518804E-01   6.0963916070203936E-01  -3.3475656943338574E-02   2.7192903884517419E-02
  -6.5220015811095946E-01   1.6310311447238943E-01  -7.4029205575194856E-01   2.5748790566466031E-02
  -5.8837886676355078E-01  -4.1277103675635365E-01  -6.9529157938315667E-01   2.5790621811374259E-02
  -3.6370531462164246E-01   7.8238883608747969E-01  -5.0555529201230893E-01   2.5700705872296972E-02
   4.8124384564332123E-01   8.5297421003884750E-01   2.0208750094706804E-01   2.3860791298992661E-02
  -2.4221890360744949E-01  -1.7986065543336456E-01   9.5340450353576873E-01   2.7411139793715451E-02
   4.0746808858939954E-01   1.1157030830740933E-01  -9.0637841053584829E-01   2.5888710790497282E-02
   3.4189792011076054E-02  -2.8595455494268531E-01   9.5763304591569423E-01   2.2091717296809659E-02
   8.0784356357726566E-01  -4.6372228299779783E-02   5.8756990497241892E-01   2.6650824117910910E-02
   7.4780803518041274E-02   8.1587391754127569E-01  -5.7337385892718178E-01   2.5489753687160577E-02
  -4.3964463876167645E-01  -8.5044643341016339E-01  -2.8888311738149008E-01   2.8356192943468738E-02
   4.0163465206449667E-01  -9.0976577333081448E-01   1.0495639064304785E-01   2.7617889416402597E-02
   5.1073938368791776E-01   7.4884740590982588E-01   4.2234209429348901E-01   2.8208415071800989E-02
   6.0226434563353424E-01  -1.2948706113231130E-01  -7.8772505290737573E-01   2.4703369783172899E-02
  -2.2487039910394060E-01  -4.1816054440448838E-01   8.8009946182813703E-01   2.2138839300538207E-02
  -2.0554723582035370E-01   4.1700835802574101E-01   8.8535550101825606E-01   2.5969012717190019E-02
   8.8099206804827119E-01   4.7235450931167575E-01  -2.7096006513074782E-02   2.5451346777605526E-02
  -6.3429309219470866E-01  -5.7555410556650779E-01   5.1614895598035666E-01   2.7388266279890909E-02
   9.8205845753720453E-01   7.8037269489618764E-02   1.7167227659191657E-01   2.5738656507407969E-02
  -3.1982301108893294E-01   8.3779024529789066E-01   4.4251637987955714E-01   2.1026543968585161E-02
  -9.3035970716623844E-01  -3.5776642242428953E-01  -8.0212232653604065E-02   2.5908838171481534E-02
   7.6464377057022777E-01   2.9227781021711490E-01   5.7436363549830771E-01   2.5257547251627468E-02
  -3.7534731550003886E-01   6.7002785023970013E-01  -6.4045067932673820E-01   2.7152798181164313E-02
   5.8496757198946518E-01   8.0612623079296863E-01   8.9294119337565530E-02   2.5934727662421428E-02
  -8.7046817886091805E-01   3.2427638599137514E-01  -3.7031064672640635E-01   2.7338003263604103E-02
  -7.6535292669191870E-01  -5.9073568117877286E-01   2.5547260633258873E-01   2.6911032055875728E-02
  -1.8738836755862845E-01   1.8319277772261199E-01  -9.6505233324104562E-01   2.6502307022472298E-02
   4.5946464272252872E-01  -3.5541208420464185E-01   8.1398678889105547E-01   2.6983492580970885E-02
   8.8915828804014065E-01   5.0959420524975441E-02   4.5475342359270368E-01   2.4094777058755459E-02
  -6.1715030466748626E-01  -5.3582190248068180E-01  -5.7621210527965445E-01   2.4255383320388475E-02
  -6.0248910014074433E-01  -7.4831771446238502E-01   2.7753825400003587E-01   2.5056250014947539E-02
  -6.6304999196843237E-01  -7.3061884026747128E-01  -1.6297490112553204E-01   2.7840177423252315E-02
   7.0068333248213417E-01   4.7615668378022367E-01   5.3133575079524924E-01   2.9229707697624905E-02
   8.4377147922991504E-01  -6.0413373450550880E-02  -5.3329158548254370E-01   2.6676043014943103E-02
   5.1443495434479027E-01   7.2667700116324294E-01  -4.5529903769793956E-01   2.8544641203747400E-02
  -8.6155215054574139E-01   1.8524413251431506E-01  -4.7266531844321609E-01   2.4774011186845453E-02
  -5.5898101631696537E-01   2.9047706811475713E-01  -7.7663588398728214E-01   2.2861167270873102E-02
   5.5273458708586585E-01   4.7993017961139497E-01  -6.8128664961027354E-01   2.5715377638984855E-02
   1.6063407928531621E-01   4.0682293138329708E-01  -8.9927292579775795E-01   3.1098431274929732E-02
   6.6837235051620327E-01   4.9516870850298069E-01  -5.5505526858587295E-01   2.5750138567005609E-02
   7.3069690382730741E-03  -1.1648155383502756E-01  -9.9316597596758776E-01   2.8531802386535903E-02
  -9.9599172207532636E-01  -8.1167701456352503E-02   3.7580497571455647E-02   2.6648052524715538E-02
  -7.5635601822428491E-01  -2.6908273091473793E-01   5.9625502733257685E-01   2.6166363912879986E-02
  -7.7569187506273165E-01   4.6089815948072257E-01  -4.3113223209236642E-01   2.5873478853187937E-02
  -3.6795398932718451E-01  -1.2469018469744144E-01  -9.2144572253515182E-01   2.7024903800646753E-02
   8.3030824219080177E-01  -4.6071388023025861E-01  -3.1357765148874970E-01   2.6479812330497006E-02
  -2.1852166129710238E-01  -6.9402517524674101E-01  -6.8598639903986793E-01   2.9431540988313580E-02
   5.1708977507726193E-02  -5.4820884708658859E-01   8.3474142201109132E-01   1.9730102435191071E-02
  -5.2219354927740937E-01  -1.1463997962962122E-01  -8.4508672464048438E-01   2.4695185334469087E-02
  -3.1714616084513967E-01   2.8086159892235703E-01   9.0583391132810096E-01   2.6199000831696746E-02
   3.7563196891068045E-01   4.8470802053783286E-01   7.8991060175097125E-01   2.6578441592286195E-02
  -3.6663230167207850E-01  -6.4666681994534212E-01  -6.6888173794207635E-01   1.9308683678746688E-02
   2.8128008562281819E-01   2.4304385475659425E-01  -9.2833786850320585E-01   2.4459243788714544E-02
   7.3970302930836507E-01   5.4393658497355579E-01   3.9619745072291131E-01   2.3258392464946818E-02
  -2.1260417431975847E-01   8.6736732475596892E-01  -4.4997043125908558E-01   2.6107406631456671E-02
   1.2851340135134235E-01  -9.3298974229456455E-01   3.3617621338552639E-01   2.6441949343816007E-02
  -2.6329945182882293E-03   4.7228799186775223E-01  -8.8144036671654238E-01   2.5554713134253659E-02
   6.4912878370905949E-01  -4.5207683644869405E-01   6.1176658629491847E-01   2.5028054117404785E-02
   3.7125943218651125E-01  -5.1963135649648802E-01   7.6951262975871240E-01   2.6576775567064685E-02
  -7.7537163591694158E-01   1.7395355743140044E-01  -6.0707411909292111E-01   2.7010324949331377E-02
  -9.6274860487155660E-01  -2.6505496097048247E-01   5.3488236863885108E-02   2.6239795202892275E-02
   9.1393859104839041E-02  -6.6754121060513816E-01   7.3894241633685596E-01   2.8495233547109763E-02
  -8.6321523087203751E-01  -1.2072889670677009E-01  -4.9018771780869921E-01   2.2410092913496524E-02
   4.1725290407145073E-02  -9.8363313567873725E-01  -1.7528506649242612E-01   2.2963425649950615E-02
   4.9213355498408218E-01  -5.5723829130660913E-01  -6.6879746617374378E-01   2.7384304495789928E-02
   2.6344437064711217E-01   3.5911048424107013E-01   8.9534167985327890E-01   3.1728536695526337E-02
  -9.8121225348644820E-01  -2.1716032034700321E-02   1.9170531437785973E-01   2.5326083369615207E-02
   3.4987387696599983E-01  -3.5088364052648489E-02  -9.3613945378073300E-01   2.5617644764524821E-02
   2.9352679852994150E-01   5.1758729446113660E-01  -8.0370729196465778E-01   2.4785415260895132E-02
   4.1800285083226827E-01   5.9760714646845745E-01  -6.8420707040041906E-01   2.9390674480445362E-02
  -8.5391193962627820E-01  -4.4031204236904022E-01   2.7741612193326488E-01   2.9227276070707475E-02
  -9.5867825777388838E-01   2.6125079406153793E-01   1.1262335758552813E-01   2.6716866670889701E-02
   9.8783791606394864E-01  -1.2785664639161676E-01  -8.8481238462875709E-02   2.6515461302879877E-02
   8.8242474372405226E-01  -4.6965878279435644E-01  -2.7334948466464413E-02   2.7703305502435240E-02
   4.0531260516832006E-01   7.0768220583976005E-01   5.7871200750411340E-01   2.4363994135063565E-02
  -1.8170695819964862E-01  -1.1210725078241204E-01  -9.7694142386523897E-01   2.4844129657952334E-02
  -6.9357619335524721E-01   6.1576356160973695E-01   3.7388139858053404E-01   2.6129254555448855E-02
  -4.8094903594059026E-01   7.8173201796053737E-01  -3.9696734994601620E-01   1.9470739949143034E-02
  -2.1811516060791858E-01   9.3334407577757670E-01  -2.8512210178076867E-01   2.4312952024594181E-02
  -6.2070424194792722E-01  -7.8404275342494838E-01  -1.7902038081704708E-03   2.5894817585200594E-02
  -3.2051373595938544E-02  -8.6370590305218151E-01  -5.0297596610914646E-01   2.7080053632593346E-02
  -6.8381252904576275E-01   1.3792785721292886E-01   7.1650284809251650E-01   2.3781319192093084E-02
   3.6870679171955123E-02  -8.3676019238937656E-01   5.4632676435434888E-01   2.4426721578568165E-02
  -9.6043349122806116E-02   9.2699461887913301E-01   3.6256951286395527E-01   2.5202389935598859E-02
  -4.7903334741028498E-01  -5.3534245617828136E-01  -6.9565473237943420E-01   2.8055629819589246E-02
   3.3460251079499246E-01   9.2117913194575092E-01   1.9867100099752790E-01   2.5674792167622589E-02
   9.4209699904837905E-01  -1.9814501847570165E-01   2.7053982338521321E-01   2.6712821035657353E-02
   2.5485532703063134E-01  -8.0537386009570522E-01  -5.3518380745184500E-01   2.5764790324882507E-02
  -6.5120115448448193E-01  -1.3435903884292408E-01  -7.4691679930182566E-01   2.4722598685494184E-02
  -4.8110453329816503E-01   1.8536721622453268E-01  -8.5684153913610075E-01   2.7374713036576424E-02
  -6.8433482935111982E-01   4.4999293006873389E-01  -5.7375273788029046E-01   2.7723336713198510E-02
  -4.4215416221434154E-02   4.3209820595158703E-01   9.0074199268258006E-01   2.9126167796531197E-02
   1.0680257607889809E-01  -1.3538948997276334E-01   9.8501923623238259E-01   2.7832506197750799E-02
   8.2225317873558126E-01  -3.3902477813465337E-01  -4.5712351708261671E-01   2.5719662320010208E-02
   7.6163724079005179E-01  -5.7934935341119669E-01   2.9028096758786157E-01   2.8867264827527501E-02
  -8.4707740836636862E-02   1.4192372632087737E-01   9.8624654856153988E-01   2.6358773853740751E-02
  -5.2797611121542642E-01  -2.4784197620358732E-01   8.1229033037291298E-01   3.0012028950960694E-02
   4.4187210610022323E-01  -4.4125352773630659E-01  -7.8105336956626568E-01   2.6224053744833506E-02
   7.3632787168152962E-01  -9.0174686777688073E-02  -6.7058913743774209E-01   2.7671632635343588E-02
  -9.9533603024006627E-03   6.8747076527286755E-01   7.2614384078764207E-01   2.6354959100091757E-02
  -1.2111551666203120E-01   7.6299339705505655E-01   6.3495835113342203E-01   2.6596367601013315E-02
  -6.8181822163390944E-02  -4.5545371316225660E-01   8.8764472301320687E-01   3.0550659320134943E-02
  -5.9774268801094843E-01   2.7464182795358383E-02  -8.0121744713456486E-01   2.8005914692075851E-02
   1.8671812055779263E-01  -9.7638648905730960E-01  -1.0865434847122348E-01   2.5763372206916477E-02
  -2.9348452906433300E-01   3.0300368519262455E-01  -9.0667281748135338E-01   2.4462898635816384E-02
  -6.2564737487670339E-02  -7.5403194517582346E-01  -6.5385126693879148E-01   2.4302584593744210E-02
   9.4525965174166853E-01  -2.1293023271592553E-02   3.2562370606142110E-01   2.6999604805566446E-02
  -8.3838108665524391E-02  -6.4050659588167917E-01  -7.6336260857304969E-01   2.4781287885919543E-02
  -4.0006860951435801E-01  -2.7757518093706719E-01  -8.7343982426324178E-01   2.4089903614641179E-02
  -1.1680536581135277E-02  -9.1186496748776982E-01   4.1032407452366861E-01   2.2772895564493325E-02
   7.3058419607795910E-02  -6.8178559277015420E-01  -7.2789482263268006E-01   2.5444477643755725E-02
  -8.9010631629586516E-01   3.8613889913971553E-01   2.4208985162822079E-01   2.6049058365635487E-02
  -9.1489706460426490E-01   5.5708325909183110E-03  -4.0364876687875988E-01   2.9326515384375003E-02
   9.5242863182647071E-01  -2.2197914892578714E-01  -2.0881800381993023E-01   2.6225200080738316E-02
  -4.1320153824977703E-01   5.4760231836175421E-01   7.2759617214004768E-01   2.5642256143617956E-02
   3.6812746973906152E-01   9.2559557917057056E-01  -8.8062420154186700E-02   2.5833688216652528E-02
  -9.3510528921106300E-01   7.7149767748560985E-02   3.4586993426118640E-01   2.4983144510266415E-02
  -3.2625760588278059E-01  -2.3788870557106687E-02   9.4498151529077727E-01   2.6094063665879457E-02
  -6.3219499295405281E-01  -3.2921732387211993E-01   7.0138822669496301E-01   2.7421013410875488E-02
  -9.9422903790956099E-01   1.0146578974117679E-01   3.4832652635539718E-02   3.0084877019639582E-02
  -2.4578238391870828E-01  -9.6008349603404461E-01  -1.3353164568102804E-01   2.0951273650954132E-02
   4.3823941157541233E-01   8.9762876616006650E-01   4.6998045746530686E-02   2.5114911796529391E-02
  -2.5729407085040519E-01  -2.5875068207928003E-01  -9.3104663987833280E-01   2.5980524599064108E-02
  -4.2704751975440720E-01   3.5895389205481609E-01  -8.2992922544654881E-01   2.8451493471929536E-02
   5.5636329159851474E-01   1.6483891498730046E-01  -8.1442496269912770E-01   2.5164060139666105E-02
  -5.6194379674151795E-01   4.3474063648699657E-01  -7.0371851495509823E-01   2.4607185820557027E-02
   2.2129758529731962E-01   7.5282820290903913E-01  -6.1990085953023346E-01   2.2040401026281100E-02
  -5.8588156580746729E-01  -4.9345533278950979E-01   6.4284105764067725E-01   2.4695057083664960E-02
   9.6578463356963411E-01  -6.5717203072747798E-02  -2.5088102913744361E-01   2.5112857673857558E-02
   4.3003807089776824E-01  -6.2706758200575630E-01   6.4950250590431136E-01   2.5917181826323250E-02
  -5.3033421205052935E-01   4.0806316740124178E-01   7.4312184393893999E-01   2.6140389962667445E-02
  -3.9675330419851186E-01  -9.0756093503688078E-01  -1.3754986296811018E-01   2.5578256946241265E-02
   4.6348911331244036E-03  -9.4456229388264319E-01  -3.2829954425698422E-01   2.5544141436933487E-02
   2.2250194001123447E-01  -7.0015966289820764E-01  -6.7843152428340572E-01   2.6981167747047747E-02
  -4.3979459766729017E-01  -5.4441469997423839E-01   7.1427819952356550E-01   2.7156341499660828E-02
   8.1571997574056958E-02   3.1291989121080714E-02  -9.9617609920566963E-01   2.4938075432968558E-02
   9.0351080903304251E-01  -3.9016081718226193E-01  -1.7732104978294736E-01   2.5644000121539761E-02
  -9.9396122022132225E-01  -1.2744717969583177E-02  -1.0898928782231667E-01   2.4832054801732832E-02
   5.9087274898989852E-01  -3.4138125213340893E-01   7.3097758870771559E-01   2.5085755893523465E-02
   5.8658189228397459E-01   4.9861884880641574E-01   6.3820132188794183E-01   1.9620060910882223E-02
  -2.6563767156487210E-01  -4.1660535232965508E-01  -8.6941164465164427E-01   2.8928346243466159E-02
   6.9096976058749462E-01   2.0062180394164248E-01   6.9448663179132648E-01   2.6859097996258257E-02
  -9.7165819129477864E-01   1.3188187041175157E-01   1.9618239356898787E-01   2.1616094620097663E-02
  -4.7410985601285098E-01  -8.8020322178858041E-01   2.1497273884764709E-02   2.7610608020350673E-02
  -9.7783716758960590E-01  -1.8669321124577232E-01  -9.4763487457343913E-02   2.7138006841529760E-02
   2.4547546995294343E-01   9.0263174177136669E-01  -3.5355018370546816E-01   2.4204117500598703E-02
   7.1396712595142686E-01  -6.8585986087495145E-01  -1.4088007063190966E-01   2.5143966121590817E-02
  -8.3827086839796454E-01  -3.8622713567313456E-01  -3.8487731923958361E-01   2.8323706781430902E-02
  -2.4282770788433243E-01   6.6472493659983511E-01   7.0652350487863211E-01   2.8284692584151294E-02
  -4.2849852219849565E-01   6.6212019134502489E-01   6.1480555355895490E-01   2.7238304801417619E-02
   1.7694407316508086E-01  -1.0531019622268361E-01  -9.7857067069440120E-01   2.9557305347157179E-02
   7.9535113004897102E-01   2.2441142642601970E-01  -5.6307734070841784E-01   2.5649831050517848E-02
   3.0168099587919657E-01  -3.9628675270315705E-01   8.6714784573181234E-01   2.5446547196634732E-02
   3.4493864022305272E-01   8.0965609308886020E-01   4.7484138973467163E-01   2.3879703612001428E-02
   5.2658181406929625E-01  -8.5004936688621484E-01   1.1298979946637187E-02   2.5626465222196000E-02
  -7.9957954749450444E-01  -1.0213873198134047E-01   5.9181097206601994E-01   2.7565894156796213E-02
  -2.4509625163229156E-02   8.6449370888808730E-01   5.0204572059452621E-01   2.6511712009929056E-02
  -1.2827190573135288E-01   2.9099074610318532E-01   9.4808791991162842E-01   2.6021790885922274E-02
  -2.7008008544833344E-01  -9.1993318495616965E-01  -2.8421766774889052E-01   2.5888807448890350E-02
   8.6675561262914371E-01   2.5848777777879257E-01  -4.2651937437220742E-01   2.6009916619695654E-02
   3.1136403020159475E-01   6.3074181077130014E-01   7.1078633135532501E-01   2.4259650675538640E-02
  -9.3387346542729954E-01  -9.2610764228443578E-02   3.4540352765979412E-01   2.7847245081519749E-02
   4.6485535425642341E-01  -8.7361339371642401E-01  -1.4390669872666630E-01   2.5276994153721293E-02
  -6.6975678651798445E-01  -6.4295284027383168E-01   3.7153397165927604E-01   2.2533797623531706E-02
  -6.5218855140352572E-01   5.8990091691231514E-01  -4.7609558036614930E-01   2.5760270777228178E-02
  -6.2067582351362391E-02   7.6255760569391304E-01  -6.4393595428382735E-01   2.5616567175565850E-02
  -8.9080514140370148E-01   4.4367592763808359E-01  -9.8070746317224238E-02   2.5910261759138757E-02
   4.0436134491741402E-01  -8.7153788817257034E-01   2.7733303484488863E-01   2.5073008250528632E-02
   6.8764285387839976E-01   2.0956247516436393E-01  -6.9514809538180788E-01   2.7117203596512001E-02
   6.9643408294690534E-01  -1.5150565677534413E-01   7.0144536784768539E-01   3.0456504847956816E-02
   1.6947804165463285E-01  -5.7059156453861952E-01  -8.0355613361748475E-01   2.6919453109397953E-02
  -5.1082076218622703E-01   6.8340231481208233E-01  -5.2155864965406282E-01   2.9658477181830945E-02
  -9.5657629225185996E-01  -1.2485082791352480E-01  -2.6338957433997208E-01   2.8684541095455769E-02
  -2.7656657979581878E-02   1.7733131757476421E-01  -9.8376252880286028E-01   2.6547749794438955E-02
   1.2075777119898041E-01   4.4069701610999577E-01   8.8949631853470930E-01   2.0195885569062328E-02
   2.0600657979729737E-01  -2.9514363904003416E-01  -9.3297991479689735E-01   2.6893507517993025E-02
  -4.6779683630262028E-01  -1.3093625574535681E-02   8.8373903213254827E-01   2.2630160991820523E-02
   1.1982951369356989E-01  -8.8693675595952310E-01  -4.4607631474441662E-01   2.5628390192689117E-02
   3.3609090364017860E-01  -5.7840346915469842E-01  -7.4329827886262310E-01   2.5322372876650063E-02
   1.4114826197896855E-01   8.5960732972336924E-01   4.9107271032523805E-01   2.3405276685290262E-02
  -1.5342836969284733E-01   5.3718058673303695E-01  -8.2939541390735059E-01   2.5936811358338128E-02
   4.5998948851390171E-01  -1.5926437110417382E-01  -8.7352420146983398E-01   2.6020515507691662E-02
   8.0687856980380772E-01   1.2387162134726668E-01   5.7758358271003623E-01   2.7407208494563506E-02
   4.5823391946300198E-01   5.8523851178403419E-01   6.6896753237984878E-01   2.6575044995308090E-02
  -5.4642471607688421E-01  -7.1762642942691590E-01   4.3177811135845259E-01   2.4907316206478973E-02
   2.4010553211190215E-01   8.7619466427463202E-02  -9.6678444471982843E-01   2.7002053896070684E-02
   8.7270631274872894E-01  -2.8202868206452369E-01   3.9855177101785078E-01   2.6319648383831211E-02
   3.8435471881458900E-01   8.8906824223580454E-01  -2.4865460135033701E-01   2.5673177030096213E-02
