961
   0.0000000000000000E+00   0.0000000000000000E+00   1.0000000000000000E+00   1.2919165014392702E-02
   1.2689334916440467E-01   0.0000000000000000E+00   9.9191636640285381E-01   1.2825941770233986E-02
   6.8723508178928574E-02   1.0016689243771006E-01   9.9259441519834919E-01   1.3305046198691586E-02
   2.1310653116849210E-02   2.1325512022896791E-01   9.7676410138777197E-01   1.3364290538498720E-02
  -5.5276106723994465E-02   1.1218292457588104E-01   9.9214895225416626E-01   1.3632735994353729E-02
  -1.2599213693269169E-01   1.4307657892513415E-02   9.9192805805500068E-01   1.2837861563971140E-02
  -2.4132335484376166E-01   6.5210359275791436E-03   9.7042285344966146E-01   1.3098917419156886E-02
  -5.8226197462890461E-02  -9.6807458162299387E-02   9.9359852353612474E-01   1.3376351105729347E-02
   1.1985349737490116E-01  -2.1080969772623912E-01   9.7015174612612860E-01   1.3489231367568486E-02
   5.2350928646738275E-02  -1.1201767793942070E-01   9.9232626696005806E-01   1.2488425311071658E-02
   2.4517863663528336E-01   1.8650988248562985E-01   9.5136822517512130E-01   1.1193343708903485E-02
   1.3474776903869021E-01   2.0730808850456550E-01   9.6895118307357428E-01   1.2368562295616932E-02
  -4.0636779295037426E-02   3.1463360075730735E-01   9.4834294927679927E-01   1.3520423381981408E-02
  -1.0236511762187122E-01   2.2334958860299667E-01   9.6934841206097442E-01   1.2646166334610609E-02
  -2.2931931301394544E-01   2.2098643388970398E-01   9.4793335668470053E-01   1.3618438386005893E-02
  -1.7709264034025582E-01   1.2209588768109028E-01   9.7659141453766800E-01   1.3161604318182971E-02
  -3.0496361969538190E-01  -9.8443646594367138E-02   9.4726239189967529E-01   1.2841819527548728E-02
  -1.8186024779508640E-01  -9.4201602423103630E-02   9.7880177174585725E-01   1.2839630090649921E-02
  -1.1900934709320448E-01  -1.8694848160573322E-01   9.7513437049965574E-01   1.0399081132237606E-02
  -1.1630146561008674E-01  -2.9130711783645125E-01   9.4953363931709429E-01   1.2627712541923384E-02
  -6.4430667574965783E-03  -2.3294010466612440E-01   9.7246973964689172E-01   1.6145838999893112E-02
   1.6513165094786668E-01  -1.0248680031783723E-01   9.8093220643214867E-01   1.1936735049808251E-02
   2.5712991499210505E-01  -2.8576340873288174E-02   9.6595424299417338E-01   1.4954661239461191E-02
   1.9178575869209721E-01   9.2679813132109210E-02   9.7705100941593308E-01   1.2892872714883779E-02
   2.3031012482983422E-01   2.9707609387685260E-01   9.2666231219778101E-01   1.4601801813648462E-02
   3.4169347238149745E-01   2.2444824521869129E-01   9.1261632472256657E-01   1.2734611311273436E-02
   1.0389751374954197E-01   3.1265843198181016E-01   9.4416630502647116E-01   1.3958981687641139E-02
  -7.9801602553107776E-02   4.2461785974561179E-01   9.0184886617160629E-01   1.3195814924348221E-02
  -1.6110070425195508E-01   3.2662715435808485E-01   9.3132232074908625E-01   1.2752381887619126E-02
  -2.7539849878382205E-01   3.2099924079430058E-01   9.0615404555577612E-01   1.3033383819031383E-02
  -2.9551670101069224E-01   1.2094077862939683E-01   9.4765141665502313E-01   1.2794061717612273E-02
  -3.5035003557057727E-01   1.3156470738164638E-02   9.3652643307779151E-01   1.3373538956883584E-02
  -4.2055198483221679E-01  -1.0461432281027270E-01   9.0121688372812407E-01   1.4694315524641701E-02
  -3.4723593449794414E-01  -1.9449097041269901E-01   9.1738785048705864E-01   1.0963916047575482E-02
  -2.3155954511797194E-01  -2.1209651001069361E-01   9.4941837327178451E-01   1.6013109976056537E-02
  -2.1516391515577933E-01  -3.4546511697104227E-01   9.1343217732408615E-01   1.3369543386650495E-02
   9.6498443593758125E-02  -3.2123265351674508E-01   9.4207092763685942E-01   1.2393582702441148E-02
  -8.3954213768009502E-03  -3.6245239066738892E-01   9.3196447432260019E-01   1.3348906068631412E-02
   2.4754013677034457E-01  -1.6634583383827710E-01   9.5449093460984074E-01   1.2302350435617471E-02
   3.2593003009668191E-01  -2.3447204081991471E-01   9.1585614457452884E-01   1.3722212935447009E-02
   3.5437325600672640E-01  -1.1356903778177370E-01   9.2818191594348214E-01   1.3453453067404615E-02
   3.7103168726363354E-01   4.2100581181270273E-03   9.2861066247213824E-01   1.2604849134019522E-02
   4.1366742627314075E-01   1.2479035688376630E-01   9.0183514417513031E-01   1.4216607248281723E-02
   3.0701001117499387E-01   9.1806803134097983E-02   9.4726784170931673E-01   1.2853254382069901E-02
   2.4516329826433076E-01   3.9836101733283531E-01   8.8385714742468622E-01   1.1223428311423309E-02
   1.3435328186364903E-01   4.2513084412529087E-01   8.9510500000043827E-01   1.5026235989495984E-02
   3.0739945059275540E-02   3.9279997056033924E-01   9.1911002546243044E-01   1.0126324813264918E-02
   2.5527196854572622E-02   4.9607323261991425E-01   8.6790535780047833E-01   1.3805609376763730E-02
  -1.9413559699539096E-01   4.3290962223971521E-01   8.8028440231070206E-01   1.4738069436105636E-02
  -3.1540111123317036E-01   4.2163278353621614E-01   8.5014583153738013E-01   1.2821954351185720E-02
  -3.5384223120173903E-01   2.2419277305285763E-01   9.0803814673671326E-01   1.3050917498735080E-02
  -4.1190969324328375E-01   1.1838383783869539E-01   9.0350189349597123E-01   1.3500746704215012E-02
  -4.5999228251908058E-01   1.3499765282352714E-02   8.8782028381886366E-01   1.2194154293543666E-02
  -5.1792651867556909E-01  -7.5393275203262720E-02   8.5209622420635718E-01   1.1578385694621396E-02
  -5.1227190397024120E-01  -1.8578629818056028E-01   8.3848729734627945E-01   1.3108915632679135E-02
  -4.2221462022292648E-01  -2.5650477569565187E-01   8.6944816666396694E-01   1.3667507695791083E-02
  -3.1743018575429485E-01  -3.0289790374775394E-01   8.9860499502128874E-01   1.1894591729222517E-02
  -1.8296213901787171E-01  -4.6925106328718620E-01   8.6390294321170717E-01   1.2695913348461967E-02
  -1.1385639529290856E-01  -3.9485393951399272E-01   9.1166171779952734E-01   1.0701320390890534E-02
   2.3910829233284785E-01  -5.7804407442443706E-01   7.8018733170980497E-01   1.3698406068758167E-02
   2.1066661444600454E-01  -2.8614419927554206E-01   9.3474118063708804E-01   1.3596358816701903E-02
   1.9568451662987854E-01  -4.0164083679495146E-01   8.9464641516633918E-01   1.3198829913349408E-02
   2.9852234808897000E-01  -3.5779096463155851E-01   8.8479943112519379E-01   1.2761913907509341E-02
   4.3821957776180405E-01  -1.8697039826927359E-01   8.7920741115921857E-01   1.2367058604046508E-02
   4.5560276043520762E-01  -6.4699015070680126E-02   8.8782890363667626E-01   1.3214665824875051E-02
   4.9378463977062195E-01   5.0061443158194274E-02   8.6814202837756689E-01   1.2275504650748212E-02
   4.3644776261253018E-01   2.5816143323954770E-01   8.6189675999983848E-01   1.2905900511175783E-02
   6.1084645120633603E-01   3.0602115809418780E-01   7.3021754556249707E-01   1.1791634795428780E-02
   3.4141922147374801E-01   4.5146835489774233E-01   8.2438415786221046E-01   1.4009737667438733E-02
   1.2948451736269146E-01   5.4945137103188868E-01   8.2543137245595926E-01   1.2814436852477706E-02
  -8.4194167720639435E-02   6.3130476964219913E-01   7.7095112033697619E-01   1.1859242261867820E-02
  -9.3327031593923202E-02   5.2819713798695789E-01   8.4397739815486368E-01   1.4223781841174910E-02
  -2.5416226684312142E-01   5.1042266170113235E-01   8.2150486823578674E-01   1.1833796862690966E-02
  -2.8436445188208497E-01   5.9992941613173780E-01   7.4781117547522227E-01   1.2383098191695359E-02
  -5.4068028901372447E-01   4.1293018422825973E-01   7.3290755762596067E-01   1.2770088993411082E-02
  -3.8869822636225649E-01   3.2748878687630016E-01   8.6119961872560360E-01   1.3251409508198804E-02
  -5.1987005356355578E-01   1.1365843700243075E-01   8.4665039249148766E-01   1.4179452560864394E-02
  -6.1923848817164275E-01   1.0776378830976199E-01   7.7777288503523136E-01   1.2350907788652772E-02
  -5.8196908550403332E-01   9.4989604234551468E-03   8.1315542995695029E-01   1.3367224473614785E-02
  -6.0549343154036706E-01  -1.1266375378597284E-01   7.8783537807356971E-01   1.2594770161053281E-02
  -5.9775340077974848E-01  -2.4222106660343949E-01   7.6421189911551206E-01   1.4234610569454265E-02
  -5.0733174871388051E-01  -3.0255567515376089E-01   8.0689191356659897E-01   1.1770943480529417E-02
  -4.1232384821149717E-01  -3.7140801681877509E-01   8.3189249860712575E-01   1.2856994547640261E-02
  -2.9903319280576586E-01  -4.1432379963746140E-01   8.5960161624694873E-01   1.4108584928976118E-02
  -5.3081840178567852E-02  -4.8313820260494706E-01   8.7393351888282549E-01   1.5547369292036102E-02
   8.0985183787753829E-02  -4.3217426720315784E-01   8.9814631479190368E-01   1.3731088455229163E-02
   4.7918564667737149E-02  -5.3116274922666360E-01   8.4591367467026828E-01   1.0419672925486720E-02
   3.5348781859367389E-01  -5.3648041549267900E-01   7.6631268154630483E-01   1.2273515886181869E-02
   3.7912166863754342E-01  -4.2687456013725109E-01   8.2100235704723357E-01   1.4465828756611307E-02
   3.9881594095907822E-01  -3.1127264182636951E-01   8.6258633636718223E-01   1.2145437738777503E-02
   5.0334776705780628E-01  -2.5820641604893417E-01   8.2460322101546826E-01   1.3817316078908661E-02
   5.4181592511374106E-01  -1.5183739766367879E-01   8.2666855992221127E-01   1.2828869706711976E-02
   5.5584746611304725E-01  -3.4877742804062595E-02   8.3055230869139027E-01   1.2982637617074611E-02
   6.0128925229143544E-01   6.7802864863619057E-02   7.9614948759331137E-01   1.4253054382758245E-02
   5.1224265209249236E-01   1.6090917495207910E-01   8.4363244531815571E-01   1.3312564481300917E-02
   4.4594470425773594E-01   3.7335488090717956E-01   8.1347369573162371E-01   1.3038756413847195E-02
   3.4629612820241649E-01   3.3896252703543435E-01   8.7474761894947051E-01   1.3248088850206621E-02
   3.4703005954551296E-01   5.4893154585092763E-01   7.6042376063715196E-01   1.3023663095868181E-02
   2.2946695818534111E-01   4.9731144885109204E-01   8.3667570655708339E-01   1.2742588633384564E-02
   9.9743133350639575E-02   7.3426809282359553E-01   6.7149212594832139E-01   1.3010012686570673E-02
   2.4057783363884200E-02   5.9412016536686014E-01   8.0401645018250161E-01   1.3383072611924638E-02
  -1.7837139837362157E-01   5.8290962815784164E-01   7.9271685338658315E-01   1.2563187815646191E-02
  -1.9070849487099494E-01   6.7469659321582123E-01   7.1303210102140868E-01   1.3204558570459799E-02
  -3.6854382899775255E-01   5.1527342158246388E-01   7.7373687201682184E-01   1.3731912087614853E-02
  -4.3319498706774731E-01   4.1955138246083976E-01   7.9769589484625811E-01   1.3194638879832983E-02
  -5.0595751691713069E-01   3.2637687540115601E-01   7.9842665679349007E-01   1.3085019880196547E-02
  -4.6341272273242096E-01   2.2758943669958098E-01   8.5641794511353613E-01   1.3023907251062621E-02
  -6.7505176842179733E-01  -2.2874575227752785E-02   7.3741566552301681E-01   1.5433598181951584E-02
  -7.1830262466527026E-01   4.2457222783986168E-01   5.5116219277639171E-01   1.5569841643480871E-02
  -7.9268707700567917E-01   9.6775830467387376E-02   6.0189836067690017E-01   1.3419260027015458E-02
  -7.4805571693915152E-01  -2.1270363805216972E-01   6.2862533095161188E-01   1.3364785864618796E-02
  -5.8390216729198388E-01  -3.6254923040884259E-01   7.2637202214958707E-01   1.3564823479918737E-02
  -4.8885335260498088E-01  -4.2706351843926562E-01   7.6068334467447443E-01   1.3711098046545827E-02
  -3.8316462356546804E-01  -4.7797844728776075E-01   7.9039324084680445E-01   1.2587576691992490E-02
  -3.5156379963634778E-01  -5.8317819160421323E-01   7.3232922352074246E-01   1.3580441574724240E-02
  -2.7055088259941251E-01  -5.2493644103561445E-01   8.0699687285487158E-01   1.3361962242190126E-02
  -1.5562906461435542E-01  -5.6535015727598745E-01   8.1003629172727614E-01   1.2666214823612596E-02
  -3.8454753979471317E-02  -5.9027798840976509E-01   8.0628352847822686E-01   1.3251585273477322E-02
   9.1713435159513885E-02  -6.1850202315785108E-01   7.8041264287611760E-01   1.5904163337397748E-02
   4.2201866145537128E-01  -5.8830189189982240E-01   6.8978339598058351E-01   1.4071780726199520E-02
   3.1382521281884634E-01  -7.4072939092915311E-01   5.9399806835791278E-01   1.2993788349695523E-02
   4.8213955363964907E-01  -3.7080594469667454E-01   7.9375336357949795E-01   1.2064638329484818E-02
   6.3508680421905028E-01  -2.1269573055512585E-01   7.4258014874520786E-01   1.5689989156813768E-02
   6.5377453535141488E-01  -3.2286585728054682E-01   6.8435114899336540E-01   1.3097857494248843E-02
   7.8676556088849185E-01  -1.4678155898636756E-01   5.9954576651107159E-01   1.3697686592093339E-02
   6.8676327465997664E-01  -5.2033411631250583E-03   7.2686252470398118E-01   1.4831069566447082E-02
   6.7960309217063717E-01   1.0826657057151658E-01   7.2554668134365494E-01   1.0650348779511383E-02
   6.1243445108224259E-01   1.9511837353876505E-01   7.6606322417616370E-01   1.4786121116556863E-02
   5.3073699175927747E-01   2.7646411918065015E-01   8.0117778076028792E-01   1.2779746853998575E-02
   5.3274105457586494E-01   4.0418226239531627E-01   7.4352112783323046E-01   1.4337850507634271E-02
   4.4426853315204715E-01   4.7939832934883633E-01   7.5683730898289694E-01   1.2178793861790673E-02
   3.2640978981898523E-01   6.3920559184834644E-01   6.9632812700632094E-01   1.1913749540943592E-02
   2.1094341420303291E-01   6.8944558169945003E-01   6.9294131488855149E-01   1.4366863967485513E-02
   1.2448492226301133E-03   6.8908006038111349E-01   7.2468415239714883E-01   1.3858054170834044E-02
  -9.7218808562867025E-02   7.3464165443134046E-01   6.7145375331142461E-01   1.3830551241695854E-02
  -2.1904039299515015E-01   8.1322558626409087E-01   5.3915253136932968E-01   1.1657765720945616E-02
  -1.7653262740376641E-01   8.7159217782112535E-01   4.5734375148563107E-01   1.2633139393524970E-02
  -3.9805190012824090E-01   6.0659011689362927E-01   6.8818828447690823E-01   1.3778283009947814E-02
  -4.3214397856685647E-01   7.5574222563164906E-01   4.9204193945814199E-01   1.5967060745026140E-02
  -4.6791465002737915E-01   5.1441236950896521E-01   7.1863467379881349E-01   1.2001274435240390E-02
  -5.6209226095549569E-01   4.9634684688861856E-01   6.6158302408515990E-01   1.1667232592834298E-02
  -5.6364394591055120E-01   2.2300422702482852E-01   7.9534559593138017E-01   1.2941349249352267E-02
  -6.5966199571119475E-01   2.0480640998675534E-01   7.2311851438243568E-01   1.3219635344672862E-02
  -7.4997971205519365E-01   1.0037488976716147E-02   6.6138466894890380E-01   1.0485209341429578E-02
  -8.6329161360032671E-01   7.1470237705082420E-02   4.9961945019156655E-01   1.2760180863745860E-02
  -6.7137194344328091E-01  -2.9433715165581930E-01   6.8016568181019785E-01   1.1918981262521611E-02
  -8.2477755881604988E-01  -5.4249919148672703E-01   1.5948857548327693E-01   1.2717120354519873E-02
  -6.3157037614293916E-01  -5.0770593964992283E-01   5.8596376920664230E-01   1.3044883271155556E-02
  -4.5815916978132378E-01  -5.3935877444424225E-01   7.0652833458771713E-01   1.3217481671378435E-02
  -4.2646871195715192E-01  -6.3406689295340808E-01   6.4504543481991963E-01   1.2787635379621285E-02
  -2.4217459261035637E-01  -6.2724285272470679E-01   7.4021474613775409E-01   1.2911002770780473E-02
  -2.0102770222519033E-01  -7.2056048033127142E-01   6.6361167645154318E-01   1.3323522983412028E-02
  -1.2393564917073800E-01  -6.5378499692782368E-01   7.4646174225924895E-01   1.3065478393750922E-02
  -6.0436863002223937E-03  -6.8437513703276558E-01   7.2910503061444301E-01   1.2947963471752506E-02
   1.9231368223401166E-01  -6.5825249827344523E-01   7.2781803779678587E-01   1.0524616862511622E-02
   2.1417740792516753E-01  -7.3287825262557291E-01   6.4576892520695308E-01   1.3849519645686095E-02
   3.0921748879483726E-01  -6.4794092263995351E-01   6.9610136143517245E-01   1.5172175648559991E-02
   6.1568138102900738E-01  -5.4312177202068401E-01   5.7092484427578247E-01   1.4192680788048005E-02
   5.6264963036870661E-01  -4.1670799020615545E-01   7.1398868642598554E-01   1.4405965061946042E-02
   5.7416053452392610E-01  -3.0830476612140840E-01   7.5847732450088650E-01   1.0132798896917294E-02
   7.2536050125655906E-01  -2.3284721952156398E-01   6.4779187674584948E-01   1.1452517281040699E-02
   6.2797227038990142E-01  -9.5768071920619740E-02   7.7232072613776168E-01   1.1368049912634037E-02
   7.5903373409679356E-01   8.3003504311736549E-02   6.4573849875553329E-01   1.3699841579555603E-02
   6.8914594696515472E-01   3.1217481012384267E-01   6.5393023458595554E-01   1.3227565006810607E-02
   6.2149138895773781E-01   4.1353870408423532E-01   6.6538274224367511E-01   1.2761563646189877E-02
   6.2912733048808809E-01   5.1075406350076360E-01   5.8594290562339761E-01   1.6441057090594889E-02
   5.8601031256524756E-01   6.2698725492959948E-01   5.1330195374947296E-01   1.2957462704894931E-02
   4.3656703180910368E-01   5.8380805711104342E-01   6.8452712085761638E-01   1.5097992650011951E-02
   2.2904416312902569E-01   5.9254385102208618E-01   7.7228916602037092E-01   1.4200194940904205E-02
   2.0901963314852354E-01   7.8354508364811934E-01   5.8512211960352190E-01   1.4444504413546502E-02
   1.4466379053120450E-01   8.5450861267779441E-01   4.9888617796909847E-01   1.3059668227338110E-02
  -6.1559254848631291E-03   7.8214107748054644E-01   6.2307097468827308E-01   1.2629642105451901E-02
  -2.0274809361052091E-01   7.4947918278181334E-01   6.3021755379710331E-01   1.2347242005472694E-02
  -4.0759172711647000E-01   6.8968850766905678E-01   5.9849707298819972E-01   1.2621385734991055E-02
  -3.0946073754271457E-01   6.8275619681224189E-01   6.6187463135702851E-01   1.3573635451372570E-02
  -3.1541449021062307E-01   7.5953791806377913E-01   5.6887243771210478E-01   1.2817137200639572E-02
  -6.3172411312313024E-01   5.1440929021431359E-01   5.7992044888932881E-01   1.2081130273021272E-02
  -6.4110102122756842E-01   4.0987878146260881E-01   6.4883654728112825E-01   1.3374732444951358E-02
  -7.7689954512890749E-01   2.9067679557949027E-01   5.5851060624677107E-01   1.3080978208936058E-02
  -6.1450050916461452E-01   3.1304509840483261E-01   7.2414908037029102E-01   1.3555813989610010E-02
  -8.4645682187232811E-01   2.7303518214860985E-01   4.5712431352409295E-01   1.2428875750981732E-02
  -8.7375837020403289E-01  -1.7876367871521563E-01   4.5231610370469397E-01   1.3706771796107244E-02
  -8.1589150566158040E-01  -2.3907095825619202E-02   5.7771056919400721E-01   1.3269283730948445E-02
  -6.7665496777749876E-01  -1.6978195060550294E-01   7.1645805448094633E-01   1.3283413340099413E-02
  -6.5860478834867875E-01  -4.0397939829368434E-01   6.3485461211088694E-01   1.3762912188747536E-02
  -6.9610133162681986E-01  -5.4401578531432531E-01   4.6849734410795341E-01   1.4692055047920237E-02
  -6.0287209837367879E-01  -6.0382414280552670E-01   5.2148023698668409E-01   1.2821008565744421E-02
  -5.3629056378278364E-01  -5.7738251885417524E-01   6.1564751125879820E-01   1.4020698748233185E-02
  -4.9913355873489813E-01  -6.7235304538028426E-01   5.4663248431875449E-01   1.2895318671797971E-02
  -3.4541537998657104E-01  -7.9950384580720222E-01   4.9140799322785336E-01   1.3035126255791014E-02
  -3.1171710881150734E-01  -6.8363111386488900E-01   6.5990980007122655E-01   1.2882898460814962E-02
  -9.2813045169799278E-02  -7.3888634345217739E-01   6.6740745433818738E-01   1.1345532361314301E-02
  -9.7525905391075582E-03  -8.3498222048334689E-01   5.5019049287903554E-01   1.3814327254984271E-02
   1.5825349182542150E-01  -5.1469994571970012E-01   8.4263859287431107E-01   1.3583509138624084E-02
   8.1181483788255822E-03  -7.6739000478827126E-01   6.4112921959458093E-01   1.2770191708039003E-02
   5.6456654119734466E-01  -7.9379385658616899E-01   2.2617677556841138E-01   1.3291663571553070E-02
   4.0646431787572936E-01  -7.4619058522558444E-01   5.2724412639167229E-01   1.1741244132971935E-02
   5.6056723760744456E-01  -7.1496934441332023E-01   4.1783155537889405E-01   1.2732503288400334E-02
   6.4332640812007869E-01  -4.3770724582358129E-01   6.2812697726562652E-01   1.1632033267909327E-02
   7.0772669826999932E-01  -1.2116510869539450E-01   6.9601863264619475E-01   1.2835140204647106E-02
   7.7563588007525519E-01  -3.5343041119287255E-02   6.3019032917391291E-01   1.3336452828313976E-02
   8.4433412038050903E-01  -7.0418308380230021E-02   5.3116961039402373E-01   1.3473146970812366E-02
   7.1321687817885628E-01   2.0020959415425041E-01   6.7174236362566617E-01   1.4181406951440318E-02
   8.3234155966753747E-01   2.5817744193988554E-01   4.9046094291348847E-01   1.2886293860281008E-02
   7.6433018621019722E-01   2.8454874335250944E-01   5.7864616053715681E-01   1.2298698296604360E-02
   7.1120329065743180E-01   3.9749238124206032E-01   5.7981866666446429E-01   1.2136057254619705E-02
   4.4169544084226269E-01   8.7747131768108151E-01   1.8694711601462512E-01   1.2930203661979318E-02
   4.9560513819405205E-01   6.8064364602347363E-01   5.3953662908418636E-01   1.1234601264830135E-02
   2.9722965240524385E-01   7.2059858691488206E-01   6.2641217282818911E-01   1.1144605354260422E-02
   4.2970706223175466E-01   7.5672844522830021E-01   4.9266002562671387E-01   1.3378630028383052E-02
   2.1571532242519345E-01   9.3434709003377225E-01   2.8365897661878572E-01   1.2803793885159232E-02
   1.3799396455212269E-02   8.5358456597692527E-01   5.2077150976551696E-01   1.3474347003428866E-02
  -1.5206078120436812E-01   9.2025094459182561E-01   3.6057692355081459E-01   1.2927223514440742E-02
  -1.0522383000929350E-01   8.2264013282153918E-01   5.5874068893318967E-01   1.5278730136710006E-02
  -3.1287099137983749E-01   8.2318115109693792E-01   4.7379798989835091E-01   1.2675266374998762E-02
   7.3399278188932389E-02   9.9715841521544810E-01   1.6959980140311279E-02   1.1698370730019236E-02
  -5.1120733615835201E-01   5.9367288464093679E-01   6.2146565914778487E-01   1.5350902315875041E-02
  -5.9277296939553006E-01   6.1304792562904931E-01   5.2229536436381050E-01   1.3395170860561045E-02
  -7.0163037482546162E-01   3.1437012569584133E-01   6.3944213279409681E-01   1.2810414162504529E-02
  -7.6237717775856426E-01   4.7141971388677808E-01   4.4333338718372524E-01   1.2260286299792347E-02
  -7.4678418755282419E-01   2.0673512384842283E-01   6.3211863268570534E-01   1.3472675859860939E-02
  -8.5278813805598670E-01   3.5972196799753990E-01   3.7861919831273791E-01   1.5004772924328531E-02
  -7.4778144056227340E-01  -1.0193207287662520E-01   6.5607375322419790E-01   1.2904146260751090E-02
  -7.0648351763769899E-01   1.0444840669957758E-01   6.9997969230841450E-01   1.2990491252715022E-02
  -9.5336871994677388E-01   5.2516019021141078E-03   3.0176233115568141E-01   1.2465032343109270E-02
  -8.2227878502375997E-01  -1.4034726570975531E-01   5.5150724810073388E-01   1.3481448079957836E-02
  -7.4567253395623538E-01  -3.2270058609824175E-01   5.8295523313127422E-01   1.4077349169626732E-02
  -8.0452880921533279E-01  -3.5535311453536789E-01   4.7587557106093623E-01   1.3731832623776934E-02
  -6.4658045021280426E-01  -6.3809312915773253E-01   4.1805607270353171E-01   1.1766487475842058E-02
  -6.1216773012993499E-01  -7.1358099923342477E-01   3.4066527225502452E-01   1.2703692025607085E-02
  -2.9927882786051354E-01  -8.7319854061123081E-01   3.8465113007614278E-01   1.5613887043296493E-02
  -3.8822361274299011E-01  -7.1958472278846006E-01   5.7574321814350196E-01   1.3588533006000461E-02
  -2.2829658088685840E-01  -8.3484059967611408E-01   5.0092099605406464E-01   1.3520345696276972E-02
  -1.0058368036241347E-01  -8.6662475356440343E-01   4.8871715721282882E-01   1.3301117129509679E-02
   1.3361779950945087E-02  -8.9574824822315371E-01   4.4436082032701067E-01   1.3436061643945616E-02
   1.0485387208521730E-01  -7.1478462879265825E-01   6.9143951286463139E-01   1.2589786071521660E-02
   2.1327995283115007E-01  -8.0582459854000525E-01   5.5241142105153980E-01   1.3325818416149506E-02
   4.4906419692021595E-01  -7.8465372459831064E-01   4.2738727112350903E-01   1.4493274354590633E-02
   5.1367140071811699E-01  -7.9293443498339542E-01   3.2771431751122964E-01   1.3131887909358151E-02
   5.9683494472335772E-01  -6.3118677814402080E-01   4.9536986167230355E-01   1.2952235385131643E-02
   5.4479524674701540E-01  -5.1368979740966143E-01   6.6281289302417719E-01   1.2264236798239379E-02
   4.6006553164831114E-01  -4.8464888217006497E-01   7.4394567516752410E-01   1.3009366985005162E-02
   7.6297628792842414E-01  -4.7998281600567045E-01   4.3299385722920967E-01   1.4212024518829698E-02
   7.9408790505507456E-01  -2.5444705388752693E-01   5.5197925306409896E-01   1.3775266296055406E-02
   8.8780475532913599E-01   2.2606404264695130E-02   4.5966473314927505E-01   1.2945921536584313E-02
   8.2882227431530247E-01   5.4521167837799132E-02   5.5684924338317279E-01   1.2763990299475361E-02
   8.0181866392819394E-01   1.7219933654260309E-01   5.7221868081240874E-01   1.3565975318400514E-02
   7.9016433959107708E-01   3.7275130652316442E-01   4.8651493288887941E-01   1.3353939035076932E-02
   5.3996986661074846E-01   5.0636706617199945E-01   6.7232799841203450E-01   1.2504429133548189E-02
   6.6727583216024824E-01   5.6295568736978758E-01   4.8767187521207163E-01   9.3370592421530105E-03
   6.4938941888863493E-01   6.4661253131315677E-01   4.0023195397703182E-01   1.6406740728502765E-02
   5.2438599125821819E-01   5.9693575122115821E-01   6.0719604831237799E-01   1.2300267267198604E-02
   4.0441076938702905E-01   6.8717003645366548E-01   6.0353067080642990E-01   1.4684466171636807E-02
   3.6470357970191514E-01   8.2716454957539760E-01   4.2753959685430134E-01   1.2734520458354004E-02
   1.6887254062744416E-01   9.0294975508297881E-01   3.9517566324056542E-01   1.3125314121968799E-02
   2.5327859720542731E-01   8.5130565990695235E-01   4.5948735086837713E-01   1.2930886555291048E-02
  -3.2202652990077132E-02   9.4295878637454749E-01   3.3134833082338178E-01   1.2757329041480419E-02
  -1.8966099592080404E-01   9.6834127866277484E-01   1.6230796241734788E-01   1.2755028213149666E-02
  -3.8873392002297935E-01   8.3200907429440409E-01   3.9578635615106386E-01   1.2704335804539841E-02
  -7.4953623341927189E-02   9.8842713881673081E-01   1.3188535020421221E-01   1.3763039187595045E-02
  -4.4374057856214968E-01   8.4613160059809704E-01   2.9522129565231401E-01   1.1808186851357871E-02
  -5.4934447372207904E-01   7.0901721790814083E-01   4.4217104597747232E-01   1.3472002832386982E-02
  -6.8074264058309435E-01   5.4797623136880871E-01   4.8611881998827595E-01   1.2961294761360316E-02
  -9.2084041274105761E-01   3.0949469757171917E-01   2.3720448233089666E-01   1.3192252662287096E-02
  -9.3843494573964801E-01   1.2913495128044312E-01   3.2041226095831798E-01   1.2894978875678311E-02
  -7.9400151539131105E-01   3.7363921027011093E-01   4.7953658265561918E-01   1.1473108182997993E-02
  -9.1518763019962481E-01   3.3834201680815856E-02   4.0160533901607511E-01   1.3121945958793491E-02
  -9.4834520887155804E-01   3.1668769342367704E-01  -1.8715492094840620E-02   1.2582381038681447E-02
  -9.8416593983785976E-01   1.3451880038326192E-01  -1.1542138106308639E-01   1.3271521141770857E-02
  -8.8918088233808188E-01  -4.2851813023250660E-01   1.6040439690515544E-01   1.2679350378041074E-02
  -8.7502611503615029E-01  -2.9382052432875518E-01   3.8470611833959328E-01   1.5568463192738120E-02
  -9.5400142278829936E-01  -8.3760991046340223E-03  -2.9968504514187885E-01   1.0635713919408691E-02
  -7.4599953232663498E-01  -6.4084730853359861E-01   1.8110611506430283E-01   1.2623044218268689E-02
  -5.7048084574775793E-01  -7.7940941706239100E-01   2.5898371614714835E-01   1.1413973512415896E-02
  -5.0114419662121845E-01  -7.9274733512423721E-01   3.4699590321255069E-01   1.5017625232299212E-02
  -4.5758501266615541E-01  -7.5390037288300702E-01   4.7143417774931970E-01   1.2849513650150812E-02
  -2.9827956500384389E-01  -9.2061360297057302E-01   2.5199185527841497E-01   1.3828593694941005E-02
  -4.0279486153544877E-01  -8.2398620694238502E-01   3.9850097903184590E-01   1.0691949948592381E-02
  -1.3995306643925769E-01  -7.9986608109366699E-01   5.8363292531359825E-01   1.4572821020645148E-02
  -1.9892691473549043E-01  -9.2961019154578324E-01   3.1024663474086438E-01   1.3035595705912015E-02
   1.2260539420251855E-01  -9.1259267668455095E-01   3.9005451384924603E-01   1.2975255767221734E-02
   5.0374798156515261E-01  -6.9119690980918591E-01   5.1815519194471724E-01   1.3111330659090603E-02
   1.0177209465498649E-01  -7.9858576099171374E-01   5.9321431463748562E-01   1.2498769702865118E-02
   6.1086845537989278E-01  -7.2993886421957042E-01   3.0664145956414188E-01   1.2256761515778125E-02
   4.1241306000459987E-01  -6.7246517072612511E-01   6.1457795445161043E-01   1.2600370952311168E-02
   7.9653584424700803E-01  -5.5441509853947135E-01   2.4115253957023608E-01   1.3812894159370048E-02
   7.0960938917570093E-01  -4.5875526002212208E-01   5.3478792637429997E-01   1.4087605277523636E-02
   7.8543054328063890E-01  -3.6860330579320557E-01   4.9722275153114328E-01   1.0876426629067266E-02
   9.0179324253964257E-01  -2.2041080719249768E-01   3.7173649778114215E-01   1.3341734385501878E-02
   7.2303653256555815E-01  -3.4839926876471328E-01   5.9652000980670197E-01   1.4247926602285022E-02
   9.3461231366587292E-01  -8.8226110542838967E-03   3.5555869371780071E-01   1.2226809036190736E-02
   8.7063771101394725E-01   1.4111794354664893E-01   4.7124908718167227E-01   1.3575551442335478E-02
   8.9330164212758199E-01   2.2875808322210194E-01   3.8688747140830948E-01   1.2478888412406235E-02
   8.5709311925482083E-01   3.3573028726861414E-01   3.9073847921157601E-01   1.3304316991768323E-02
   8.6320278539225903E-01   4.2375495680767914E-01   2.7443157229438375E-01   1.4911229021619570E-02
   7.2870042444363854E-01   4.7193186470307547E-01   4.9626203410450325E-01   1.3995802227232352E-02
   8.1009287856903907E-01   4.3894538710689552E-01   3.8868557373448521E-01   1.1960501569287851E-02
   5.4521669686912446E-01   7.1584709703494589E-01   4.3623581595481378E-01   1.2340946502019883E-02
   4.1373012929222899E-01   8.5677896329809027E-01   3.0782655532894654E-01   1.2395584425484278E-02
   2.5071469923660814E-01   9.5450357451950811E-01   1.6144678942666855E-01   1.2902100012382167E-02
   8.1401140217017947E-01   5.4439725584069283E-01   2.0252670186931270E-01   1.2278912329207232E-02
   2.9835822860292044E-01   8.8677085979850254E-01   3.5301531076874277E-01   1.3139565593930653E-02
   4.0521868745260212E-02   9.9171381809881325E-01   1.2190849496760183E-01   1.2327899788458536E-02
   4.9516116569269677E-02   9.0772616775362334E-01   4.1663096209381685E-01   1.3233513359108173E-02
  -2.7737609663186702E-01   8.8339298252956606E-01   3.7772918795717518E-01   1.4474841661148307E-02
   1.1665393817964040E-01   6.5113699829325586E-01   7.4994164317020626E-01   1.1705016213194961E-02
  -6.9393084825504694E-01   7.0765680064037007E-01  -1.3297304368730760E-01   1.3170704812861960E-02
  -4.9637704024212930E-01   7.8391017309455417E-01   3.7295398434569611E-01   1.2694145889600994E-02
  -6.0038643677389514E-01   7.2594941926609060E-01   3.3546023192797625E-01   1.3449679686476113E-02
  -6.4902483804312432E-01   6.4014907349719508E-01   4.1106681124092113E-01   1.2764033324670603E-02
  -7.3641136413685446E-01   5.6145033117239942E-01   3.7745440571875726E-01   1.2874641320970179E-02
  -8.3983230858817883E-01   5.0008548746558805E-01   2.1117812073639404E-01   1.3316028165036218E-02
  -8.6868990081002160E-01   4.8750242466686666E-01   8.7859217926185735E-02   1.3472177396442424E-02
  -9.0830374877379079E-01   2.4687188578208605E-01   3.3769597565543323E-01   1.4149659973848370E-02
  -8.1655077734119335E-01  -2.5150981499458296E-01   5.1960334966672761E-01   1.2173290143736009E-02
  -8.2962352882383161E-01  -4.5001900843013711E-01  -3.3046587187400940E-01   1.4792597936796255E-02
  -8.9145126137724979E-01   1.6497237032616210E-01   4.2201749444528689E-01   1.3490410009023222E-02
  -8.8855294040442363E-01  -3.6681663406825669E-01   2.7553444261922584E-01   1.2714293106683536E-02
  -7.6414090437231010E-01  -5.3303343822138993E-01   3.6326853979246767E-01   1.3140367786930549E-02
  -7.6794810127253124E-01  -4.5942456385061785E-01   4.4630122549975555E-01   1.1420647302297295E-02
  -5.5863567134604972E-01  -4.7290107009194982E-01   6.8138884978082590E-01   1.2215246309612606E-02
  -4.7731580000306888E-01  -8.7843452294117608E-01  -2.2856420816450704E-02   1.2912559949487430E-02
  -6.3047239811077880E-01  -7.7467005620466676E-01   4.8896413368486646E-02   1.1080602121239969E-02
  -3.8981303762439271E-01  -9.0080591942394381E-01   1.9129686675120109E-01   1.0400996772514952E-02
  -1.8920659818634915E-01  -8.8992441985010693E-01   4.1501251807288915E-01   1.0636840141519976E-02
  -8.5475373610503453E-02  -9.6217196841103068E-01   2.5868719278346077E-01   1.2779832859773017E-02
   1.1892709990215118E-01  -8.6071593897377383E-01   4.9499941141920409E-01   1.3482251958308837E-02
  -8.9539355348118317E-02  -9.2323117808156869E-01   3.7366682440639853E-01   1.3247328623575134E-02
   2.3319939095734825E-01  -9.4922866936915096E-01   2.1114681457410902E-01   1.3136688567942711E-02
   6.7019870961204813E-01  -7.1760120286799021E-01   1.8942598363677341E-01   1.4728365983666702E-02
   4.7107470851734785E-01  -8.6561636418169527E-01  -1.6969657938850311E-01   1.5420154019684862E-02
   5.1348482947763490E-01  -6.0670501170860449E-01   6.0682976085883116E-01   1.3184532493120324E-02
   6.5863097737784653E-01  -6.4924642213214021E-01   3.8037391996155225E-01   1.4496473362349720E-02
   8.6332346834638258E-01  -4.6088196626255264E-01   2.0557334986893587E-01   1.3858049072363259E-02
   8.8742028405380875E-01  -3.8478104186888192E-01  -2.5382826727564343E-01   1.3659463276076385E-02
   8.3646560659215830E-01  -3.8097166501415035E-01   3.9393639009966911E-01   1.2880929919376682E-02
   8.2156111082261578E-01  -4.6880369546269147E-01   3.2443864798206992E-01   1.1544884683621273E-02
   8.5840790096165680E-01  -1.8124933866783017E-01   4.7987972743081855E-01   1.1487717951066156E-02
   9.0187868951655581E-01  -9.2199176896078132E-02   4.2203571078237641E-01   1.3969719377927947E-02
   9.2238117620859850E-01   1.1691858648321498E-01   3.6816166273908713E-01   1.3080675114931342E-02
   9.7805652134837011E-01   1.6012030296796345E-01   1.3329264655401247E-01   1.4619728474906677E-02
   9.0742153116614048E-01   3.0640947857723972E-01   2.8757502710444282E-01   1.3883171643864629E-02
   9.9933464566675951E-01  -2.8802991486374028E-02  -2.2375291093705787E-02   1.5408374036872208E-02
   8.6065431277367317E-01   5.0889304569240874E-01   1.7378778725218700E-02   1.3545357235226936E-02
   7.3558477398238686E-01   5.4583597158748471E-01   4.0122080255942292E-01   1.3584712670030539E-02
   6.7385801337485196E-01   6.8635050778952378E-01   2.7356600349378333E-01   1.3488171225779406E-02
   5.6281164569515783E-01   8.1606804248228197E-01   1.3143820414569227E-01   1.4999738730998535E-02
   3.1950271561624399E-01   7.8207034725192326E-01   5.3505512488256919E-01   1.3238474280381374E-02
   5.1267675206514784E-01   8.1885662894607734E-01   2.5814021213866982E-01   1.3155521710266616E-02
   5.0390256136346938E-03   9.7443801862259587E-01   2.2459999128168868E-01   1.2964025785768758E-02
  -6.3619868619235618E-02   8.9372015924759367E-01   4.4409096958993342E-01   1.2946227403216157E-02
   9.8562621265475627E-02   8.0430865637223796E-01   5.8598037080943541E-01   1.1477277387866083E-02
   1.6347397930753413E-01   9.8272567757321951E-01   8.6755407483432752E-02   1.2558069414522470E-02
  -3.4877378094795741E-01   8.9622578369234898E-01   2.7410982172899439E-01   1.2463527373220513E-02
   8.6768530148922629E-02   8.2540885963525596E-01  -5.5782742547442199E-01   1.3108288187823880E-02
  -7.1820754218300342E-01   6.6964196062946160E-01   1.8909672370451050E-01   1.2964302944499608E-02
  -5.0221014799948849E-01   6.7450116596561625E-01   5.4114059573955098E-01   1.0532774861469814E-02
  -6.9256055389020315E-01   6.5491214230787795E-01   3.0240695271934595E-01   1.3220624956994662E-02
  -7.7113214329470150E-01   5.8290887606153410E-01   2.5607120061888877E-01   1.3101253243484865E-02
  -6.5571067283445759E-01   5.8463811572668991E-01  -4.7774657211803033E-01   1.2292014662896054E-02
  -8.0165438961795434E-01   5.8212738738961090E-01   1.3593360312009342E-01   1.2825167680007086E-02
  -9.5665118105400193E-01  -1.2952797537397398E-01   2.6084673926177886E-01   1.4742684390834055E-02
  -9.1948699063007098E-01   3.8889169898697173E-01   5.7505830322519556E-02   1.1200582833312920E-02
  -9.5308372360938431E-01   2.8361955049900471E-01   1.0578925449029823E-01   1.5608646373575943E-02
  -7.8157042212543217E-01  -5.6682185462851331E-01   2.6050078766515528E-01   1.0686930564849135E-02
  -9.2189220213100267E-01  -8.5197872650478299E-02   3.7796308040056448E-01   1.3076430213895698E-02
  -8.3358858544165884E-01  -4.1065877533531525E-01   3.6944477322256599E-01   1.2588807257848811E-02
  -9.3097654962095024E-01  -2.5788820317093561E-01   2.5841118149402273E-01   1.2847358531410899E-02
  -2.7335959596590289E-01  -7.6792955169036574E-01   5.7927431751631477E-01   1.2080952540909378E-02
  -6.8369925121282984E-01  -7.2891168670036528E-01  -3.5257437267111995E-02   1.3309677350944804E-02
  -7.0847385305192727E-01  -6.3033098903049192E-01   3.1740769336863601E-01   1.4748535766982432E-02
  -6.6419032394388555E-01  -7.1279841401573085E-01   2.2532118088625239E-01   1.3855788359874144E-02
  -4.3725638991927172E-01  -8.9481770723184297E-01   9.0045101472058384E-02   1.3454487833580102E-02
  -1.8874606368316151E-01  -9.7868115314796018E-01   8.0982244455749868E-02   1.3180507401699748E-02
  -3.1085718824335267E-01  -9.4316228958553445E-01   1.1752746071114264E-01   1.5720638670980338E-02
   1.4744329188161802E-02  -9.4446399064576365E-01   3.2828398549163174E-01   1.3264276639463055E-02
   2.2526609439328582E-02  -9.7755637977386893E-01   2.0946616965652294E-01   1.2684180578308526E-02
   1.2628557394324429E-01  -9.5225760970626787E-01   2.7795215158427968E-01   1.3228563834712403E-02
   5.2072343866616801E-01  -8.4243842685817647E-01   1.3836400318147204E-01   1.1315115426259201E-02
   3.2279782492900906E-01  -8.6529817719664415E-01   3.8348484815083088E-01   1.2865765847360986E-02
   4.1248607619865805E-01  -8.6530959525721389E-01  -2.8477103310911307E-01   1.2155002294466239E-02
   4.4401024355855849E-01  -8.9479374907155176E-01  -4.6894032003513830E-02   1.5074749429383452E-02
   3.2857162400522792E-01  -7.4256021184878929E-01  -5.8364802721987177E-01   1.1920527147416635E-02
   8.6133911963910066E-01  -4.7560665671908939E-01  -1.7858675500671842E-01   1.2604738078938305E-02
   7.1499272282150272E-01  -6.9748832916428825E-01  -4.7910718966668266E-02   1.1555427880231086E-02
   8.8334694314910873E-01  -3.6434904632212812E-01   2.9486937866330059E-01   1.4386897617582582E-02
   9.5436797036059104E-01  -2.5781426558132465E-01   1.5071025715779398E-01   1.2749073821464494E-02
   9.8488127087178015E-01   5.0361218170731554E-02   1.6574869529003033E-01   1.1774285573791428E-02
   9.5968930327585902E-01   6.9431695789053416E-02   2.7235212647921934E-01   1.1828096068763254E-02
   9.9317840487393028E-01   9.9385418835182922E-02  -6.0985199967129393E-02   1.3171084966772901E-02
   9.4602827526681974E-01   1.8248343234690410E-01   2.6782512823590539E-01   1.4132281496033681E-02
   7.3956756854305237E-01   6.0403852162802050E-01   2.9694658770350074E-01   1.1859067525017621E-02
   7.4472920328021432E-01   6.4264663617294016E-01   1.7995475763986342E-01   1.4207613103758292E-02
   5.8371467122202070E-01   7.3979166339753455E-01   3.3464231257818762E-01   1.1980616647224189E-02
   6.2975593069425084E-01   7.7169979944424050E-01  -8.8808148799178319E-02   1.2373522596755226E-02
   3.3098162996506870E-01   9.1194915194193875E-01   2.4248691696263700E-01   1.3659186944442232E-02
   6.4628723655678773E-01   7.6255828252235336E-01   2.8594992924448563E-02   1.3454046344041704E-02
   3.6090027650939454E-01   9.2480675111475179E-01   1.2034726215423419E-01   1.2349530128915429E-02
   2.7981049282536095E-01   9.5920698004717106E-01   4.0349194956213834E-02   1.3694383345807375E-02
  -1.1844485045769946E-01   9.5981022737265480E-01   2.5443102175423875E-01   1.3098926481070303E-02
   9.3045650763740699E-02   9.4593593996822616E-01   3.1072126472190509E-01   1.3424176443549929E-02
  -1.5057831305746014E-01   9.8769608214768780E-01   4.2221095993324376E-02   1.3286055609275333E-02
   6.9846709524910988E-02   9.7679048603008702E-01  -2.0248897147659424E-01   1.2579658826150482E-02
  -4.2498813212456064E-01   9.0498575061153232E-01  -1.9643796561721174E-02   1.1660023339147854E-02
  -3.0876505663493474E-01   9.3623567680697644E-01   1.6771075479827770E-01   1.2749770614341638E-02
  -5.3784690709832583E-01   8.0414318764891384E-01   2.5312929163296864E-01   1.2515728051541430E-02
  -6.2862100156177476E-01   7.4628152018328029E-01   2.1885961031767183E-01   1.3115033621621932E-02
  -6.6375008126999084E-01   7.4059267175083576E-01   1.0468201451557715E-01   1.3086499346645264E-02
  -7.4802257734867803E-01   6.6018633664174171E-01   6.7942804535857872E-02   1.3296682961226494E-02
  -9.5348640316241475E-01   2.0788821234376016E-01   2.1828002692165165E-01   1.2790770050958076E-02
  -8.2957621997838586E-01   1.7941642715789903E-01   5.2878449382736923E-01   1.2995392634099181E-02
  -8.7273368837081549E-01   4.0183952209359184E-01   2.7723799823665249E-01   1.0878818506253274E-02
  -9.0190293322603594E-01   3.9730116586837472E-01   1.6947826597502901E-01   1.2654553409093321E-02
  -7.1715471577008874E-01  -4.3689092741291891E-01   5.4296908861647273E-01   1.1969288475475148E-02
  -8.1190053963031144E-01   4.7876119112415392E-01   3.3407369788923886E-01   1.4307685719851029E-02
  -9.7314792702722244E-01   9.4020781238584039E-02   2.1010284343127297E-01   1.3673615022250751E-02
  -9.6742100793421510E-01  -2.0200331023392630E-01   1.5261473081614243E-01   1.3942390216861376E-02
  -9.1698863786592515E-01  -1.9415720267833091E-01   3.4847499002499545E-01   1.0677180864143831E-02
  -9.2836318007033327E-01  -2.4754014805197380E-01  -2.7724660681801816E-01   1.4776554799439965E-02
  -7.6062271397962977E-01  -6.4778542494041709E-01  -4.2744943712975889E-02   1.3089936208668518E-02
  -7.1045001282081541E-01  -6.8955270584618091E-01  -1.4063372690472731E-01   1.2971666218845856E-02
  -4.9294218883542396E-01  -8.4623800528983253E-01   2.0221087228244308E-01   1.5255613762219853E-02
  -5.5459458946758637E-01  -7.0433953567188015E-01   4.4309215725715525E-01   1.3729059484604189E-02
  -4.0555210066709364E-01  -8.6455109890642738E-01   2.9678088048962351E-01   1.3688386862424682E-02
  -8.9515792244586407E-02  -9.8552907238567400E-01   1.4394224682648639E-01   1.3610617551738331E-02
  -1.9871358204609690E-01  -9.5944829325117951E-01   1.9992969986424647E-01   1.2717362178594984E-02
   1.2776066994922597E-01  -9.7943878227327303E-01   1.5613098024790850E-01   1.3098226163232585E-02
   2.3792778863362036E-01  -9.6660010383959367E-01   9.5260729858647171E-02   1.3040209526822251E-02
   3.3455072654060896E-01  -9.0345865585253264E-01   2.6802661908154919E-01   1.2621920400858810E-02
   3.3947668961346804E-01  -9.2891539210820877E-01   1.4789107989846348E-01   1.3828319661586108E-02
   3.2781057421488269E-01  -8.1095413667756926E-01   4.8465824622969853E-01   1.3332773802002562E-02
   6.6368343976402242E-01  -7.3322319699907439E-01  -1.4801363168793566E-01   1.3861736426389046E-02
   6.8323149314765432E-01  -5.6128935866656970E-01   4.6706421680417538E-01   1.1582224351259776E-02
   8.1286676779980436E-01  -5.7617717900662280E-01  -8.5249493832333556E-02   1.4393027944871646E-02
   8.2419400091250310E-01  -5.5176682580492624E-01   1.2750536773405772E-01   1.2887743491499122E-02
   9.1374138798867417E-01  -3.5977934372608456E-01   1.8877367322950235E-01   1.1234766759008294E-02
   7.7488785487042264E-01  -6.3141391677096514E-01   2.9415609500117995E-02   1.5174539627987449E-02
   8.4875149735470483E-01  -2.8695951660221276E-01   4.4415665206047592E-01   1.3125135403414310E-02
   9.4215200682448987E-01  -1.3369085836604009E-01   3.0737005453677129E-01   1.2649761514644129E-02
   9.7045541286755164E-01  -4.1462220974560404E-02   2.3769134579939259E-01   1.4005582718723359E-02
   9.5950032669630758E-01   3.8506811915348633E-02  -2.7906334138649442E-01   1.3986812860508384E-02
   9.8131106945144495E-01   1.9230888695799761E-01   6.7732539475216571E-03   1.3026393811202128E-02
   8.7363270739886776E-01   4.6430494780056000E-01   1.4555688925929822E-01   1.4066586931345828E-02
   8.4403009404661873E-01   5.2533552016608676E-01  -1.0786932648108494E-01   1.3318424530284543E-02
   7.9519381346973486E-01   6.0622994061858906E-01  -1.2331184737997909E-02   1.3494183712868038E-02
   6.6589951501200186E-01   7.3245434790634594E-01   1.4173377910671292E-01   1.2337829262342108E-02
   6.0432515768171493E-01   7.6386688305252095E-01   2.2649169690873157E-01   1.1573198922610775E-02
   2.8564691745055040E-01   9.5479884083752147E-01  -8.2249693533311525E-02   1.2667680690009320E-02
   1.3624211947259819E-01   9.6985007630884734E-01   2.0206165981040840E-01   1.3532463190091824E-02
   1.7555493719755328E-01   9.4959814011068637E-01  -2.5969951159732347E-01   1.1982305326426110E-02
  -3.7190725568701808E-02   9.9930668660558624E-01  -1.7309064208917917E-03   1.4671474284070030E-02
  -1.2518064307356045E-01   9.8813392642319151E-01  -8.9000842980146331E-02   1.3702963574459182E-02
   1.7907387072817851E-01   9.1349033588060387E-01  -3.6533266357549992E-01   1.1443604687701421E-02
  -4.6467073278102831E-01   7.3743620481299352E-01  -4.9017237164874032E-01   1.2468735756136733E-02
  -1.1615668333090434E-02   9.1991366199386722E-01  -3.9194888790020638E-01   1.2674144316208980E-02
  -4.8874921856761731E-01   8.6964823474931823E-01   6.9542426956053749E-02   1.2992110831296864E-02
  -3.8049882945997409E-01   9.2119347168174226E-01   8.1383220079624188E-02   1.2889510484806255E-02
  -5.9020778585535627E-01   8.0682309583482166E-01   2.6291853172268809E-02   1.3384365961560043E-02
  -8.1804193528564166E-01   5.7484319540049178E-01   1.9044495684424767E-02   1.2508847366194089E-02
  -7.6685167987064471E-01   6.1487718711488970E-01  -1.8402322094032339E-01   1.3343434757356099E-02
  -8.3039412253342189E-01   5.4936819220354529E-01  -9.2952625874456540E-02   1.3738278300384237E-02
  -8.8914073621580751E-01   4.5672672288237077E-01  -2.8800204977424414E-02   1.4734200419143373E-02
  -9.8209169067693676E-01   1.5452987747772999E-01   1.0777953456029441E-01   1.3364224454613898E-02
  -8.7850484241382620E-01   4.5667837625073409E-01  -1.4026440218548402E-01   1.0245749408194857E-02
  -8.7448900383384522E-01  -4.7825211409334658E-02   4.8268181168067823E-01   1.2714293205757183E-02
  -9.7835597180677052E-01  -2.9308060858874905E-02   2.0484293983128139E-01   1.1588740794024519E-02
  -9.8851248654243822E-01  -9.2485460578129235E-02   1.1953871143415107E-01   1.2498362405533663E-02
  -9.3428093767607230E-01  -3.1733161899642663E-01   1.6254160415175458E-01   1.3175209768187157E-02
  -8.8958580017559594E-01  -3.8692338956602295E-01  -2.4274965444400580E-01   1.3695167586593655E-02
  -9.4106354755388306E-01  -2.9569796912116516E-01  -1.6420143276755885E-01   1.3436840625274860E-02
  -7.8701836701052743E-01  -6.1342565743939650E-01   6.5658607837257508E-02   1.4047461602768596E-02
  -4.4239507583634916E-01  -8.6568778716661416E-01  -2.3424613556326088E-01   1.3470836951868730E-02
  -5.8451214371124616E-01  -8.0988649931900962E-01  -4.9289066484194928E-02   1.3086661140215736E-02
  -2.6673978235864917E-01  -9.6373970566540237E-01   7.4611146100329160E-03   1.0889248974129440E-02
  -1.5442047798939442E-01  -9.4933074237509523E-01  -2.7372514966491064E-01   1.0332441736960334E-02
  -1.6899678987934172E-01  -9.8409360152583982E-01  -5.4771054822590575E-02   1.5468599118673136E-02
   3.0969760678114859E-02  -9.9529442237531960E-01   9.1814414511661955E-02   1.3594578828720580E-02
  -5.6822529985364802E-02  -9.9522493195858992E-01  -7.9363309495524952E-02   1.1171396658624446E-02
   1.4439190437205562E-01  -9.8914970168647081E-01   2.7089584813675116E-02   1.2695379274899139E-02
   7.4806303512840984E-01  -6.4791544120141511E-01  -1.4355234768977912E-01   1.1931246496729315E-02
   6.1350851535853153E-01  -7.8211181189938381E-01   1.0912568565664746E-01   1.2262024945640340E-02
   3.5136215725992166E-01  -9.3591670362262498E-01   2.4587767808683889E-02   1.2601334162936535E-02
   2.7129472822304019E-01  -4.7998281824028703E-01   8.3427553280226228E-01   1.2350085356672422E-02
   7.4487663433183222E-01  -5.6737054118797206E-01   3.5106903682687491E-01   1.3722918087487028E-02
   8.4080092117300982E-01  -5.4111640044976372E-01   1.5711528216859715E-02   9.5602499563702832E-03
   7.1115103219843645E-01  -6.4808157021708794E-01   2.7249676649100278E-01   1.2013188140680213E-02
   6.0211852476675052E-01  -6.5884309395626426E-01  -4.5097567526292268E-01   1.3912807906136193E-02
   2.2924763207776593E-01  -8.6496367487723109E-01   4.4641165344288796E-01   1.2472478187287019E-02
   9.7072229978755615E-01  -1.4748220326569381E-01   1.8959751162674770E-01   1.2742359462736936E-02
   9.8831074240223913E-01   2.6267575860443544E-02  -1.5017287008894476E-01   1.2616580853806982E-02
   9.2824186521599206E-01  -1.8565884010364812E-01  -3.2233187051811054E-01   1.5800711707959696E-02
   9.6573958126763007E-01  -1.7620303432201365E-01  -1.9052441278937980E-01   1.3482534121294487E-02
   9.4786720460660430E-01   2.5651298285011142E-01   1.8907366834279218E-01   1.1084583949781359E-02
   9.1461348211476725E-01   4.0034883391562923E-01   5.6594960166927786E-02   1.3061397442042315E-02
   9.0054129087299231E-01   4.3014008078045585E-01  -6.3284234521624008E-02   1.3109193217880839E-02
   7.7472193380328003E-01   6.1789610682135976E-01  -1.3420255757292010E-01   1.2756717816232896E-02
   8.1048212076934014E-01   5.7754289787483737E-01   9.7790250166198973E-02   1.2641628891689924E-02
   8.0079004434982579E-01   5.1370478336663457E-01   3.0796542081286167E-01   1.1884735642806690E-02
   5.5941280940119062E-01   8.2885929340499551E-01   7.0413360975761874E-03   1.2876937289295995E-02
   3.7446359089774384E-01   8.9299886865295477E-01  -2.4965984794618024E-01   1.1104716566821036E-02
   4.6736677179931920E-01   8.8070466779730481E-01   7.6990835415145122E-02   1.3994103659919470E-02
   5.3259672812209660E-01   8.3825519968929960E-01  -1.1691426511546876E-01   1.3433483203003491E-02
  -4.2759706138728895E-01   8.9398970107542990E-01  -1.3395210884498394E-01   1.2824140805819195E-02
   6.1383008119679623E-02   9.9391116092662948E-01  -9.1502625643524187E-02   1.2837336446049483E-02
  -2.2795950772858253E-01   9.7284286992102071E-01  -4.0139921275140464E-02   1.0745789467372071E-02
  -3.3110851590399526E-01   9.4095833878269186E-01  -7.0459600986456667E-02   1.4940396459933076E-02
  -2.3877207198076302E-01   9.3286570241406128E-01  -2.6972111319200298E-01   1.3450989738281403E-02
  -6.2018193531341881E-01   7.5655073727099467E-01  -2.0737731082646618E-01   1.2681806754808975E-02
  -5.6092452245967470E-01   8.1593375402690000E-01   1.4005637844438246E-01   1.3527938876220005E-02
  -6.8757943268158925E-01   7.2603422536110598E-01  -1.0432035159192008E-02   1.3241549821510865E-02
  -7.6256928541095670E-01   6.4369049830208711E-01  -6.4425362578985954E-02   1.2955445130988485E-02
  -9.2656789001685489E-01   3.5276335190595294E-01  -1.3049889938919159E-01   1.5940583756981423E-02
  -9.5633410471194598E-01   2.0646570166351879E-01  -2.0687434399023941E-01   1.3065144538041249E-02
  -9.9937479095480288E-01  -3.5246699349000163E-02   2.7744168837919907E-03   1.3065858109240494E-02
  -8.7910783581894130E-01   2.7118122664813371E-01  -3.9195682838209462E-01   1.3628465481691163E-02
  -9.7966048092837266E-01   2.0059171762270918E-01   5.3202376226064594E-03   1.2913206910122146E-02
  -9.9014080773558071E-01  -9.9336189794065906E-02  -9.8759821050511380E-02   1.2971503272797811E-02
  -9.6600191576988710E-01  -1.8267559596031134E-01  -1.8294787609986908E-01   1.2176247196338432E-02
  -9.2979226088663669E-01   7.5879745310208424E-02  -3.6017858882361997E-01   1.4383047053292350E-02
  -6.8843727954671898E-01  -5.7082509438826614E-01  -4.4745147641609115E-01   1.2890192004995480E-02
  -7.0393221616279220E-01  -7.0357776009407029E-01   9.7251069655561686E-02   1.4582045863066028E-02
  -8.4182777965003979E-01  -4.7132877814133227E-01   2.6301173415892061E-01   1.4290853169369624E-02
  -6.6839651904457540E-01  -6.5706517705341767E-01  -3.4858491997339098E-01   1.3253373928815184E-02
  -5.3812435013926088E-01  -8.4001534557208384E-01   6.9256068258390258E-02   1.2903456507349982E-02
  -5.1891975955731411E-01  -8.4304003370478995E-01  -1.4144180680409193E-01   1.2968909132167552E-02
  -2.9619497438097149E-01  -9.4967146264463516E-01  -1.0194434849394616E-01   1.3051629700468661E-02
  -3.6963383174544369E-01  -9.2915396330613333E-01  -6.6138416737578449E-03   1.2761685388258561E-02
  -1.0553437455412320E-01  -9.7855936181990657E-01  -1.7687303689960034E-01   1.2603245156099256E-02
  -2.2170238426397519E-01  -9.5707925282672015E-01  -1.8667446697477354E-01   1.3844840690363000E-02
  -7.3239012951818241E-02  -9.9683212173161806E-01   3.1012385685144035E-02   1.2156609048665925E-02
   1.5134785223328966E-01  -9.8396445882573715E-01  -9.4380990629175585E-02   1.2928080297921729E-02
   5.3885295419763697E-01  -8.4197004415560457E-01   2.6906105201022177E-02   1.3236957329443597E-02
   2.4942662401083444E-01  -9.6809495561113703E-01  -2.4052362770183460E-02   1.2918923570495031E-02
   1.9018909985068577E-01  -9.3658516422265627E-01  -2.9434051106839751E-01   1.2314125128922218E-02
   5.6292979935257668E-01  -7.3691756443250043E-01  -3.7424930759019350E-01   1.3241030719813907E-02
   7.5189161516355405E-01  -6.4007648535822712E-01   1.5799079700476540E-01   1.2666160645368234E-02
   7.9657411242804566E-01  -5.6751481112897393E-01  -2.0831856028380278E-01   1.3361849278663072E-02
   6.2824417282299381E-01  -7.7753743321168063E-01  -2.7291010764416046E-02   1.5968083384769514E-02
   9.3385722860108675E-01  -3.4817965191643108E-01   8.1741094810691948E-02   1.2830387432860237E-02
   9.3301350007200821E-01  -3.5879219472291557E-01  -2.7458508504543673E-02   1.1811815669040542E-02
   9.4780383601663338E-01   3.1761017929679349E-01  -2.8136496569638414E-02   1.3591341010582285E-02
   9.7351924347749943E-01   1.2933340450230983E-01  -1.8850239536631598E-01   1.3091562169497588E-02
   9.2946459243129826E-01   3.4101864192843880E-01  -1.4071907217503949E-01   1.3050711668187744E-02
   7.0586571751334679E-01   2.9690697413138526E-01  -6.4311728133483781E-01   1.2577316556761575E-02
   7.3414186941560411E-01   5.2823386758211699E-01  -4.2662008474777720E-01   1.4482976102396568E-02
   9.6978625182396829E-01   2.1933461915724326E-01  -1.0680332678510536E-01   1.3430151921796896E-02
   5.8456394467583772E-01   7.8675433748869752E-01  -1.9824885126462837E-01   1.2583025242832135E-02
   4.7827512083635977E-01   7.9230216431723024E-01   3.7882738708704555E-01   1.4239819245753602E-02
   2.8312789135295828E-01   9.3665177095703207E-01  -2.0620877066963734E-01   1.2948700105051871E-02
   3.0601975321746639E-01   7.9868937849722199E-01  -5.1811889303174645E-01   1.1867523304992080E-02
   7.2915209033651713E-01   6.8141576419841812E-01   6.3322866800022872E-02   1.2761545202062063E-02
   4.7010960668038502E-01   8.8159708328793354E-01  -4.2231983673773783E-02   1.0455438198677043E-02
   1.7846166772690109E-01   9.8344566845601360E-01  -3.1401438617327315E-02   1.2527536302262685E-02
   3.6449649983081440E-01   8.2749963001262010E-01  -4.2706751684020876E-01   1.3735058334976336E-02
  -4.3976176257319022E-01   8.7872449623361408E-01   1.8561479439285645E-01   1.4973327052260519E-02
   7.6408485971925675E-02   9.4268493089185839E-01  -3.2481820198518752E-01   1.3649552561890528E-02
  -2.7213483045174955E-01   9.6029607013127514E-01   6.1433636921694079E-02   1.3713519974089070E-02
  -3.1791789331951708E-01   8.4553574139386551E-01  -4.2894932466761908E-01   1.1002856578990503E-02
  -6.0857749224552737E-01   7.2109045896155335E-01  -3.3115251158153920E-01   1.2664659175888395E-02
  -4.3842379577660004E-01   8.6027989775823581E-01  -2.6019814144208957E-01   1.3729340464364612E-02
  -6.7094610162840063E-01   4.9655542167459563E-01  -5.5069414552473361E-01   1.4005498208556362E-02
  -8.2775243365394839E-01   5.1391928739992228E-01  -2.2519519226289351E-01   1.3794954086620086E-02
  -9.1675676940867277E-01   3.0208877544970751E-01  -2.6134153418595671E-01   1.4149819077594625E-02
  -5.9965830369636866E-01   4.7212283672017854E-01  -6.4615009545405577E-01   1.3305062100623264E-02
  -9.6342136342469615E-01   2.4751735282870757E-01  -1.0273478741676869E-01   1.1082667702316498E-02
  -9.7721045069403107E-01  -5.4563961235575285E-02  -2.0514021835966578E-01   1.3594381338938959E-02
  -8.4983468795944379E-01  -1.8319372248626030E-01  -4.9418727541540566E-01   1.2822174419870365E-02
  -9.8805637844784258E-01  -1.5169209535921324E-01   2.7094302243558159E-02   1.2760154068050953E-02
  -9.2298316798949553E-01  -3.7964760359498007E-01   6.3006100440065493E-02   1.3188818366638797E-02
  -8.8905173246798537E-01  -4.5615033980254251E-01  -3.8908668618944553E-02   1.3305155503340758E-02
  -8.5497802762835988E-01  -4.9134719278421333E-01  -1.6610390849041659E-01   1.5043706576180824E-02
  -8.2945835079319945E-01  -5.5703697425349095E-01  -4.1335863532063764E-02   1.2329929023677315E-02
  -7.3129540175833831E-01  -6.3325885378583919E-01  -2.5335796705246025E-01   1.3298569279936989E-02
  -6.1635616776959505E-01  -7.7250291566763432E-01  -1.5278848038181065E-01   1.3139607981075829E-02
  -6.1087718537887783E-01  -5.9192877476734731E-01  -5.2578454711602856E-01   1.2071881213666487E-02
  -4.1556581612244665E-01  -9.0164626915642767E-01  -1.1974580488175579E-01   1.3268573560195120E-02
   2.2711870985747100E-01  -9.1677461540256147E-01   3.2854435954093559E-01   1.3012692023811601E-02
  -5.9926840787422178E-01  -7.8586484453248300E-01   1.5262313537544639E-01   1.2447465350503897E-02
  -3.6767527617620877E-01  -6.0877709715453499E-01  -7.0299739492322901E-01   1.2787726965258128E-02
   4.6276310633926272E-02  -9.9839968347304460E-01  -3.2505001384969612E-02   1.3889120922101286E-02
   4.1770626382756699E-01  -8.4675787443241806E-01   3.2942765403940855E-01   1.1901178929288994E-02
   6.1413040330148725E-03  -9.2202882300088849E-01  -3.8707251767642997E-01   1.1878776708816996E-02
   5.1571505279996828E-01  -8.0828779326446316E-01  -2.8409299107016048E-01   1.2319884279010909E-02
   5.7394139108645916E-01  -7.9873326242693903E-01  -1.8060026326270622E-01   1.2703103263345925E-02
   4.3773170283177718E-01  -8.9498487397216913E-01   8.5982740692613326E-02   1.2388029956186686E-02
   6.8377415615388584E-01  -4.8504002158129449E-01  -5.4515051209776821E-01   1.4410085281669986E-02
   9.8454359180500077E-01  -1.5940083488357160E-01   7.2562315799099526E-02   1.3432516131465766E-02
   5.8005411398063060E-01  -3.4857618029092201E-01  -7.3622813813921582E-01   1.3094928891836539E-02
   9.5713278652363591E-01  -2.6654403713567545E-01  -1.1336271533849087E-01   1.5177325565836821E-02
   8.8283742835386665E-01  -4.6613913853222524E-01  -5.7553267726222801E-02   1.4466945570330036E-02
   8.2643326594194804E-01  -4.8159732846392469E-01  -2.9167116786020483E-01   1.3290115633735464E-02
   9.1493127910590761E-01  -3.7986697836675343E-01  -1.3638853786202292E-01   1.2218242988199248E-02
   9.8681068825419160E-01  -1.5632923569069597E-01  -4.2021846885299565E-02   1.2773304067071878E-02
   9.3772937144836721E-01   1.4965924457271981E-01  -3.1347366147249600E-01   1.2929171575948193E-02
   7.2592554477095597E-01   4.6084638079467313E-01  -5.1054159160389840E-01   1.0961104312268972E-02
   6.8959803172035414E-01   7.0432114774977617E-01  -1.6848227052082143E-01   1.3291735566063043E-02
   8.7678729161465956E-01   4.3952886292743347E-01  -1.9508568352584792E-01   1.3833382571029862E-02
   3.9895686622571969E-01   9.0719182214738190E-01  -1.3355304833760449E-01   1.5699792794347678E-02
   7.1908984723945037E-01   6.9276000413732133E-01  -5.4711683074116433E-02   1.3177210410995375E-02
   9.1540202227493790E-01   3.6323714024719216E-01   1.7348751413284925E-01   1.2425469085587657E-02
   5.8939525380874480E-01   7.0437422523604525E-01  -3.9556312468536078E-01   1.4304076481031258E-02
   7.2743092010997934E-01   6.3839275393532446E-01  -2.5159282221641606E-01   1.3150975540775272E-02
   1.8524887881985086E-01   9.7155140542544878E-01  -1.4754904103999937E-01   1.4054237011193327E-02
  -3.3836539693116743E-02   9.8737250056708916E-01  -1.5475992280138118E-01   1.2892504303188803E-02
  -2.4045724592493944E-01   9.5871702201629265E-01  -1.5179586482643286E-01   1.3076409443581700E-02
  -5.2892680753921608E-01   7.9637983299975819E-01  -2.9328415207380409E-01   1.2706629765091555E-02
  -1.1278521402750570E-01   8.8561250588238742E-01  -4.5052190282103695E-01   1.4426838574697416E-02
  -5.2623872502659879E-01   8.3030728094607635E-01  -1.8347376785337172E-01   1.3270630114322510E-02
  -6.0989242771417604E-01   7.8727498817246548E-01  -9.0715597418266540E-02   1.3369524662058145E-02
  -5.1926204220471988E-01   8.5235079116280552E-01  -6.2169609372450942E-02   1.2912930483838965E-02
  -6.9095787694448694E-01   6.7368736822111721E-01  -2.6214984681985247E-01   1.3805444585303457E-02
  -7.5940368423196265E-01   5.8031859568281154E-01  -2.9417065094881725E-01   1.2155544299754348E-02
  -8.6197192722090499E-01   3.7532244140112505E-01  -3.4078946824069849E-01   1.1939028632515527E-02
  -8.9005982484233499E-01   1.5872586536440522E-01  -4.2731675355168655E-01   1.2472969715915274E-02
  -7.5874143947761983E-01   1.0156491043368772E-01  -6.4342520698836969E-01   1.2035686921668012E-02
  -9.9401828446752560E-01   2.7685439225674968E-02   1.0564642255712626E-01   1.2177141015295851E-02
  -9.3015664026250011E-01   1.9074742103462929E-01  -3.1372606832110033E-01   1.2660882645497606E-02
  -9.7358916931853585E-01  -2.1793184421297038E-01  -6.8042932502775946E-02   1.3522998451959904E-02
  -8.6273322476550849E-01  -5.0201161273052772E-01   6.0627745871021723E-02   1.3667201452564481E-02
  -8.7847185350538659E-01  -3.3537285857287937E-01  -3.4031198675842438E-01   1.2484608742828973E-02
  -9.0695627174570070E-01  -3.9907004827878030E-01  -1.3480881910287126E-01   1.0255012831646177E-02
  -9.6325423597192739E-01  -2.6511789523011782E-01   4.3055528226823743E-02   1.2634865965254209E-02
  -7.9151632105609604E-01  -5.9127466910679463E-01  -1.5458389041059091E-01   1.3513019279779106E-02
  -5.4951118509669596E-01  -7.9645723080682762E-01  -2.5237538895293348E-01   1.2648585514357100E-02
  -2.5047271451146349E-01  -9.1320979299410467E-01  -3.2142074180880624E-01   1.5536085440830183E-02
  -3.9366234246200396E-01  -8.0744474449597945E-01  -4.3938928607005288E-01   1.2843934913207209E-02
  -1.9349750884649456E-01  -8.7138003385654379E-01  -4.5083871912954576E-01   1.2642501482960231E-02
  -3.6633005275074693E-01  -8.7272518423013832E-01  -3.2272750930484073E-01   1.3249287958576104E-02
   2.2106272195045142E-02  -9.8620314291815419E-01  -1.6405692191429575E-01   1.4744507338677472E-02
   4.4142907751910920E-01  -8.7129000984186398E-01   2.1446232366174045E-01   1.4942973336681886E-02
   3.3789555550083650E-01  -9.3664396819041613E-01  -9.2329141798740206E-02   1.2282065984912860E-02
   3.4446056966512932E-01  -8.4926048937341356E-01  -4.0012940048839756E-01   1.1878379505397025E-02
   3.0111678177653656E-01  -9.0513697576486880E-01  -3.0009288368065161E-01   1.4646753208471055E-02
   7.1243874033200267E-01  -6.5497521298059524E-01  -2.5187002929124587E-01   1.2773995279896988E-02
   2.5061842235710996E-01  -9.5315197514846872E-01  -1.6938630005347523E-01   1.4691274534466969E-02
   7.7585013798144606E-01  -4.9056781380100052E-01  -3.9673641559186112E-01   1.2335138617292478E-02
   9.3343852954886390E-01  -2.7679545160206995E-01  -2.2820339508004914E-01   1.1382556340592229E-02
   9.8854531800061558E-01  -8.4253629290606558E-02  -1.2521773121416546E-01   1.1563769326854405E-02
   9.3686716860717194E-01  -6.3456257954592328E-02  -3.4387964713309365E-01   1.3157172615811830E-02
   9.9344476537734430E-01  -5.1744103026620873E-02   1.0193157482509294E-01   1.3493736530017355E-02
   8.9235483032272249E-01  -1.3758162976310815E-01  -4.2985364015142640E-01   1.2775081874889069E-02
   9.2971311913451071E-01  -2.5193314527623127E-01   2.6863210236381736E-01   1.4395051452105125E-02
   8.1215573251039288E-01   5.4053986800777469E-01  -2.1958988420381469E-01   1.3046771164907569E-02
   9.0338613249956463E-01   3.4589938121316051E-01  -2.5347014357480342E-01   1.2816051815376108E-02
   6.3963097654824299E-01   5.3301778628672274E-01  -5.5386302759973303E-01   1.5242524020532286E-02
   5.2507706567058774E-01   5.5874680867105306E-01  -6.4194709977277631E-01   1.3683693151022549E-02
   4.0556003192188568E-01   7.4368465258356817E-01  -5.3146420201098827E-01   1.4508947572103019E-02
   4.7499657205362587E-01   8.5103787182907773E-01  -2.2385887797882602E-01   1.2817727395171821E-02
   4.3001796688525298E-01   8.3852048076104939E-01  -3.3461612558293115E-01   1.3154649673129137E-02
   2.9257612541887173E-01   8.9819571057928851E-01  -3.2809095740639949E-01   1.5335520515924852E-02
   1.1725073119496328E-01   8.8277858722084837E-01  -4.5492222629655004E-01   1.4763557070697352E-02
  -1.3504756855143012E-01   9.3214119612320889E-01  -3.3596866627461002E-01   1.2740504240134409E-02
  -2.2536572804573489E-01   8.9348337653298842E-01  -3.8845558881502278E-01   1.2915861536292705E-02
  -3.1104557592602311E-02   9.5874092953139805E-01  -2.8257447963013087E-01   1.3028284176222487E-02
  -3.4199021554097837E-01   9.1548707676281786E-01  -2.1195779003024531E-01   1.2943329060187094E-02
  -1.3418916122597138E-01   9.6721942561738192E-01  -2.1559186375615385E-01   1.3420800805758244E-02
  -3.2272340985863024E-01   5.8583645010913896E-01  -7.4340113966333199E-01   1.3215513536341286E-02
  -5.2417608317902653E-01   7.5384324860915806E-01  -3.9618151187238091E-01   1.1887771660414257E-02
  -6.0821957831734119E-01   3.6491531414675746E-01  -7.0491542617015348E-01   1.4310685605482698E-02
  -6.6930964886203501E-01   6.3848144020316377E-01  -3.7995531902616282E-01   1.3349195793722048E-02
  -8.7977841833890160E-01   4.1068891426131868E-01  -2.3942545881330108E-01   1.2116522793645570E-02
  -8.8028073927233752E-01   4.5804285882948932E-02  -4.7223700348543218E-01   1.1989672472261463E-02
  -8.2005986908685102E-01   3.6170173819971345E-01  -4.4347904538609590E-01   1.1733826646531700E-02
  -9.6986336148735326E-01   8.4420766842366355E-02  -2.2855676356257475E-01   1.4652031095461570E-02
  -9.9342781117625982E-01   1.8736845766283267E-02  -1.1291640532834895E-01   1.2752270496126683E-02
  -9.4693864040038758E-01  -1.2599163892222387E-01  -2.9569125492370842E-01   1.2583893994789876E-02
  -9.9654609795235576E-01   8.3025664751802335E-02  -1.6166782163008726E-03   1.3937040443131123E-02
  -9.3952783092365610E-01  -3.3944469276694389E-01  -4.5439580458505997E-02   1.2853303041764488E-02
  -7.5307670977458550E-01  -5.5300216966792348E-01  -3.5646047401872458E-01   1.3950266116329217E-02
  -5.7218438816730615E-01  -7.3992376345940238E-01  -3.5372001668788844E-01   1.2855348682648957E-02
  -4.9353135259496135E-01  -7.4593298420260883E-01  -4.4722565566431731E-01   1.3078801745396373E-02
  -8.0400490072359823E-01  -5.3623592823709840E-01  -2.5695748457699015E-01   1.1043784245358348E-02
  -4.7237226606043166E-01  -8.1223510153354326E-01  -3.4225514180758134E-01   1.3545588372169490E-02
  -2.9695566662417662E-01  -8.6107384574964829E-01  -4.1275799716747059E-01   1.0854471223820836E-02
  -3.7925507697092407E-02  -9.5850437593299667E-01  -2.8254383232202125E-01   1.4300939328955875E-02
   1.1992648326738693E-01  -9.0604991775254113E-01  -4.0582161740317737E-01   1.4156183531404336E-02
   2.3279865445959178E-01  -8.8643455300816338E-01  -4.0004820923861315E-01   1.2820920670289862E-02
   7.5451457225077414E-02  -9.5323346287954109E-01  -2.9266541109138773E-01   1.2431652180846167E-02
   3.6037956974732630E-01  -9.1194553654834412E-01  -1.9616805060530327E-01   1.2092909380460197E-02
   5.4230248841154447E-01  -8.3613723828475415E-01  -8.2356115839631805E-02   9.8507884660147820E-03
   6.2090312966781962E-01  -7.3831877501389842E-01  -2.6337177151449476E-01   1.3196510687581933E-02
   4.8340626464891407E-01  -3.9266999335422517E-01  -7.8238651548795035E-01   1.3367168951449013E-02
   6.6249526777568599E-01  -6.6101349604805897E-01  -3.5236512060240166E-01   1.2698556393879510E-02
   8.8745348962031763E-01  -4.5484173791850058E-01   7.4466752366401012E-02   1.5148331842748792E-02
   7.8110749247036528E-01  -1.3636895960961590E-01  -6.0932306050374399E-01   1.2505570220089721E-02
   8.9342120576035917E-01  -3.0525960897561384E-01  -3.2956808132123672E-01   1.1777641401190384E-02
   8.3552564789039767E-01  -3.8556362705614685E-01  -3.9145572062321383E-01   1.4740487775332207E-02
   9.6704371101214459E-01  -2.5423068645597158E-01   1.3900325751047074E-02   1.2230785974831901E-02
   8.9070252329992989E-01   1.8812593889908335E-01  -4.1383287218450455E-01   1.2550411147003004E-02
   9.5621732792265934E-01   2.8145823006531296E-01   8.0185326020106409E-02   1.2989127264700961E-02
   9.4718530654431472E-01   2.3557253342251405E-01  -2.1759038711177299E-01   1.2532346215286396E-02
   7.6398225197268204E-01   3.5320955409237231E-01  -5.3997604536554871E-01   1.4206572829282385E-02
   7.6338963256640477E-01   5.5952239266626655E-01  -3.2275526486046009E-01   1.1296586386330063E-02
   6.3800493655716632E-01   7.1801660960510238E-01  -2.7821187835870713E-01   1.2667861863052543E-02
   4.6243195817221654E-01   6.5485659290725637E-01  -5.9776209882101856E-01   1.3216424914813114E-02
   5.4205245100429345E-01   7.8114225924954948E-01  -3.0983206931295468E-01   1.3957343542355662E-02
   3.7784509322805144E-01   9.2581620141540490E-01  -9.8715105346491310E-03   1.2760791323518923E-02
  -5.0574325833220986E-04   8.7089151870276531E-01  -4.9147503179240699E-01   1.2844508371162298E-02
  -2.4037188749034124E-01   9.3240387227791182E-01   2.6989697046370509E-01   1.3385610710143070E-02
   2.4452074295696304E-01   8.6377857625252528E-01  -4.4056347723220917E-01   1.3039887497097387E-02
  -3.4169412642383219E-01   8.8194921235564046E-01  -3.2467015691732346E-01   1.2804560926231683E-02
  -1.3662107749322669E-01   8.2012917852082570E-01  -5.5562830356574295E-01   1.3935404246434828E-02
  -3.5264881343761774E-01   7.8285195544446529E-01  -5.1262230758894738E-01   1.3173549441238863E-02
  -4.2296477518577333E-01   8.1524279306226006E-01  -3.9557551404516120E-01   1.5085726908655406E-02
  -5.6980930782291743E-01   6.7288538810150245E-01  -4.7174421798031432E-01   1.5141976105503685E-02
  -6.8524860916379282E-01   4.0294323818613131E-01  -6.0668862725385093E-01   1.0878813018537994E-02
  -7.5578781468746445E-01   4.5298210350970116E-01  -4.7285515019916318E-01   1.4193545385040691E-02
  -7.0749278142093832E-01   3.0220711205748163E-01  -6.3884648050931698E-01   1.3556384712112211E-02
  -8.3143290926890892E-01   1.3228335224803804E-01  -5.3964843379987641E-01   1.4333848291999029E-02
  -8.6256233701154521E-01  -6.7622672757037270E-02  -5.0141139685728771E-01   1.3069878070066157E-02
  -7.9649747780475089E-01  -2.8539379866903083E-01  -5.3304985464019303E-01   1.4467701501019194E-02
  -8.6031901088293559E-01  -2.7364975634554516E-01  -4.3007791197111143E-01   1.1399268149689370E-02
  -8.1670893866016723E-01  -3.7852218130252693E-01  -4.3555420761893711E-01   1.2898012279980366E-02
  -6.4848869171629167E-01  -7.1938344113190835E-01  -2.4889733092443334E-01   1.3269912589037993E-02
  -5.9755286671761638E-01  -6.6969414932692439E-01  -4.4095387268380524E-01   1.3109692010996477E-02
  -4.3603687495938361E-01  -6.5250264180143098E-01  -6.1976781629720676E-01   1.4078550411172309E-02
  -3.8641283893606232E-01  -5.0824966911815377E-01  -7.6965407277988191E-01   1.2769802085771338E-02
  -5.4071074712882048E-01  -5.7650307513271040E-01  -6.1259782263890008E-01   1.2602606011454818E-02
  -8.2146871565264483E-02  -8.7474621036341542E-01  -4.7756775325275393E-01   1.3687716675278969E-02
  -3.3713739011149215E-01  -7.1825943157898786E-01  -6.0863927669568030E-01   1.2301627276748348E-02
  -1.1912844173157409E-01  -9.1908179797816345E-01  -3.7562888999095021E-01   1.3436684448220535E-02
   1.3536778548479549E-01  -9.7018782939005828E-01  -2.0102521820992889E-01   1.2410663756358422E-02
  -2.8842387808669919E-01  -8.0634713562578302E-01  -5.1634868395060716E-01   1.6102630260590018E-02
   8.5569553774233480E-02  -8.0526348866317008E-01  -5.8670994988401155E-01   1.4231390705634865E-02
   3.7477316098342532E-01  -6.6217656950145001E-01  -6.4889696301476318E-01   1.0140166717391073E-02
   1.2424274873070471E-01  -4.8502049452946325E-01  -8.6563205767475697E-01   1.2661060672047173E-02
   6.9768228855752410E-01  -7.1335581853331540E-01   6.6052255054609628E-02   1.2315718086624503E-02
   8.2833058609951209E-01  -2.0795890500887984E-01  -5.2021296981096743E-01   1.2962616181329689E-02
   8.0166799882432400E-01  -3.1668288398241766E-01  -5.0699148972500749E-01   1.3132451569708747E-02
   6.6930028405120758E-01  -3.1423284358133028E-01  -6.7327175032357029E-01   1.3390464236110571E-02
   8.6776793133001036E-01  -2.5952136123149860E-01  -4.2382482279803337E-01   1.2570836799158056E-02
   9.1559860571603906E-01   6.6414179271638671E-02  -3.9657073770327509E-01   1.3444475035923129E-02
   5.1379815598222933E-01  -2.7796718672681271E-01  -8.1163150383190654E-01   1.3505827709098830E-02
   8.4418680142238358E-01  -8.8571963078505682E-02  -5.2868104908410043E-01   1.2848849787092556E-02
   8.5959637492577734E-01   6.6998504650702362E-02  -5.0656220998909145E-01   1.4126391606326565E-02
   7.9826448088659321E-01   4.2113336544552835E-01  -4.3060481542056745E-01   1.2857752577917028E-02
   8.2722982118974748E-01   4.6280443132335707E-01  -3.1859516832783674E-01   1.4654423164241668E-02
   6.8264532493052528E-01   6.3244748083944859E-01  -3.6606767725426534E-01   1.2800284766343037E-02
   5.1318038525549827E-01   7.0356934952288892E-01  -4.9156491188952582E-01   1.3931641883286308E-02
   5.8785058086176996E-01   4.6538101088094281E-01  -6.6170401940135708E-01   1.2830922247694194E-02
   5.6217285306731100E-01   6.1748060055872775E-01  -5.5016305874512552E-01   1.0571867144537594E-02
   4.7333455608803625E-01   7.7616917990547343E-01  -4.1655228024559712E-01   1.2200886224053631E-02
   2.0274198445574183E-01   2.1322521619708774E-01  -9.5573568255907091E-01   1.4811479128586562E-02
  -2.2204919864730921E-02   8.1123603180698574E-01  -5.8429704965184968E-01   1.1149793296799206E-02
  -2.2769266305756446E-01   8.3766415731885004E-01  -4.9646229537907036E-01   1.2349297920455684E-02
  -2.5585105655376736E-01   7.6659694991783569E-01  -5.8895615561516319E-01   1.4608343934811375E-02
  -3.8817723079061906E-01   7.1075593876888981E-01  -5.8663824713402430E-01   1.2769299184621929E-02
  -4.2305843258723907E-01   5.2966203018758264E-01  -7.3517324243636395E-01   1.3485010745808244E-02
  -7.3260050215850754E-01   5.4632843186377356E-01  -4.0598244885015999E-01   1.1531637546767253E-02
  -5.1354262740067487E-01   5.5735300634508356E-01  -6.5240447282380645E-01   1.3908134728329393E-02
  -8.2990781270338729E-01   2.4649489161520752E-01  -5.0049304772542680E-01   1.3468479108715001E-02
  -7.7293669277734782E-01   2.1429348566246462E-01  -5.9719943985325941E-01   1.1884619308597308E-02
  -9.1427771744518687E-01  -5.1890439260124950E-02  -4.0175071586322062E-01   1.3909694852263319E-02
  -8.0276132284052366E-01  -1.1263959523383189E-01  -5.8556518009261040E-01   1.3303153440001196E-02
  -9.0470582097898937E-01  -1.7853326918851380E-01  -3.8682457171125355E-01   1.4317729640666689E-02
  -7.5770457276625072E-01  -4.7716732599475211E-01  -4.4519110886464413E-01   1.2067885737956334E-02
  -7.2447426242271309E-01  -3.2223980256593601E-01  -6.0934272189740026E-01   8.7720740104940766E-03
  -7.4183979981185662E-01  -4.0598579219442428E-01  -5.3371270169574387E-01   1.4559713787545112E-02
  -6.6434674055888712E-01  -4.9954404451558618E-01  -5.5596686582726562E-01   1.4422145106640205E-02
  -5.7201948698092391E-01  -4.8173885735525266E-01  -6.6386849588464152E-01   1.3566112251054210E-02
  -5.2088909921288469E-01  -6.6485351257501870E-01  -5.3539177537374352E-01   1.2047931471589446E-02
  -4.1500892154755320E-01  -7.3773699831192721E-01  -5.3245818273141818E-01   1.3050446756503016E-02
  -3.3209354692485582E-01  -9.1964246666012777E-01  -2.0969408576816009E-01   1.2842519187464674E-02
   3.8325006906784429E-02  -8.7032721235177402E-01  -4.9098038380935822E-01   1.3268489125100358E-02
   1.4244333951270036E-01  -7.3228791337288008E-01  -6.6593115782073369E-01   1.2389091814464241E-02
   1.6405968838582434E-01  -8.5011053346870789E-01  -5.0039634244496147E-01   1.2006771543430106E-02
   2.5893582499404681E-01  -6.9089159102752440E-01  -6.7499707257299146E-01   1.5867735673349801E-02
   4.3846224665554976E-01  -6.9770571104947656E-01  -5.6653119863491375E-01   1.4125786510266447E-02
   7.6638549627049279E-01  -4.2205525159951804E-01  -4.8427537177054321E-01   1.1958571060787606E-02
   3.9509222898341090E-01  -7.8171588625099329E-01  -4.8251673937775887E-01   1.2621502103116475E-02
   7.1875416882394223E-01  -3.7875740025684275E-01  -5.8303968694153374E-01   1.2958969852112445E-02
   8.9188224406449805E-01  -2.4274961957123695E-02  -4.5161575364955446E-01   1.1462646460436932E-02
   6.4236903479380771E-01  -1.1580681496823797E-01  -7.5759540966467327E-01   1.2452758658326499E-02
   9.9607798716811367E-01   6.9417326820398522E-02   5.4862357005775806E-02   1.2952825682301770E-02
   7.9848458371497175E-01  -7.7088656462524998E-03  -6.0196589850254494E-01   1.4506148459027422E-02
   9.0709566010485272E-01   2.6199899268102915E-01  -3.2944497454516943E-01   1.2311223962230800E-02
   8.3770669956622950E-01   2.9185505331503773E-01  -4.6159301701426481E-01   1.5321144836749543E-02
   8.6010928566692257E-01   3.6004815939219887E-01  -3.6135486661704999E-01   1.2122510765250396E-02
   6.7957745578396462E-01   4.2075743844405986E-01  -6.0094730183618150E-01   1.2675036483052506E-02
   6.3606865506437433E-01   6.1397391648392166E-01  -4.6738923385331868E-01   1.3443866789805694E-02
   6.3062781876324614E-01   3.6246395690894100E-01  -6.8624225616310142E-01   1.1239851505393541E-02
   3.5711579457101053E-01   6.7436502171198365E-01  -6.4629724334806795E-01   1.4325735297089317E-02
   1.9779696472322083E-01   8.1366122601891391E-01  -5.4665507408207503E-01   1.2251770931800809E-02
   1.4450372180498765E-01   7.5383608983791817E-01  -6.4097568131902243E-01   1.4109163815748069E-02
   2.5130652215911753E-02   7.4129981480953901E-01  -6.7070338815496218E-01   1.4097101524425693E-02
  -9.2238280087253717E-02   7.5834652423694493E-01  -6.4529268465115122E-01   1.2987724937744867E-02
  -1.9078407701444613E-01   7.1716731813028005E-01  -6.7027790785879837E-01   1.0894921044536421E-02
  -2.9713696870378769E-01   6.8212966566108744E-01  -6.6813826492322477E-01   1.3649495700108363E-02
  -4.9274041785984029E-01   6.5103992833791491E-01  -5.7736807351729507E-01   1.3784956961582131E-02
  -5.1799931366965506E-01   4.5484404272613013E-01  -7.2442639918373803E-01   1.1834379888578401E-02
  -5.8699317877143873E-01   5.8156202127153369E-01  -5.6322697333345983E-01   1.1282363890160934E-02
  -6.0848770623530495E-01   1.5518314726307736E-01  -7.7824218734660189E-01   1.2998182683545243E-02
  -8.0533530571492697E-01   4.7738978688955518E-01  -3.5147409113985919E-01   1.5196352198660730E-02
  -8.1669580441227421E-01   1.5912950427242154E-02  -5.7684897595825575E-01   1.3151190387664522E-02
  -7.4431149119477844E-01  -7.6664274210630445E-03  -6.6778861173727933E-01   1.3446941708227556E-02
  -7.3043964612001435E-01  -1.1732992631871761E-01  -6.7282361118357947E-01   1.0699268171270420E-02
  -7.5037945438031262E-01  -2.1537455322437760E-01  -6.2493557769365644E-01   1.5128294095156476E-02
  -6.5577543606762401E-01  -4.0765250272857161E-01  -6.3543529526573312E-01   1.3518795241816592E-02
  -4.7163701348296225E-01  -5.4298439432429895E-01  -6.9478520064344078E-01   1.2959027088301047E-02
  -2.8418254108293777E-01  -4.8342983146605132E-01  -8.2797094235990532E-01   1.3462119989836154E-02
  -1.6293476217527130E-01  -8.1386298652058979E-01  -5.5774483632452743E-01   1.2578729942264588E-02
  -1.1756332735464983E-01  -7.5122585515686993E-01  -6.4949101503033360E-01   1.5202947176530781E-02
  -3.7837281091508519E-02  -8.1856797200141145E-01  -5.7316211962506625E-01   1.2775582818821005E-02
   1.5107016322777476E-02  -7.4922733374178554E-01  -6.6214060472984029E-01   1.3103999223729126E-02
   2.8144005054500072E-01  -8.1830215998911697E-01  -5.0117170002542357E-01   1.4230987563167064E-02
   4.5802068340372841E-01  -5.8442465828170373E-01  -6.6982450863393730E-01   1.5831634452559906E-02
   4.5567521113889935E-01  -8.0367014633275407E-01  -3.8271973798983678E-01   1.4676191092376336E-02
   6.9769910127193384E-01  -5.6153424268917114E-01  -4.4485419900438714E-01   1.3618815408835425E-02
   6.2346417517814139E-01  -5.7690387074007514E-01  -5.2770668575882054E-01   1.1017629079047446E-02
   5.2557448420124375E-01  -4.7557950745865556E-01  -7.0540456026451883E-01   1.2566666166453517E-02
   7.0569507284403237E-01  -1.8552723233118684E-01  -6.8379390917672387E-01   1.3684420364106686E-02
   6.4898094292444517E-01   1.5973810363553376E-03  -7.6080298638656956E-01   1.3608499473656042E-02
   7.3101981663203732E-01   6.1671534847507079E-02  -6.7956357280302715E-01   1.3060538316922135E-02
   9.6937930587260404E-01  -6.9712083578161810E-02  -2.3546546827324764E-01   1.2538299403579236E-02
   7.1881449904663643E-01   1.8128643464518120E-01  -6.7114897345818214E-01   1.3496447816314205E-02
   6.2306148894481241E-01   2.5838884646626319E-01  -7.3826119024076240E-01   1.4883235552190142E-02
   8.4084778625959835E-01   1.8242629809063139E-01  -5.0960342042345133E-01   1.1655030892462273E-02
   4.8654534044314977E-01   4.8695339515941214E-01  -7.2536199420412215E-01   1.2889013686681627E-02
   4.1616073629674419E-01   5.8383636522714450E-01  -6.9709779816271684E-01   1.2330109462087333E-02
   3.0886012131499636E-01   5.9272858752958415E-01  -7.4382675871903796E-01   1.3151776427886168E-02
   2.3927165673318225E-01   6.7807576998174675E-01  -6.9495490821190646E-01   1.2311095735051616E-02
   2.7371113958986610E-01   7.4363934903966911E-01  -6.0998584460975325E-01   1.3259350132594248E-02
   1.0937153213376183E-01   6.8091205030977431E-01  -7.2415236497691069E-01   1.3662527732197274E-02
  -3.7927617928182364E-03   6.4083588712292290E-01  -7.6766853571926426E-01   1.3644847324485716E-02
  -2.1380193527511078E-01   6.2743181559687216E-01  -7.4874431500307903E-01   1.2909909608661829E-02
  -4.0815697313639925E-01   6.2780931004987393E-01  -6.6276945878248936E-01   1.2079993630677586E-02
  -4.3491027302381013E-01   2.9321820698900574E-01  -8.5139658063003019E-01   1.2834250059095778E-02
  -6.1090320122469137E-01   2.6270718955616874E-01  -7.4684818490033402E-01   1.2110060865100931E-02
  -7.6456542853746603E-01   3.4962286792499881E-01  -5.4148273814519676E-01   1.4274975229329541E-02
  -6.9674946826661568E-01   1.9816592647108550E-01  -6.8939861042508976E-01   1.4385193970495265E-02
  -6.7961785494161440E-01   7.5684538022938019E-02  -7.2965157571872137E-01   1.2731697911178033E-02
  -6.6052146566828229E-01  -5.6762930846357760E-02  -7.4865837541107876E-01   1.3955616554468384E-02
  -6.5599377138057404E-01  -1.7918474245789549E-01  -7.3318824320919731E-01   1.2745910219428236E-02
  -6.5822202590820567E-01  -2.9213942630187862E-01  -6.9382873982655591E-01   1.4294796348667589E-02
  -5.7390820839718790E-01  -3.7799321609974275E-01  -7.2646438103798516E-01   1.2842792182632818E-02
  -4.8085497034790974E-01  -4.3895915115084723E-01  -7.5900814298177224E-01   1.2604095073932242E-02
  -2.6793409314977601E-01  -6.7289606147995649E-01  -6.8950867447246065E-01   1.2691822559226404E-02
  -2.3096404791067222E-01  -7.5008878689861103E-01  -6.1969542546454770E-01   1.1903685187569342E-02
  -5.4711183886639851E-02  -6.8783682593285134E-01  -7.2380051619789736E-01   9.4972375728677161E-03
   5.2621905105097353E-02  -6.6424533043602025E-01  -7.4566016126453496E-01   1.5463369290645019E-02
   2.1091453549743826E-01  -7.8219932808749748E-01  -5.8624164800478606E-01   1.2764670625605152E-02
   3.3647877980631402E-01  -5.9778913870301595E-01  -7.2761952721787253E-01   1.3986848517861401E-02
   5.0211613500113206E-01  -7.2106441298161901E-01  -4.7743638246681428E-01   1.1768340775172361E-02
   5.3152072146039622E-01  -6.3140506589354759E-01  -5.6463560410426190E-01   1.3202211901886429E-02
   7.4620490019168226E-01  -5.7665696471509182E-01  -3.3263341981150769E-01   1.3206011178783292E-02
   6.2375486709565671E-01  -4.3163245811392539E-01  -6.5163125069091805E-01   1.4125784850943122E-02
   5.4907567679459426E-01  -1.5646274839635119E-01  -8.2099653441218514E-01   1.3948828133549758E-02
   7.9635970070211135E-01   1.1698253033611905E-01  -5.9340232110584337E-01   1.2629058336782291E-02
   7.2261063033021165E-01  -5.7569196523671096E-02  -6.8885387749898976E-01   1.2994279221984053E-02
   6.5041858072111900E-01   1.3395794693229730E-01  -7.4767034066252016E-01   1.3192830912387934E-02
   7.7687538066119330E-01   2.4123597965142354E-01  -5.8160970164204082E-01   1.2248669762611994E-02
   5.4386602742406200E-01   3.7515117494908696E-01  -7.5064728078391720E-01   1.3210122728772999E-02
   4.4720080057039642E-01   3.9432222254987952E-01  -8.0282091949109038E-01   1.2177211867595581E-02
   3.7927325517102100E-01   4.9647745775965504E-01  -7.8080851163936948E-01   1.4117204955530706E-02
   2.0004326942465505E-01   5.9986617535043401E-01  -7.7468913896371188E-01   1.3701856996941497E-02
   8.9602919005005930E-02   5.9441858472235936E-01  -7.9914821093615016E-01   1.0100101213599455E-02
  -1.0533980187086358E-01   5.8781811633437027E-01  -8.0210559669592119E-01   1.3038051658550476E-02
  -9.9175918850765896E-02   6.7920981176525466E-01  -7.2721260214734578E-01   1.2726270488384894E-02
  -3.3282510799341831E-01   4.8392863129089827E-01  -8.0934574027796504E-01   1.2588733524490616E-02
  -4.3700487511804633E-01   4.1813981133471083E-01  -7.9635785756155695E-01   1.4098989663171202E-02
  -3.4601423636749251E-01   3.7310064109262751E-01  -8.6085426167690624E-01   1.3042203146902198E-02
  -5.2404909507024708E-01   3.3314748815393584E-01  -7.8382733882710305E-01   1.3244277957904573E-02
  -6.0049238576023445E-01   3.3745009993864539E-02  -7.9891812405558538E-01   1.2748459223422191E-02
  -5.1576720711199577E-01  -1.8181858469855294E-02  -8.5653581833480494E-01   1.3490711324697511E-02
  -5.7393954962582292E-01  -1.2273150525019616E-01  -8.0964830080370618E-01   1.5299139766346945E-02
  -5.8123533684494770E-01  -2.5612871569904576E-01  -7.7237527420101779E-01   1.2204102786909463E-02
  -4.9085450144164149E-01  -3.3222034989631406E-01  -8.0541386723177801E-01   1.3229629184226548E-02
  -3.8311906670179381E-01  -4.0633964013575827E-01  -8.2952268057232104E-01   1.3224343680547950E-02
  -2.7409390314907593E-01  -5.8528439967159054E-01  -7.6309547486377554E-01   1.2625055495095032E-02
  -1.6074280279476914E-01  -6.5526653431453266E-01  -7.3809722960942175E-01   1.4812649577256658E-02
  -6.4174768921345020E-02  -6.0167704958029269E-01  -7.9615722507696063E-01   1.4416766389540956E-02
   1.0865973145927690E-01  -2.9481846973091571E-01  -9.4935511409836479E-01   1.2793056002517400E-02
   1.7214537557402982E-01  -6.5045950065098381E-01  -7.3977591720827807E-01   1.0676569700663716E-02
   3.2252253774485795E-01  -5.1053844397237036E-01  -7.9707572405191680E-01   1.0745161431640395E-02
   4.2596598941384105E-01  -4.9636284124302392E-01  -7.5642376066318819E-01   1.2645008290536466E-02
   5.7142600999210327E-01  -5.3580327618567622E-01  -6.2160048611081420E-01   1.2935509802298240E-02
   3.2163720669743032E-01  -2.2694997015086904E-01  -9.1926232290701115E-01   1.3846402072292601E-02
   6.1600526007780907E-01  -2.3177384763003142E-01  -7.5287343100367270E-01   1.2672650834868318E-02
   4.6942218691867588E-01  -9.8744027788236490E-02  -8.7743514142336672E-01   1.0627341884635897E-02
   5.7987516950295603E-01   7.3063667450705445E-02  -8.1142250911135729E-01   1.0643543136604741E-02
   5.5296292212984834E-01   1.8411375663813644E-01  -8.1260945808316336E-01   1.3573911197210540E-02
   5.0444130370360476E-01   2.8880589838508630E-01  -8.1371378517006256E-01   1.3332257705329598E-02
   3.3534121904274268E-01   4.0667988422735188E-01  -8.4979864590134220E-01   1.3142252120711793E-02
   2.7233696007775277E-01   3.2050140984310604E-01  -9.0725488505942469E-01   1.2607011857855777E-02
   7.8399041939371710E-02   4.1835249426484928E-01  -9.0489490039748137E-01   1.3615851899765929E-02
   7.8387239981483647E-03   5.2878921659659817E-01  -8.4871698393353530E-01   1.5503154777740777E-02
  -1.1459690398858700E-01   4.8735696445737711E-01  -8.6565047149015140E-01   1.3033997143347145E-02
  -2.1922847033919854E-01   5.3568710615763599E-01  -8.1546195624884472E-01   1.3176906815651108E-02
  -2.3611956991001288E-01   4.3652365779842563E-01  -8.6815588743485090E-01   1.3574381957446184E-02
  -3.3580523852808986E-01   2.5831871495696590E-01  -9.0581801885371789E-01   1.3859445879294503E-02
  -5.1754949185266028E-01   2.1120688137217352E-01  -8.2917680668485509E-01   1.3743752434047631E-02
  -5.1241395370889222E-01   9.4148914982199354E-02  -8.5356190276516894E-01   1.2784063595355670E-02
  -4.7740549185473773E-01  -1.2027139449242428E-01  -8.7041299853218153E-01   1.0362050976998314E-02
  -4.8990098249591458E-01  -2.2671853035475289E-01  -8.4178128711876141E-01   1.3313734961671340E-02
  -3.8830047195124727E-01  -2.9683321648596701E-01  -8.7241778126826013E-01   1.3022359344245111E-02
  -2.8728912977991609E-01  -3.6543019202450555E-01  -8.8539580452316997E-01   1.2588868793615637E-02
  -1.8230728004743648E-01  -5.4916781861065855E-01  -8.1558492055954304E-01   1.2317875395852211E-02
  -8.4505007500094909E-02  -5.0224971838132415E-01  -8.6058359506400617E-01   1.2754213654533741E-02
   2.2113411637725937E-02  -5.3597860304280029E-01  -8.4394190209162439E-01   1.2148597894174664E-02
   1.1468871340099169E-01  -5.8240226990039021E-01  -8.0476959127025811E-01   1.2397437063839438E-02
   2.3130417532118792E-01  -5.6835846902593037E-01  -7.8959928391905585E-01   1.3994822280867676E-02
   3.7004669326555728E-01  -4.1423041461786374E-01  -8.3155192766822399E-01   1.3112568705898466E-02
   7.5170954889794581E-01  -2.6036364864517569E-01  -6.0592369532790036E-01   1.2934398490832586E-02
   4.3685929203781315E-01  -2.0680776322938672E-01  -8.7543389700666641E-01   1.3083184913270598E-02
   5.4949077922324001E-01  -3.1988757391708504E-02  -8.3488717977291458E-01   1.4527537730004669E-02
   4.8601423354494084E-01   8.6379095324468054E-02  -8.6967167177196831E-01   1.3203963606078379E-02
   4.4271794053285589E-01   2.0483014604886125E-01  -8.7295213866508661E-01   1.3072742261022738E-02
   3.8500820452093425E-01   3.0541327095923618E-01  -8.7091412686529921E-01   1.3006373355628540E-02
   3.2493793861056730E-01   2.0985092484204380E-01  -9.2215938177435142E-01   1.3325148259000883E-02
   2.6600404612214783E-01   5.0075395080087661E-01  -8.2370342247920743E-01   1.2221235107593822E-02
  -2.8841180929360878E-02   4.2601871867436563E-01  -9.0425452037667551E-01   1.1167172338516809E-02
  -1.1736462086304271E-02   2.0613858112306107E-01  -9.7845242134212533E-01   1.2474372136331155E-02
  -1.3022086867102944E-01   3.8047720292235505E-01  -9.1557611557911649E-01   1.2427379075252398E-02
  -2.3579295365276556E-01   3.3032034873489255E-01  -9.1394209347166182E-01   1.2830019462366094E-02
  -4.2144411795852239E-01   1.6797160250236662E-01  -8.9116238486089063E-01   1.2901782554197927E-02
  -4.0922043733672524E-01   4.9542731949257561E-02  -9.1108954081195730E-01   1.3394584998244579E-02
  -3.9213634422340800E-01  -6.3046059342671432E-02  -9.1774412661725115E-01   1.3753763544597271E-02
  -3.8426510636591388E-01  -1.8132866254800209E-01  -9.0524043445271811E-01   1.3067776670577469E-02
  -2.8533615199054925E-01  -2.4569588962112170E-01  -9.2639991914427107E-01   1.4074719336014203E-02
  -1.8483460162881471E-01  -4.3772239404621622E-01  -8.7990640172189138E-01   1.3996348877345177E-02
  -8.8331477574106820E-02  -3.8554962446809554E-01  -9.1844925670506452E-01   1.2096056152871584E-02
   2.2102349756187785E-02  -4.2754053082744461E-01  -9.0372594332299769E-01   1.4527659002042119E-02
   2.3972135072715361E-01  -4.5566198393789534E-01  -8.5726648738844933E-01   1.3876047117756674E-02
   2.9502274157804909E-01  -3.4609898059867032E-01  -8.9060489420412061E-01   1.3255603755549954E-02
   4.0604491589309060E-01  -3.1173449401759075E-01  -8.5903965654501064E-01   1.2208556082670372E-02
   3.6384003402263194E-01  -1.1046433239931255E-01  -9.2488813426813099E-01   1.2940518326126762E-02
   4.1853233034358874E-01  -3.8685902323171675E-03  -9.0819365912055314E-01   1.4045596880478555E-02
   3.8449373606897774E-01   1.0424749200889565E-01  -9.1722245248008107E-01   1.2180167758869209E-02
   2.7482279108222523E-01   1.1455605306374430E-01  -9.5464618797135117E-01   1.1893339284884816E-02
   1.5876249064141539E-01   3.2916940024222323E-01  -9.3082865099303298E-01   1.2721096296643224E-02
   1.4398134180503794E-01   5.1069524993622482E-01  -8.4762004158974307E-01   1.3794437926334837E-02
  -1.2051433509690841E-01   2.7308238221440022E-01  -9.5441202190681693E-01   1.4399297945654936E-02
  -2.3201885603961308E-01   2.1598995236743876E-01  -9.4842795768491612E-01   1.2577095205006652E-02
  -2.2300477626251922E-01   8.6559387910146928E-02  -9.7096670495374067E-01   1.3618765139973179E-02
  -3.0439593307805342E-01   2.1002963336023486E-03  -9.5254328231364500E-01   1.2186184475269315E-02
  -2.8141557008278504E-01  -1.2213364235469213E-01  -9.5178182916052627E-01   1.2744224228670751E-02
  -9.4341411255296759E-02  -2.5197318154068844E-01  -9.6312471357899554E-01   1.3959915775412766E-02
  -1.8841613962714057E-01  -3.1805154823167641E-01  -9.2916229529369065E-01   1.3614975948430388E-02
   1.6901126314957438E-03  -3.2636419819213365E-01  -9.4524258984543152E-01   1.2191787156518330E-02
   1.6205842475036589E-01  -3.8569892134942592E-01  -9.0828046826810009E-01   1.3697774097964441E-02
   2.1624905785073314E-01  -2.7393277081964476E-01  -9.3712175412255920E-01   1.2427113775207679E-02
   2.5460329862458337E-01  -1.3422013404324005E-01  -9.5768581275222822E-01   1.3465557721763104E-02
   2.9492390512118822E-01  -5.6712474030218853E-03  -9.5550391267695076E-01   1.4889821992590180E-02
   1.9134234938353567E-01   5.3463438609361358E-02  -9.8006620493946848E-01   1.3107180207643321E-02
   2.0555307961631781E-01   4.2083704594058418E-01  -8.8354066812130974E-01   1.2843491692623137E-02
   4.8006247653295855E-03   3.2282602625119745E-01  -9.4644614784821410E-01   1.4958204337369452E-02
  -1.2517190319411449E-01   1.6245192799013184E-01  -9.7874479091490052E-01   1.2684209508943303E-02
  -3.2028362343420858E-01   1.3198424162578106E-01  -9.3808238472019152E-01   1.3043055386976310E-02
  -1.8803739579654108E-01  -5.3027995075585856E-02  -9.8072930491564208E-01   1.6166867895950423E-02
  -1.8394803756768873E-01  -1.8135525237726924E-01  -9.6606075994741296E-01   1.2445820759973323E-02
  -7.3805504426040063E-02  -1.3685723415766826E-01  -9.8783745878313951E-01   1.3104556599642572E-02
   2.4731754628426446E-02  -2.1790049330307855E-01  -9.7565758098385853E-01   1.1578648685780981E-02
   1.4329331675752068E-01  -1.7885194006613547E-01  -9.7338533423675973E-01   1.3376683512797796E-02
   1.6900857068100676E-01  -6.5421463173518095E-02  -9.8344096680614186E-01   1.2629964798061351E-02
   9.2171735577907619E-02   2.4746304649189335E-01  -9.6450319428268738E-01   1.1375705275320851E-02
   1.0052359279216656E-01   1.3233253837542058E-01  -9.8609487706775596E-01   1.4072902476969285E-02
  -4.6865865824115680E-02  -2.7166784883957487E-02  -9.9853170025774585E-01   1.2331291103025543E-02
  -1.2548259456182036E-01   4.6256979319872640E-02  -9.9101685673162727E-01   1.0476629504418478E-02
   4.3352074972217460E-02  -1.0007844751282144E-01  -9.9403465831882674E-01   1.4451263574994043E-02
   8.4043189690624249E-02   1.4758917395297955E-02  -9.9635280730469393E-01   1.1641401024764395E-02
  -1.6251153582904523E-02   8.6174388842182665E-02  -9.9614751654305760E-01   1.4332760349637947E-02
