225
   0.0000000000000000E+00   0.0000000000000000E+00   1.0000000000000000E+00   5.0603896862419893E-02
   8.4784129985413799E-01   0.0000000000000000E+00   5.3025006389593718E-01   5.1498603529501157E-02
  -6.2505278989277615E-02   8.6154332208871924E-02  -9.9431912439624526E-01   5.3824027185142453E-02
  -7.6896522382529806E-01  -4.7302957862798003E-01   4.3004127975154294E-01   6.0208082540737884E-02
  -7.0456576647731195E-01  -4.8626647648907149E-01  -5.1684813490148258E-01   5.4119706154273972E-02
   8.5328769996460316E-01   4.4206413180232698E-01   2.7654909955191003E-01   5.3739812781226011E-02
   4.3555719868920661E-02  -9.6639514744718404E-01   2.5334426825415952E-01   5.8084172197480655E-02
  -7.4064366535159385E-01   3.3699234022147886E-01  -5.8127714870499361E-01   5.9265881007520180E-02
   4.9508089408730305E-02  -4.3432384717129757E-01  -8.9939521060622756E-01   5.7290908983910338E-02
  -6.6058225336004650E-01  -7.2792355126435160E-01  -1.8373456414202096E-01   4.9853133909756711E-02
   2.3617169646959200E-02  -6.4673746120455524E-01  -7.6234695878750180E-01   6.0524067508930841E-02
   2.6995248620966885E-01  -9.3987817498705706E-01   2.0917617305089369E-01   5.3643365164550660E-02
  -6.5882491860236136E-01   1.6606580874059542E-01  -7.3373828699061612E-01   5.3185886460729463E-02
   3.3453030906087804E-01   1.5258534818503689E-01  -9.2995009749926076E-01   4.4642565066310596E-02
   2.8152796977584975E-01  -4.7243364632876341E-01  -8.3519366140458526E-01   5.7109315180606046E-02
   6.4358659498346995E-01   7.6530738594348202E-01  -1.0044888149560438E-02   6.1832779541136329E-02
  -7.7129935232843625E-01  -2.4012168479496188E-01  -5.8943946728138563E-01   5.6138558555337124E-02
  -7.0310370548151262E-01  -3.4087360131646047E-01   6.2405958630864191E-01   5.3619867047751146E-02
  -1.6917547637703459E-01  -7.3197473286994832E-01   6.5999443075875366E-01   5.9534724185082757E-02
   2.6661336468815766E-01  -6.7683934308006819E-01  -6.8615291111282257E-01   6.0044916316094055E-02
  -7.6173615867059175E-01  -1.0481663232588292E-01   6.3935240529901174E-01   5.5017088380071320E-02
   3.5786692536313849E-01   8.8759793082357206E-01   2.9000202918056850E-01   6.1074274151869350E-02
   4.7310771850502107E-01   8.6270578104225599E-01  -1.7862760718109825E-01   5.5654504046018332E-02
   3.7381279250648718E-02   9.6105914234266336E-01  -2.7380278464831136E-01   5.2306058430535511E-02
   8.2037164486628598E-01  -3.4799735943729688E-01  -4.5374905192634101E-01   5.3980780653634550E-02
   8.3221973350298057E-01   3.2845717076988077E-01  -4.4668355928786259E-01   5.2608418671565458E-02
   7.8486706942684918E-01  -5.6739065893332263E-01   2.4910143212057112E-01   5.8396526317625401E-02
  -9.8115991482473355E-01  -1.9290184053708284E-01   1.0681828426220452E-02   5.8192850459878942E-02
  -8.7066949348368929E-01   4.1226801715147312E-01   2.6827171888003472E-01   5.1134695184278200E-02
   8.2428503471218164E-02  -7.9726194549339766E-01  -5.9797903983632903E-01   4.5927034402411717E-02
  -1.4354205149912003E-01  -9.8872238587783929E-01   4.2705071308417670E-02   5.5673360228272202E-02
   5.7047970825269960E-01  -2.0358458294495634E-01   7.9567972203584709E-01   5.1966576169029430E-02
  -4.7437708789706976E-01  -8.2969876330881736E-01  -2.9422158425600697E-01   5.6202662033395887E-02
   2.2991360340321578E-01   4.1623185271226673E-03   9.7320214245275256E-01   5.0889844671618096E-02
   2.6032109806522024E-02   8.5855058399935267E-01  -5.1206759707424530E-01   5.9189247244389094E-02
  -5.4042157924444183E-01   4.3633336108035028E-01  -7.1941484186473943E-01   6.1914485733377713E-02
   6.3382174839414223E-01  -6.1017014090067221E-01   4.7535501513694651E-01   6.3577720562158895E-02
  -3.0942094996389971E-01   9.1184370296794377E-01   2.6981426404314890E-01   5.3848441320294214E-02
   1.2682663032664254E-01   9.0856226040169208E-01   3.9803219067527316E-01   5.2795280481673323E-02
   6.3470339708581038E-01  -6.9953645920587926E-01  -3.2832962091385154E-01   5.4782946438861471E-02
  -1.3108022416278129E-01   5.7588773551274564E-01  -8.0695185167359078E-01   5.9627970378936910E-02
  -6.8435964676145815E-01  -6.7663520244219901E-01   2.7169224630183439E-01   5.7674644099944015E-02
   8.4628745090600912E-01   9.3437190272825106E-02  -5.2446834214557603E-01   5.4118283970916625E-02
   1.7362962050202713E-01   4.2382538757118819E-01   8.8894589021742725E-01   5.2182984694524484E-02
  -9.3109585962907353E-01  -3.1142603771992441E-01  -1.8993241748491748E-01   5.3589842432433485E-02
   5.5282733451205788E-02   7.7723011007152270E-01   6.2678319647256941E-01   5.6936022619624804E-02
   1.8497442521991911E-01  -8.7688107440975145E-01   4.4369363682225664E-01   5.5503078905669065E-02
   4.8137105154298991E-01  -8.6475017106803787E-01   1.4313997475965776E-01   5.6158421239947494E-02
  -1.4835828961673878E-01  -7.9966965451639540E-01  -5.8182322190475055E-01   6.0089450901982202E-02
   7.8999080578946925E-01  -1.4650638383142094E-01  -5.9535737692981137E-01   5.8775087010310703E-02
  -5.9441534387507788E-01   7.1584436615832718E-01  -3.6638400948356886E-01   5.4888927585490528E-02
  -8.0911838211627227E-01  -5.3666465684056881E-01  -2.3941280212165075E-01   6.7523769371412490E-02
   3.3275753040319778E-01   3.8470380655077818E-01  -8.6097352292930953E-01   6.0965873766190164E-02
  -8.6766515043357035E-01  -2.0746892904388723E-01   4.5178958620631384E-01   6.2145923688921165E-02
   4.4067416975771128E-01   8.0113775733393702E-01  -4.0495008319828969E-01   4.9202723548544816E-02
  -9.9724750504438173E-01   6.8134950375505348E-02   2.9241104973704823E-02   5.3151077122697066E-02
   9.1644136452542213E-01  -1.1025396092194630E-01  -3.8468076308519024E-01   5.7658118675244729E-02
   5.3072710223727881E-01   2.0193756197405577E-01  -8.2313423207566530E-01   5.6883070788355710E-02
   6.1691003355578378E-01  -1.5903967529795679E-01  -7.7079724453277745E-01   4.7995309151984991E-02
   4.4089215699653215E-01  -5.1534686975293864E-02  -8.9607939488490853E-01   6.5926631834844756E-02
  -8.3852007077780968E-01   2.7501421530209997E-01   4.7037354547694052E-01   5.4751074745108781E-02
  -2.4630166822125550E-01  -9.0341007042506369E-01  -3.5097825130057281E-01   5.5918876353439364E-02
   7.5645312965632190E-01  -6.4255959550597783E-01  -1.2204846929130255E-01   5.0142742677330592E-02
  -1.0564866825426527E-03  -5.9605606978241035E-01   8.0294211840669796E-01   5.3448643385384109E-02
  -3.1168033830828095E-01   4.2761099173263792E-01  -8.4853061610142593E-01   5.2666467228770442E-02
  -8.6844200201341728E-01   3.1348604146451993E-01  -3.8410283902339639E-01   5.2884889164584923E-02
   2.0069635648997415E-01   9.6983325600830739E-01   1.3836339122750017E-01   5.5696146154977830E-02
  -8.9993079621556138E-01  -1.2601550502851866E-01  -4.1742622643436444E-01   5.5581284480801934E-02
   9.4911325485188218E-01   1.8438096554186000E-02   3.1439476150204042E-01   4.6622179431009778E-02
  -9.1897993719702828E-01   9.3164626966631285E-02  -3.8313995786333024E-01   4.6643378059913703E-02
  -8.4652610301014199E-01  -3.5437490449823916E-01  -3.9725556507659689E-01   4.8185501675031714E-02
   6.8635471388363509E-01   4.7223553018502535E-02  -7.2573214257742649E-01   5.0933942138560369E-02
   6.5584665169603245E-01  -3.6353696833503761E-01  -6.6159356262955962E-01   5.6854713650741626E-02
   2.5232389532332444E-01  -5.9317868135825380E-01   7.6450749102343476E-01   6.0875865249470928E-02
  -8.3152189412599302E-01   5.5281956665989087E-01   5.4423031035501515E-02   6.1111447474818190E-02
   5.0549359865169627E-01   6.4779790515639846E-01  -5.6994218636379204E-01   6.0316732077150910E-02
   3.3738921684098750E-01   2.4866006453753959E-01   9.0792989193197720E-01   5.8827950141871996E-02
  -1.8473637496554060E-01   1.2423810879212454E-01   9.7490377170690419E-01   4.8992002869105375E-02
  -9.4483725507129481E-01   3.2348408933044883E-01   5.1386821067189539E-02   5.6245006447585109E-02
   4.3477373018819252E-01  -8.0670210223968866E-01   4.0025432137618679E-01   6.4616879947933645E-02
  -2.1063200370216126E-01   9.7467593055500927E-01   7.5106520443563962E-02   4.6947908261816149E-02
  -7.2039390710481763E-01   6.4232573223841065E-01   2.6163002945121736E-01   5.7398548182893370E-02
  -4.4252144635042976E-01  -2.0282502950394479E-01  -8.7351976332916905E-01   5.8054988048581846E-02
   6.7821613884081788E-01   4.9323815204486028E-01  -5.4473754633146374E-01   5.0877681975432862E-02
   9.0690142730927583E-01  -3.5510629589458147E-01   2.2678033371619364E-01   5.6591197903721540E-02
  -5.7499240055390519E-01  -1.9988162007652516E-01   7.9336692473334258E-01   5.6730234616408186E-02
   5.9161068747174115E-01   7.7166305854845083E-01   2.3352284372382934E-01   5.4264283259047890E-02
  -2.4487807148192058E-01  -7.5975582328777591E-02  -9.6657252236813491E-01   5.4108426751565384E-02
  -8.9237991393283238E-02   3.4521895047872242E-01  -9.3427001296330907E-01   5.8683255275601232E-02
   9.0419741246349830E-01  -1.8795398910927815E-01   3.8353661790267619E-01   6.1058415935260504E-02
  -5.7469852959458700E-01   5.9489270824977138E-01  -5.6198244256655556E-01   5.0617111255572631E-02
  -6.0084965336578104E-01  -5.4180867756399689E-01   5.8772702078990191E-01   5.1519275713206278E-02
  -7.5781048059867970E-01  -6.5232866229931652E-01   1.3805500265550861E-02   5.8480981805969714E-02
  -1.2740584260853258E-01   3.6576851503640335E-01   9.2194421993810138E-01   6.5066044000078147E-02
  -1.8786486130918473E-01   9.0470129063363114E-01  -3.8239033540496674E-01   5.5300075627782981E-02
  -9.7977157568341848E-01  -5.1892281951631025E-02  -1.9327402970053701E-01   5.7747597162481847E-02
   6.1783100419715904E-02   7.0284223905014018E-01  -7.0865762926078260E-01   6.0506791632996917E-02
   6.1267303008014800E-01   4.5626201713441441E-01   6.4533458758449118E-01   5.9236446349321490E-02
   7.7208522072107595E-01   5.3578748478117353E-01  -3.4178382509409513E-01   5.5395344769136834E-02
   4.2639746371551297E-01  -4.0054471684707824E-01   8.1101734429226084E-01   5.6728217913823276E-02
  -7.3841697420975070E-01   1.7137877748078390E-01   6.5220371574233482E-01   6.0533441545732529E-02
   5.5944909973912660E-01   2.3270880554469464E-01   7.9552706844144669E-01   5.4999958496460941E-02
  -6.5671448065214246E-01  -1.0206975777435787E-01  -7.4720001033837704E-01   5.6333706824256797E-02
  -9.2118595630826245E-01  -3.0596819612441091E-01   2.4041609110208513E-01   5.3606230050605035E-02
  -1.1710921155926100E-01   8.7558366330928568E-01   4.6865625047987933E-01   5.6369247742531225E-02
   6.3299257436507546E-01  -4.2928630339122584E-01   6.4423106919751296E-01   5.8548058440617421E-02
   1.8963149813186115E-02   9.9977918375515369E-01  -9.0544286976806383E-03   5.4982677480581676E-02
  -3.9334820715617319E-01  -6.4751804305707781E-01   6.5268489475592784E-01   5.3206751382405271E-02
   8.7015650235619564E-02   2.1997683862193385E-01   9.7161641972744164E-01   5.9861816541184529E-02
   5.7095100723995094E-01  -8.1470791602579808E-01  -1.0132106837468069E-01   5.5864355116309561E-02
  -9.6113948667093467E-01   2.1426441880289220E-01  -1.7407367979390518E-01   5.9890851366538751E-02
   3.5016548393719398E-01  -9.3569212319091104E-01  -4.3178518472911129E-02   5.8073043363150685E-02
   9.6501921155238666E-01   1.9898371196069887E-01   1.7071439221445748E-01   5.0404170486140085E-02
   2.9687450449372683E-04   5.7496936002838179E-01   8.1817488771905094E-01   5.8601345983645148E-02
  -9.5243931497975147E-01   1.6575611262320535E-01   2.5570346577421486E-01   6.1639478353970016E-02
   1.0043474883854158E-01   4.9687222839891660E-01  -8.6199237228158445E-01   5.1979090806592527E-02
  -4.0108010574332731E-01   6.4009030586104210E-01   6.5530080811764533E-01   5.8371282898180654E-02
   3.0754693068495031E-01  -7.4546498694444940E-01   5.9135170471232961E-01   4.9887049260135363E-02
  -6.5561934878810675E-02  -9.8056375581742792E-01  -1.8492256074412897E-01   5.7813217332667826E-02
   4.7133515715321685E-01  -5.9715666371588227E-01   6.4903550643325296E-01   4.8556427313625079E-02
  -4.3021943411695505E-01   9.0263948101725866E-01   1.2377633739171925E-02   6.5394028555933410E-02
   6.1989466501874713E-01  -7.3192636741225421E-01   2.8286816181393943E-01   4.1930399699863266E-02
   2.1942702650086696E-01   6.2257939016716133E-01   7.5116355275004745E-01   5.5523738363506228E-02
   7.8665063847576384E-01   6.0535117422158553E-01  -1.2137021403219397E-01   5.1984545641079860E-02
  -7.5511024530165951E-01   5.1600773913649824E-01  -4.0440639286701110E-01   6.0863011510988363E-02
  -8.0433576906819688E-01   6.0445655800489000E-02  -5.9109245748217853E-01   6.5850372900867926E-02
  -5.2838948142008766E-01   8.0624776501330988E-01   2.6602461791280438E-01   6.0999477645986193E-02
   5.2559957702983064E-01   4.5612189126635787E-01  -7.1812109350280471E-01   5.2895639750398065E-02
   7.0111464593045048E-01  -7.0901600794691655E-01   7.5726836305479814E-02   5.4174705781326207E-02
   7.4315458190428929E-01   2.1706052221249577E-01   6.3293443348541238E-01   5.9240768645909725E-02
   2.3740435080712436E-01   8.9978233113899080E-01  -3.6610235015352108E-01   5.5334750291764063E-02
   1.7926605383950170E-01  -4.1261273885849850E-01   8.9309260979615175E-01   5.2780614474752880E-02
   9.2330708886911754E-01  -3.1381106321952892E-01  -2.2141959318241069E-01   6.1439894493721914E-02
  -1.8076571665673601E-01   9.7191542647102995E-01  -1.5067899478431857E-01   5.7261512883394419E-02
   4.4853245794330627E-01   6.3470884236735241E-01   6.2925616372986903E-01   5.3245774148714586E-02
  -8.7670004741168643E-01   4.5206093867813086E-01  -1.6443215801598514E-01   5.2308763562970046E-02
  -7.4261234300497279E-01   6.4817059688462928E-01  -1.6852829243449829E-01   5.6400517010322462E-02
  -8.7898486761776411E-01   4.2957738732834461E-02   4.7491076549383822E-01   5.2508062215288254E-02
  -7.4707963598470677E-01   4.8719128324752115E-01   4.5223519436747921E-01   5.3006397486833423E-02
  -5.9336656439236091E-01  -3.4811571370497250E-01  -7.2576275058236757E-01   5.7715010988868567E-02
   4.5608844279855614E-01  -3.0533884132521623E-01  -8.3591358663665876E-01   5.4293601564069025E-02
   9.7893892933206867E-01   1.9019188052382743E-01  -7.4199873456718537E-02   5.4114342341789108E-02
  -3.8007210866853441E-01  -7.6380846042663233E-01  -5.2167214607735310E-01   5.1121530647233211E-02
   3.0083150229419591E-01   5.9487880935624187E-01  -7.4539895989082066E-01   5.7747477688182203E-02
  -5.0934406486519412E-02   9.6635385351675129E-01   2.5212281933452827E-01   6.1051355056017851E-02
  -4.8628576532451397E-01   3.2973997264799406E-02  -8.7317745616062066E-01   5.6544428117300791E-02
  -4.2350827330866334E-01   4.3590763057159494E-01   7.9411918503998660E-01   5.0418933727966024E-02
   2.6098084010757505E-01  -8.5071044839314727E-01  -4.5626826987143714E-01   5.7408452150841658E-02
  -3.8872929653602801E-01   8.8536193847304663E-01  -2.5499759198442251E-01   5.2543948019325839E-02
  -5.6682992992970238E-01   2.6225076859413283E-01   7.8097910657563387E-01   4.7769084518292457E-02
   4.8977488774012423E-01   7.5322801269008286E-01   4.3905366441711546E-01   4.4897728041394611E-02
   9.6857434754294722E-01  -2.4790198826109351E-01   2.0207362468932755E-02   5.1559715493604594E-02
   6.7844780768538717E-01   4.3666574762172869E-03   7.3463562706240779E-01   5.9696628545952288E-02
  -4.7126259138621718E-01   2.5942594402870247E-01  -8.4297671944411601E-01   4.6062971467092142E-02
   1.7722566340875359E-01  -1.3805368691377300E-02  -9.8407340987581939E-01   5.7264444769776857E-02
   4.5850446835907501E-01   3.2620745956226918E-02   8.8809320424605289E-01   5.5762761557583094E-02
  -6.0553762488218137E-01   3.4533045014547312E-02   7.9506707494026561E-01   5.2935046877127299E-02
  -3.6622748451983060E-01  -9.2545024579958373E-01   9.7052934689102610E-02   4.7831004513624933E-02
   2.5304297682203374E-03  -1.7346962757086770E-01  -9.8483596869509817E-01   5.8367195797987756E-02
   7.4990043256274745E-01  -2.1518703503870857E-01   6.2557484060138959E-01   6.0411393807919724E-02
  -3.6192265006865925E-01   2.3287918728592443E-01   9.0265125020482078E-01   6.1612358019139046E-02
  -3.4156975953313182E-01  -9.3060337040410452E-01  -1.3155784417889884E-01   5.7037428777976658E-02
   2.8013177521094921E-01   7.8981893523216105E-01   5.4563012936044650E-01   5.8426985890494691E-02
   7.7680861842395004E-01   6.1644926340669004E-01   1.2868051906805189E-01   5.5203980287089562E-02
  -3.7988412335965247E-01  -4.3879036306870391E-01  -8.1434088077248301E-01   5.4948185666599727E-02
   4.3621944685265106E-01   8.9827692625887003E-01   5.3020354001871066E-02   5.3051798606126059E-02
   9.0986756552476216E-01   4.1212045090406564E-01   4.7934821921774811E-02   6.3399887976979041E-02
   3.5593200947295194E-01  -1.9414195652041146E-01   9.1412324407104588E-01   6.0559203181335182E-02
   1.2739238324449356E-01   2.4991201925715432E-01  -9.5985163609908994E-01   5.7276569249718268E-02
  -1.7636030782490629E-01   7.3813374254900088E-01   6.5119553126116392E-01   5.5412920174461275E-02
   9.3146090383191691E-02  -2.1404946733282721E-01   9.7237165290893746E-01   5.4185965846548614E-02
   7.8068237436925871E-03  -9.1442411969457886E-01  -4.0468207623247832E-01   5.6738320941671541E-02
   8.8236099059352480E-01   2.3151614744254347E-01   4.0968201785308596E-01   6.1068738040564305E-02
  -2.1144526344838086E-01  -9.3862749494360536E-01   2.7252399215690559E-01   5.5403288222046330E-02
  -4.7593438351201369E-01  -4.2554983155102555E-01   7.6967123075890873E-01   5.9212381148250914E-02
   1.9118146449693063E-01  -9.5476485423618875E-01  -2.2775803113865836E-01   5.5989081407959773E-02
  -5.7315429176404855E-01   8.0597916109744485E-01  -1.4795860809399029E-01   5.0445244142431589E-02
   9.8691239537419051E-01  -6.3873734996745215E-02  -1.4806778797004752E-01   5.4452863251799855E-02
   1.0394020986215302E-01  -9.9455208484690427E-01   7.9109607815785443E-03   5.7155007232864419E-02
  -7.2730281681517130E-02  -3.8173982176166415E-01   9.2140382819255748E-01   6.1629378062315769E-02
  -6.1073341434300366E-01  -6.7577937577581473E-01  -4.1270683527291760E-01   5.7111873893990071E-02
  -5.3266920832190481E-01  -7.1387451246724147E-01   4.5458409008166312E-01   5.3430776125417401E-02
  -9.6795142914733496E-01  -7.5371348324678964E-02   2.3956041130235115E-01   5.6285378880610732E-02
   9.4080133531031080E-01   1.4440138701936414E-01  -3.0666119236907026E-01   6.1880226334761010E-02
   7.0036414815336894E-01   2.6616272871315378E-01  -6.6230465937163245E-01   5.9541985024914155E-02
   6.5249355587398039E-01  -5.5044192519004644E-01  -5.2083187933920119E-01   5.7789797580285054E-02
  -2.2432621553205760E-01   5.5357629399853225E-01   8.0201685502732154E-01   4.9104433207819724E-02
   6.2906568744228508E-01   7.1454261113374953E-01  -3.0611308001607584E-01   5.9217584397998300E-02
  -6.5617877166292295E-01   7.5189383528620848E-01   6.3914631169504368E-02   5.0268127344011191E-02
  -5.6577728242406531E-01  -8.2433723193377677E-01   1.9083886936317452E-02   6.5359683909888542E-02
   4.1861129028658102E-01   4.5995561075953884E-01   7.8307434115505492E-01   5.6004049264759228E-02
   4.2914774977797006E-01  -8.5451525392273826E-01  -2.9263610452892369E-01   5.7470677987411589E-02
  -2.9091028780149957E-01  -6.4841246307020821E-01  -7.0351437951649185E-01   5.5340624932346110E-02
   4.7396320470773574E-01  -5.3730223729154636E-01  -6.9761392358859347E-01   5.4473642598671459E-02
  -1.8419195236445912E-01  -1.3629217642862190E-01   9.7339496984960743E-01   5.7101761957154604E-02
  -2.7936542542524201E-01   1.6838293949468901E-01  -9.4530531827769888E-01   5.7340898816914265E-02
   7.6787393992413477E-01   4.1247874394979540E-01   4.9013355136634464E-01   4.0856397484463800E-02
  -8.2968029650641348E-01  -5.1801687808620231E-01   2.0806037490799230E-01   4.9800687165934212E-02
   8.0621540508343745E-01  -5.1402513061948856E-01  -2.9290764021746952E-01   5.4995372565084146E-02
  -1.5625129280631514E-01  -5.2251047273984437E-01  -8.3819349757292887E-01   4.8779256876682062E-02
  -3.8786524244636729E-01   7.7766568399410376E-01  -4.9476927717877102E-01   6.3129645429182695E-02
  -4.0689925836651391E-01  -3.4989486806960262E-02   9.1280267821351551E-01   6.2514075436990968E-02
  -3.5561932121545285E-01   6.2654164143074587E-01  -6.9352755527918806E-01   5.5545924878380326E-02
  -3.3722902445190295E-01  -2.8672837542455181E-01   8.9669583683298946E-01   5.2685656939065817E-02
  -7.7599461396109444E-02  -8.8442768935387193E-01   4.6018038408346449E-01   5.4059238936408089E-02
   2.4573273241834279E-01   9.6200148046958311E-01  -1.1903182680504127E-01   6.1735413384350935E-02
   9.0126194894049565E-01   3.8573690169174091E-01  -1.9731685702249496E-01   5.3665713704687246E-02
  -1.9527705859442630E-01  -3.0454212957868099E-01  -9.3226657223049187E-01   5.6824733667923084E-02
   8.8139176281808034E-01  -4.7237189768610754E-01   3.6538627317442165E-03   6.2103942296229073E-02
  -5.2211092384322377E-01  -5.7600946021518507E-01  -6.2897796856979538E-01   5.7054444252094125E-02
   8.0168222051458962E-01  -3.9692030364997626E-01   4.4694506358299515E-01   5.1163349185798834E-02
  -6.1937584767558018E-01   4.5386060742774905E-01   6.4061229175022172E-01   6.1532830088044568E-02
   6.5576245361732912E-02  -7.6686028414812348E-01   6.3845521427937069E-01   5.5856332976006211E-02
  -3.1713695164647215E-01  -8.2601866310396090E-01   4.6595849826387781E-01   5.6742755201784743E-02
   2.3326542671703590E-01  -2.5357961709414276E-01  -9.3876760622259816E-01   5.6164047551968626E-02
  -5.8241419845195663E-01   6.5172605123188223E-01   4.8584653501621560E-01   5.1139247319649890E-02
  -1.7070402215640925E-01   7.6967935868822295E-01  -6.1518600571608415E-01   5.2360063601090872E-02
   4.6402372941994452E-01  -7.2017401894149256E-01  -5.1578228059605227E-01   5.6351031404361791E-02
   6.7825223739477689E-01   6.1061586871025728E-01   4.0880577704846202E-01   6.8936173221000487E-02
   9.9488990428250172E-01  -3.5466679602699349E-02   9.4531439186726409E-02   6.3883933476223218E-02
  -9.0011630172724519E-01  -4.3550705149892046E-01   1.1146813875876203E-02   5.3390834870742099E-02
  -2.4295473481214418E-01  -5.2263919000609773E-01   8.1720332470085495E-01   5.8500518134784416E-02
  -4.8978791577413308E-01  -8.3050594736349055E-01   2.6526905012741619E-01   5.4383482860648176E-02
  -3.7760132385939116E-01   7.9989030713785283E-01   4.6646836630852748E-01   5.7889447251108699E-02
   2.7267917827084571E-01   7.7028732565102658E-01  -5.7645771889959612E-01   5.3689896932552177E-02
