324
   0.0000000000000000E+00   0.0000000000000000E+00   1.0000000000000000E+00   3.7987856110224496E-02
   9.2094549931532956E-01   0.0000000000000000E+00   3.8969140007297870E-01   3.8204029313331776E-02
   7.8228640629958530E-02  -7.9181822933358656E-01   6.0572615221749535E-01   3.7861840519485481E-02
   2.6000559671122971E-01  -5.5952045245564816E-01  -7.8697773346052439E-01   4.1144750314606559E-02
  -1.6308683135545454E-01  -1.1343012791920641E-01   9.8006953402229068E-01   4.0271710759338477E-02
  -2.4256215955955053E-01   7.8545555367850825E-02   9.6695097832401160E-01   4.0753737263466218E-02
   9.0318305663363336E-01   1.7742817212995833E-01  -3.9087032369386767E-01   3.7857614207707133E-02
   7.9244785087102229E-01  -6.0991437720074559E-01   5.5548297655817728E-03   3.8752491840922305E-02
  -2.1689166770348942E-02   9.8069972140779420E-01   1.9431324318090849E-01   3.3447564078133456E-02
   2.6297684651951120E-01   2.5991266827373156E-01   9.2913324290194392E-01   3.4704537705710767E-02
  -3.1887302068944984E-01  -8.4976987419947729E-01  -4.1977512739488300E-01   4.2314088485438237E-02
   8.9689840268029090E-01  -4.4221624003859387E-01   4.2488016747464234E-03   4.0048506487359736E-02
  -3.3816753571316198E-01   8.7861783772770998E-01   3.3715487986438903E-01   3.6106935270176587E-02
   4.7312155163511189E-01   4.9163362875914318E-01   7.3106249558536449E-01   3.7777017054876544E-02
   9.2726021051393239E-01  -3.3207300793033596E-01  -1.7296247975140985E-01   3.9119888614740187E-02
  -9.1456735331778791E-01  -3.9946601359085164E-01   6.3193830641367894E-02   4.3011476751496413E-02
  -3.3535961419117716E-01  -2.5080274538780722E-01   9.0809245788932955E-01   3.8573771996415789E-02
  -4.7876302239061292E-01   8.7243700092469609E-01  -9.8181708117792467E-02   4.5282723973634464E-02
   2.0864287739234095E-01  -6.5178385460497025E-01   7.2914056024180382E-01   4.1280738513441281E-02
  -5.5735479074222578E-01  -7.7097738105481408E-01   3.0813879200540390E-01   3.7243927109884320E-02
  -7.5758141332760491E-01   6.2718292213142268E-01  -1.8086454701582191E-01   3.9274642124955807E-02
   4.7372924506861719E-02   5.2485657524323130E-01   8.4987139112198235E-01   3.7476614239667216E-02
  -2.8844908571712846E-01  -9.4807858938041036E-01   1.3395563932662102E-01   3.6198544016942371E-02
  -9.3369042030339510E-01   5.5520954172500474E-02   3.5375079177500730E-01   3.0682722792764067E-02
   6.9686509173627708E-01  -1.6267757552652302E-01   6.9850916267447962E-01   3.7252716715377687E-02
   8.8128904240709271E-01   4.5646620664926258E-01   1.2234470123557594E-01   3.9122206421477802E-02
  -2.7785843671369110E-01   2.7344488213168540E-01   9.2088141776398799E-01   3.8092492276326051E-02
  -8.7350767033673388E-01   2.1819258081499643E-01   4.3517392791869182E-01   3.7972499696158843E-02
  -3.0041963257138464E-01   3.1910567301973431E-01  -8.9884348682754371E-01   4.0326708179615478E-02
   4.8883805456242201E-02   9.8680461320134504E-01  -1.5436006260901836E-01   4.0290220215978873E-02
  -1.0973009477186397E-01   4.1942043030030005E-01   9.0113584378165150E-01   4.0236110240438920E-02
  -6.3087110860744459E-01  -7.3433259280312901E-01  -2.5051404645537878E-01   4.1955293812423679E-02
   3.8840717700751504E-01  -8.1920897934560894E-01   4.2194373204087129E-01   4.0478402614827251E-02
  -6.7221887442005066E-01  -2.7560184332256576E-01  -6.8714293187854602E-01   4.3165635071751804E-02
   5.8311339778856901E-01  -7.2866517213210126E-01  -3.5920165957462595E-01   3.8903737480565393E-02
   4.0653321852158041E-01   8.8884518414551489E-01  -2.1138822308683731E-01   4.1101315067796670E-02
  -9.1551990546762507E-01  -2.6586794644193152E-01  -3.0188994310394146E-01   3.4517780953175738E-02
   6.9780568025454989E-01  -2.6683743156667278E-01  -6.6472928152698829E-01   3.8069175805440105E-02
   5.0989778318708980E-01   7.6914614948276920E-01  -3.8525115371238181E-01   3.7869557089279473E-02
   1.7088511103062941E-01  -9.7801725077650214E-01  -1.1950119669535523E-01   3.8928790145149555E-02
   4.4677631337503358E-01  -5.8877293094550084E-01  -6.7360029809439536E-01   3.9786594260462567E-02
  -6.0801122185990781E-01   7.4513239560357922E-01  -2.7404391457299839E-01   3.9384680897013989E-02
  -7.7985887220641050E-01   3.7766993233541485E-01   4.9918489725822912E-01   3.8949785841753147E-02
   3.6240729177048875E-01  -9.2365849593572182E-01  -1.2456298710828968E-01   3.9702712026969756E-02
   5.5981293288047933E-01  -5.3014758772888423E-01   6.3683044478495283E-01   3.1504840300683221E-02
  -1.7746035726401312E-01  -5.3912022716835661E-01  -8.2332083798338810E-01   3.7884307091320486E-02
   5.0262199437951409E-01  -5.3108893298139943E-02  -8.6287344159998706E-01   3.7483674765369574E-02
  -6.3487494394751404E-02   8.6724201881300402E-01  -4.9382245682089163E-01   3.4361689521748943E-02
  -9.8598425788519410E-02   9.9494787622866223E-01   1.8896402305740755E-02   3.6954460013556156E-02
  -3.6798520653139306E-01   7.7976532823379018E-01   5.0651053361060256E-01   4.3806090738427565E-02
  -5.7035534989180280E-01  -4.4416445872342720E-01  -6.9095058322337656E-01   3.1614165350473455E-02
   4.3618500034221190E-01  -7.3910199974106429E-01  -5.1329414515969729E-01   3.8198760433323460E-02
  -8.9970694583724544E-01  -4.0495069425020142E-01  -1.6291822132129896E-01   3.7790775437532926E-02
  -8.4639497987940472E-01  -3.1636812948524237E-01   4.2840021554727387E-01   3.8023290880533506E-02
  -9.8320890173635095E-01  -1.1743200758636471E-02   1.8210533430501385E-01   4.1115313045537060E-02
   9.1394945090663277E-01  -3.4255762912822431E-01   2.1760209537942092E-01   4.1057094624884014E-02
   2.2015278679583256E-01   1.4957205618709236E-01  -9.6392995102029779E-01   3.9964990789937910E-02
  -4.9819731637267805E-01   5.9383629589333448E-01  -6.3178943299072818E-01   3.9906824538890681E-02
  -4.3153586167869066E-01  -5.5060922292345590E-01   7.1456720028060196E-01   3.8220532333125634E-02
  -1.7812037197467224E-01   7.4833082641407564E-01   6.3896330671332837E-01   3.9144021520972014E-02
   7.7823647378001297E-01   5.3437537439284241E-01   3.2983473152620028E-01   4.2967790629753217E-02
   7.3018783369914626E-01   6.7407374804354862E-01  -1.1158095588526850E-01   3.7947381729820670E-02
  -4.8685816041303828E-01   4.9494014241858108E-01   7.1972452164832265E-01   3.8260139360077612E-02
  -4.9499168429006221E-01   6.4303827765121379E-01   5.8436718419076871E-01   3.4463697005977533E-02
   4.7992661597761507E-01   8.7714533481451546E-01  -1.6926455311334551E-02   3.9782229975647723E-02
   7.2761706706131583E-01  -5.7974077715787375E-01  -3.6670701523351474E-01   3.8509724233644980E-02
   7.3332350082821964E-01   4.3597168037884648E-02   6.7848060405004986E-01   4.0045381471775725E-02
  -7.1382577106304392E-01   2.7626801161031684E-01  -6.4352836326546842E-01   4.2979947340323763E-02
  -3.8175135365917389E-01   7.4703696752189072E-01  -5.4424413008785474E-01   3.6776860217064375E-02
   3.9278760390653175E-01  -9.3645296300385876E-02   9.1484887096076068E-01   3.8326296507215950E-02
  -1.9427655037963358E-01  -9.7869747890127563E-01  -6.6391767297434816E-02   3.9532230701598031E-02
  -7.8159340393329559E-01  -5.8222966728980241E-01  -2.2387578130644310E-01   3.7038265668399863E-02
  -8.5195686164839283E-01   2.2671600655410650E-02   5.2312092714203561E-01   4.0693649162197447E-02
   9.6532479860014390E-02   3.1831747758245994E-01  -9.4305644783205639E-01   3.9438974363021461E-02
   7.3462929832531722E-01   2.5472711052591967E-01   6.2883534665695117E-01   3.8688758073149379E-02
  -3.6410342329592060E-01  -8.8061070817066084E-01   3.0323831848788334E-01   3.9680129962417201E-02
  -8.1856495258255534E-01   5.4652218015017348E-01   1.7681890455327464E-01   3.8294899002021146E-02
  -7.1702266845694149E-01  -5.0861409014535539E-01   4.7664473166552383E-01   3.8088029058073132E-02
  -4.0298496167933954E-01   4.6466688969143303E-01  -7.8847181451513588E-01   3.5776645808285545E-02
  -6.1597494320675192E-02  -4.0416322283884902E-01  -9.1261045249215140E-01   3.9032128802763214E-02
   7.9553802173414256E-01   3.7549712292168542E-01   4.7552199386869951E-01   4.4001821630398572E-02
   4.6596819931681325E-01  -4.2589357141537593E-01   7.7555676971611990E-01   4.0215196872819367E-02
   8.3598025917303360E-01  -2.4310845372594429E-01  -4.9197081824023678E-01   4.0887317377046485E-02
  -7.2167385290286611E-01  -3.4183834078180046E-01   6.0194135827992241E-01   4.1131153831392577E-02
  -7.1441239713111119E-01  -4.3599215047812851E-01  -5.4728947691951512E-01   3.9213141132116478E-02
   8.1900624264416617E-01  -4.4230067627193552E-01   3.6551181414459597E-01   3.8921107639359892E-02
  -3.0538138456675452E-01   6.3917360212101801E-01  -7.0583235708752711E-01   4.2333797289295551E-02
   4.9379219685306177E-02  -8.1193400814069587E-01  -5.8165699435995321E-01   4.6656275257383850E-02
   9.5967004632767363E-01   1.9805296275132835E-01  -1.9952049049373808E-01   3.2201200061172432E-02
   9.5268072621089849E-02  -5.4081606481529966E-01   8.3572841185205408E-01   3.1158856663481508E-02
  -1.8685713909018826E-01  -8.0127235887790835E-01  -5.6837225167073599E-01   4.0298187369176607E-02
   1.8771600107318647E-01   7.5979792588787979E-01   6.2247073405708599E-01   3.9609001251129921E-02
  -6.5383670703077125E-01  -2.0024405821755797E-01   7.2965737006331998E-01   3.8785831872414945E-02
   2.1812937892786865E-01  -8.9746332090099496E-03   9.7587859388722435E-01   4.3109477508226916E-02
  -5.8013246393851183E-01   4.1748260901395042E-01  -6.9939587892375829E-01   3.5449805137749819E-02
  -9.5208022050511491E-01   2.0804210709470254E-01   2.2419129197747191E-01   4.0378586559953442E-02
   8.4242542029064377E-01   1.3598526339852587E-01   5.2137071205291700E-01   3.8607641559961841E-02
   5.4869161052918693E-01  -8.1998254709601283E-01  -1.6299122366809227E-01   4.0175503955445996E-02
  -1.0616564706837037E-01  -3.6152356375533192E-02  -9.9369102970241733E-01   4.1334852411355944E-02
  -7.3815543605462199E-01   8.6001875136795167E-04   6.7463013021266569E-01   3.7449689670637722E-02
  -4.0305753271261677E-01   9.0377450664441809E-01   1.4400092521666847E-01   3.7716446859239112E-02
  -3.6053153039264000E-01  -7.0518685044392199E-01   6.1051496423406543E-01   3.9995824485299284E-02
  -4.9910099753707042E-01  -1.8926376737838230E-01   8.4562250479468836E-01   3.3641135645218755E-02
  -2.0770397297175233E-01   4.9342412914810918E-01  -8.4462517626825430E-01   3.9606131155050148E-02
   1.8141674820718510E-01  -8.7442334761083024E-01   4.4996863515471821E-01   4.3028389157895405E-02
  -2.9911053536947393E-01   9.5371429343590623E-01  -3.1015062905571109E-02   4.0321876031780226E-02
  -3.3609259654855940E-03  -9.9805062290936579E-01  -6.2319004219271221E-02   3.0222955074544652E-02
  -2.6493238095519080E-01  -9.3302931343607529E-01  -2.4344842121159762E-01   3.7586513831515953E-02
   6.5569840118504787E-01  -7.6152860318133024E-02  -7.5117264896210045E-01   4.1029349132359387E-02
   9.6246354372421940E-01   2.1811956899954760E-02  -2.7053311357024716E-01   4.0593441123199323E-02
  -8.4057393517710359E-01   1.9313043852048894E-01  -5.0609889667708429E-01   3.9469949494727636E-02
   6.7601794045510317E-01  -7.1579320242090034E-01   1.7504238215607195E-01   4.5412757142356303E-02
   4.1134029213566609E-01  -4.2875362359698501E-01  -8.0434413923282850E-01   3.8028756387852178E-02
   1.1822590409906455E-01   6.3810795880612936E-01  -7.6081592288032062E-01   4.0401179938610241E-02
   7.0199373948620413E-01  -4.9682698346274341E-01   5.1026242094189742E-01   3.9161177992717060E-02
   8.1772833423393027E-02  -9.1061326384127827E-01  -4.0508849333231440E-01   3.5649103480919515E-02
  -9.7576927502533834E-01  -2.0038944127595281E-01   8.7854389427263779E-02   3.7642865180145346E-02
   3.4901969934823036E-01   8.8268975559448836E-01   3.1471263850600794E-01   4.0827267529327126E-02
  -5.6430172112209620E-01  -5.9676466729290371E-01  -5.7046954292883160E-01   4.1410304884921611E-02
  -6.2161184679634748E-01   1.7443856978487977E-01   7.6365561432745323E-01   3.8308158733105312E-02
   1.3431785469467043E-01   8.7837045005771123E-01  -4.5872003049314864E-01   4.0494052264797613E-02
   9.9179095572027069E-01   1.2617443205791589E-01  -2.0753622487032519E-02   4.4449580552002796E-02
  -4.7565816675917238E-01  -8.7109171346488221E-01   1.2226420215303728E-01   3.9493062211856546E-02
   7.8333169271763249E-01  -9.4905150111499363E-02  -6.1431626355358881E-01   3.1252090198717414E-02
   7.8808343646356977E-01  -3.0130911369636930E-01   5.3678423521493154E-01   4.0005391229729054E-02
  -7.4057996025432011E-01   6.7008760309393000E-01   5.0238696734104761E-02   3.8290585383401044E-02
  -4.4156202409121974E-01   8.2374161164267807E-01  -3.5563005515393149E-01   3.9297455301089815E-02
   1.1964263448038094E-01  -6.8567532809797357E-01  -7.1800764929931650E-01   2.9845747752903356E-02
   8.5369351712913399E-01  -3.7971027150855141E-01  -3.5640915886462747E-01   3.8302907991039516E-02
  -5.1260847272180658E-01  -3.7532559412628438E-01   7.7224559052646490E-01   4.5203558773914176E-02
  -5.1277278774575556E-01   2.8722280767274179E-01  -8.0905322871862619E-01   3.9470564089716440E-02
   4.3162966281497174E-01   3.0901028990701560E-01   8.4747181363737169E-01   4.0648401484292673E-02
  -8.7828667348443740E-01  -5.2820830941988745E-02  -4.7520782716432501E-01   4.3367438239321183E-02
   5.9626337775729929E-01   1.7182794456073866E-01   7.8418437998565604E-01   3.8185605405035074E-02
   4.2275270326001654E-01   7.1494040483854215E-01  -5.5690247747307601E-01   3.9974285169465364E-02
   1.5989668165284689E-01   9.5053805341921666E-01   2.6629018043933694E-01   3.5335071789243182E-02
   1.3600099919048065E-01  -9.8687592050324948E-01   8.7061160973506321E-02   4.3146890536584745E-02
  -2.4222084505429348E-01  -6.2212614615910490E-01   7.4450528573436205E-01   3.8373342361442688E-02
   3.2970001327263109E-01   8.4396406895000861E-01  -4.2311056660094417E-01   3.7792837491243567E-02
  -1.9113426407558126E-01   8.6910612240817393E-01   4.5620416601442217E-01   3.7887327511975494E-02
   7.3972747919122339E-01  -4.2900683547745748E-01  -5.1841719844447275E-01   3.8817182185474559E-02
  -9.2902590835189311E-01   3.5826648861250576E-01   9.2498566195402212E-02   3.7471733538464038E-02
   7.7032293415554846E-01   4.8464261427926818E-01  -4.1439608291891838E-01   3.6624535499777675E-02
   6.6164512007188029E-01  -7.4963308666308758E-01  -1.6612358804182130E-02   3.1167644453392098E-02
   2.0767889139440129E-01   4.8088066247712903E-01  -8.5183523437619665E-01   3.9382898461395301E-02
  -8.3300592167189790E-01  -2.5506949838004362E-01  -4.9095894477614390E-01   4.1063905931370836E-02
   1.0721236732165151E-01   1.5562932682662102E-01   9.8198015301979495E-01   3.7520638794216991E-02
  -9.2017637071515459E-01  -3.0782363418672984E-01   2.4190919166819697E-01   3.6444036580473646E-02
   5.5938307972523020E-01  -7.5811452380937343E-01   3.3519089919984996E-01   3.3664959660020783E-02
   3.3435931004112084E-01   6.1806379210667046E-01  -7.1147803948930699E-01   3.8986033705371250E-02
  -6.6457529381624222E-01   4.9938150540293690E-01  -5.5583971692435927E-01   3.6961720209755299E-02
   5.9365483785835673E-01  -4.4082737214631348E-01  -6.7323484866274094E-01   4.0384351795998041E-02
  -2.4618220236965666E-01   8.8127095442535079E-01  -4.0343007835640687E-01   4.6052006412524253E-02
  -1.3317281287528697E-01  -7.7001309154114032E-01   6.2397503216566230E-01   4.1463615055791613E-02
   2.9401976694178433E-01  -7.5483269534706067E-01   5.8632753532696231E-01   3.6375265265055105E-02
  -8.3983069629839608E-01  -5.4095220820647735E-01  -4.5333320984539939E-02   3.4214920998001412E-02
  -9.6953611958947423E-01  -2.1568032294788186E-01  -1.1611077083751535E-01   4.1697418621381654E-02
   8.3591143604164130E-01  -5.1103297743566571E-01  -2.0024326971970709E-01   3.8420859180361288E-02
  -6.5132104984393590E-01   5.2325116309559565E-01   5.4953535859787914E-01   3.8730721478613784E-02
  -2.1340097054431717E-01   9.5725830159135032E-01   1.9523465318735500E-01   4.4007098772346306E-02
  -3.3293467412940485E-01   9.1557100248160310E-01  -2.2557535808944022E-01   3.2087239651757379E-02
   9.1950145111992949E-01   1.8976895502040086E-01   3.4424529786012936E-01   4.1059730864931145E-02
  -1.5235269397509101E-02  -6.7000387994841146E-01   7.4220124455598952E-01   3.7298621363096087E-02
  -9.8702480074080778E-01   1.5869111522048138E-01   2.4478003853432066E-02   3.8753936198457164E-02
   6.4335097230653399E-01   7.6410026429741897E-01   4.7437459173650431E-02   4.2246534698942825E-02
   5.7582584321662446E-01  -1.3932843686747742E-02   8.1745365260096782E-01   3.9724457178276541E-02
  -5.6627171148038959E-01  -6.5287205192580106E-01   5.0308491588524528E-01   4.5050704904603513E-02
   3.1463412134526445E-01   9.4207332012129381E-01   1.1620339582359795E-01   4.3265822289635949E-02
   3.3976647222270086E-01  -9.3723747805915813E-01   7.8387843921426556E-02   3.7466220022489142E-02
   8.7987577216143222E-03   1.3700528318320570E-01  -9.9053123839808598E-01   3.8302415290440912E-02
  -1.0033358385439032E-01  -5.0950545938240292E-01   8.5459777603879860E-01   4.2423235697167598E-02
  -5.9746527889586058E-01  -4.9528968886614430E-01   6.3065312543169840E-01   3.3767097593772832E-02
  -2.5773412207114891E-01  -6.6571789434920383E-01  -7.0028052055121206E-01   3.2314351038181245E-02
   2.1854220337298633E-01   9.3715872815066205E-01  -2.7197945436358521E-01   3.9796942618071060E-02
  -3.7618315627346250E-01  -5.5899938998217812E-02   9.2485751862442651E-01   3.6334539551047719E-02
  -5.0361061918731646E-01  -3.0430342050645835E-01  -8.0856401880731567E-01   4.1906411738803850E-02
   3.9388969349016322E-01  -6.1080816714513996E-01   6.8685099716825046E-01   3.8969171015952630E-02
  -1.4874345163724274E-01   9.7107634393372759E-01  -1.8677826385140221E-01   4.0152283989086630E-02
  -1.0980611524790451E-02   8.3723909907380935E-01   5.4672672986842094E-01   3.6041761555161166E-02
   8.0320222094570201E-01   2.9537746000900568E-01  -5.1731842069127988E-01   3.8891757703065298E-02
   7.9268960510505088E-01   9.9877432412054041E-02  -6.0138813461289206E-01   4.6078121750486245E-02
  -2.1795029132794492E-01   1.4186643812855170E-01  -9.6559390234341364E-01   3.8602404038120630E-02
   7.7512636029917301E-01   6.2232745747782374E-01   1.0903055185838537E-01   3.6095981340465357E-02
  -5.9945848253414606E-01   1.1113435398987248E-01  -7.9265293986782934E-01   3.9447895122950278E-02
   4.0225681840773521E-01   1.0769789713030744E-01   9.0917028932879020E-01   4.4133042181920814E-02
   9.8119178613609996E-01   6.5609484169902883E-02   1.8154358817102140E-01   3.5820957674058595E-02
  -5.6193414636162799E-01   6.9030297321952795E-01  -4.5575412265508710E-01   3.8350421127748411E-02
   7.9228894081591807E-02   3.4531796000743120E-01   9.3513543876751565E-01   3.8871583969609373E-02
  -7.2449246703674337E-01   5.7304976131976186E-01  -3.8304651970534479E-01   3.9748353674677936E-02
  -2.4631382016854268E-01  -8.4435646442752023E-01   4.7580632927004717E-01   3.7938477536034063E-02
  -7.9806619151329991E-01   3.9428964631627163E-01  -4.5565999250674433E-01   3.9444933038866306E-02
   9.9700170717553469E-01  -6.2818236182731066E-02   4.5182575092172942E-02   3.3657084546015174E-02
   6.0321245817871211E-01  -5.9710578824524400E-01  -5.2877160281355992E-01   4.0430198935412251E-02
  -4.9076493163763386E-01  -7.2082420427444073E-02  -8.6830519204944849E-01   4.1345590519244765E-02
  -3.1943415429540591E-02  -9.6710474117056381E-01  -2.5236489022071317E-01   4.5985813599248324E-02
   2.2469920262482809E-01   7.6039035646044670E-01  -6.0935767340841886E-01   3.9575662319437384E-02
  -6.9721734559525341E-01  -5.9487336341470218E-01  -4.0001706776185015E-01   3.8187724663204534E-02
   3.5952179725924859E-01   7.8276247490604600E-01   5.0796356677860412E-01   3.7652284713513188E-02
   4.1492835270783636E-01   1.3344597081449194E-01  -9.0001479709643614E-01   3.7247384229495250E-02
   5.2529703741366216E-01  -6.7452988890179312E-01   5.1872194040985402E-01   4.4507866208440525E-02
  -7.5746769451901858E-01   5.3654502942127999E-01   3.7197059448746809E-01   3.7733980410944902E-02
   2.4488579159137975E-01  -9.3274093164444398E-01   2.6462294592819772E-01   3.6558387548867754E-02
   5.0895106066361650E-01   8.4211180076314189E-01   1.7837189482886159E-01   3.6242959609324900E-02
   9.5074763329351483E-01   2.6974316047456041E-01   1.5270090099267927E-01   3.7977458516324444E-02
   5.4380446826048718E-01  -2.1661182439841661E-01   8.1077494894126953E-01   4.0266732864363250E-02
   8.8469137733213472E-01  -2.6264202012549016E-02  -4.6543673959713851E-01   3.8238843242812734E-02
  -7.0961449405410990E-01  -6.3340193060427587E-01   3.0862479507503248E-01   3.8665956274011939E-02
   9.6628513990409317E-01  -2.5614821157049720E-01   2.6098316224665785E-02   3.7932836352161753E-02
   2.0876544064506403E-01  -2.2947958765921216E-01   9.5066088046160306E-01   4.1757355010085026E-02
  -1.7362885375623704E-01  -2.3756969802121172E-01  -9.5572677043462874E-01   3.6727328553047930E-02
   6.5010074286957753E-01   4.8024810512303437E-01   5.8883850217708966E-01   4.0967477488073749E-02
  -9.7883013858180536E-01   1.1548756857084665E-01  -1.6897982515530634E-01   4.1347836434710218E-02
   4.0698913587499534E-03   7.0161322634360479E-01   7.1254636102084312E-01   4.0073594869057087E-02
   9.4260632846665846E-01   3.2845873441880266E-01  -6.0068039077401431E-02   4.0417021284445446E-02
  -6.4483138619312878E-01  -7.5267911887024938E-01   1.3291586585864425E-01   4.1076615766003463E-02
   4.2669111094452016E-01  -8.4344777275100444E-01  -3.2639018135094262E-01   3.8761364539723874E-02
  -6.4851756354835830E-01  -8.4147849509548837E-02  -7.5653427496196057E-01   3.7615168096198270E-02
   5.0057692592688551E-02  -5.4438089396751259E-01  -8.3734322096463387E-01   4.0050171108785290E-02
  -4.2555236183484623E-02  -8.8504152876702999E-01   4.6356288055784418E-01   3.7672122530980125E-02
  -7.6017805818847152E-01   2.0843926695766827E-01   6.1537175092699420E-01   3.8517747076016801E-02
   1.9868254832854779E-04   4.8987168531352116E-01  -8.7179452421619139E-01   3.9167277056832578E-02
   2.6730229139351435E-01  -4.5268958577285625E-01   8.5065952292828441E-01   4.4728493226850147E-02
  -9.9894958192192913E-01  -3.7011052176005381E-02  -2.7016935333748479E-02   3.7658172228904072E-02
   2.0048548209014831E-01  -2.0465586947619600E-01  -9.5808222327732543E-01   3.1913806282299708E-02
  -1.6455294287805157E-02   9.4299547635964255E-01  -3.3239848804582798E-01   3.6155680827437781E-02
   3.7652188677599363E-01  -2.8967288901610865E-01   8.7995504779943569E-01   3.1505941759466775E-02
   7.1582573614524687E-01  -6.7233288335056542E-01  -1.8857892097906955E-01   3.9428147484629567E-02
   9.8448484704017822E-01  -1.1727851721560318E-01  -1.3051948263759924E-01   3.9653166475083336E-02
   6.6731082317661583E-01   6.9722736398762279E-01   2.6185925261143339E-01   4.0040255036589922E-02
   2.1055028514900917E-02  -1.9475894362876427E-01   9.8062512697301649E-01   3.6991248140964820E-02
   6.4422674724942199E-01   6.1843822365355443E-01   4.5000673511922659E-01   3.3266564574859032E-02
   5.2201882468672886E-01   5.2213103231895274E-01  -6.7444460985482779E-01   3.9287805640386945E-02
   6.0709607956034847E-01   6.0472170916525760E-01  -5.1550558158637294E-01   3.8789981373847176E-02
  -6.7523831705555101E-01   6.9301637890129512E-01   2.5255002228177230E-01   3.8759423050677291E-02
  -3.8349852231433798E-01  -9.2116347942212968E-01  -6.6232375479329679E-02   4.0301703725148465E-02
   9.3373565041515771E-01  -1.7135932009644667E-01  -3.1428286392971815E-01   3.6590209389423486E-02
  -9.3842957405589828E-01   3.2788281463820205E-01  -1.0882460384580299E-01   4.0074309877093563E-02
  -5.8551664114848325E-01   6.8786581052824038E-01   4.2896490491009311E-01   3.9458307931099003E-02
   5.1029468115774099E-02  -9.5687303959187914E-01   2.8598947443222332E-01   3.8761531899361031E-02
   6.7715504402323736E-01   4.3391647879817423E-01  -5.9428741849485682E-01   3.9824073429406944E-02
   5.0341622330337969E-01   6.4267470569408180E-01   5.7753037043603780E-01   4.0466193863561112E-02
  -1.5648438806176061E-01  -3.2194334249724452E-01   9.3373717957176687E-01   3.8689664427625597E-02
   1.0566123336060377E-01  -3.8081891402021291E-02  -9.9367271941618717E-01   3.6980711218838822E-02
  -1.1418378710684002E-01  -9.0155235404077309E-01  -4.1733130206765025E-01   3.5254522046835075E-02
   1.8690704630319675E-01  -3.9182716594033548E-01  -9.0085361078999923E-01   4.3986249861988788E-02
   6.6893893476888450E-01   6.6780613487511537E-01  -3.2642865648320338E-01   4.2219796449068356E-02
  -5.2442964753767924E-01  -7.3392883379869919E-01  -4.3165033499626384E-01   3.6814039765030321E-02
   1.1716856174784542E-01   9.9205922062805225E-01   4.5716855806178635E-02   4.0857145154739438E-02
  -3.0142699836233557E-01  -4.4153334388060647E-01   8.4509766944411985E-01   3.7646421844789847E-02
  -4.3209879311144225E-01  -7.7968433166170818E-01   4.5319198575534249E-01   3.1521385698166719E-02
   6.4626293946636925E-01  -3.5919810473219673E-01   6.7329112175127185E-01   3.8512009757817239E-02
  -9.9600048904122431E-02   6.3975038471550860E-01  -7.6210188000992040E-01   3.7359690861613321E-02
   6.3571863312698191E-02  -3.7523235096969327E-01   9.2474823653830693E-01   3.7544816707797648E-02
   8.0787088651215270E-01   5.4018389336957355E-01  -2.3568197230623728E-01   3.3348988106603165E-02
  -4.0318873384732718E-01  -5.3588200220100876E-01  -7.4180140510491563E-01   4.5042160075133592E-02
  -3.6207744446506362E-01  -2.1220099256157487E-01  -9.0767321375345826E-01   3.2125702022741826E-02
   5.4062970697654497E-01  -2.6645642955071524E-01  -7.9794767440324045E-01   3.9020352538110238E-02
  -4.2405887199578771E-01   1.4106516792120964E-01  -8.9458073502676160E-01   3.6301584946149989E-02
  -9.5799169299824562E-01  -7.4644267747004580E-02  -2.7691180805243513E-01   4.0019548342900721E-02
  -3.0856301144832261E-01  -3.3156118813529569E-02  -9.5062586739009233E-01   3.8387887156612885E-02
  -9.3108563282003480E-02   2.0604376534650707E-01   9.7410305522844691E-01   3.8843631504014659E-02
  -6.3431614392102728E-01   3.5988917232148498E-01   6.8419501109472813E-01   4.0714165549790788E-02
   4.0159604875020118E-01   4.5238836421445158E-01  -7.9628222481203145E-01   3.3602573049161450E-02
  -9.2758937157919305E-01   9.3812397592466822E-02  -3.6163129260514859E-01   3.1858927772093870E-02
   3.7216820626629187E-01  -2.5186417431640468E-01  -8.9333938900086931E-01   4.0356205915735081E-02
  -5.8637454644270547E-01  -1.4547007317059195E-02   8.0990942448043465E-01   4.0177815421561717E-02
   1.8233587387489063E-01   8.7024738309580342E-01   4.5762771038605825E-01   3.8896582117707808E-02
  -5.7967736145671553E-01   8.1060783726917016E-01   8.3000546819759080E-02   3.9301254188057992E-02
  -8.0600944558224778E-01  -1.6897435306536623E-01   5.6727104777023340E-01   3.9390458016350713E-02
   8.2783098963992003E-01  -5.2942449308118462E-01   1.8548735460273624E-01   3.8389046420271704E-02
   9.6254650383792519E-01  -1.4197385115045621E-01   2.3097110974945600E-01   4.0789273009932101E-02
  -4.5835828875424553E-01  -8.4750259675790360E-01  -2.6766962401230731E-01   3.9682191182615532E-02
  -3.9597575981407668E-01  -7.1143923093537324E-01  -5.8056646331470904E-01   3.8447902181544293E-02
  -5.6163094182229942E-01  -8.2452653827234971E-01  -6.8750802703767543E-02   3.8950746865011854E-02
  -4.4898074426353922E-01   1.2998609976016242E-01   8.8403614470772602E-01   4.0210053131146930E-02
   8.7634671990239567E-01   3.7406447865171243E-01   3.0346695425916574E-01   3.0140890593726554E-02
  -7.9703418848088425E-01  -5.8938559931778256E-01   1.3176159421256483E-01   3.7689615347074783E-02
  -6.4212724800115807E-01   7.6105816074566163E-01  -9.1994963649592662E-02   3.2051147025742667E-02
  -1.9102757298576422E-02   9.2750398611724076E-01   3.7332484567762262E-01   4.1969607257752583E-02
   3.1985179045861649E-01   3.1325231988922519E-01  -8.9418556028625051E-01   3.7073448129825550E-02
  -7.1577932346589268E-01  -6.9645970704997592E-01  -5.1027801780702821E-02   3.8202260797304955E-02
  -9.0704607266310581E-01   2.8139957377159369E-01  -3.1317998331247380E-01   4.0098566062918772E-02
   2.7200230855935503E-01   4.6338224430411401E-01   8.4338107626509124E-01   4.7732162421996982E-02
  -3.4003027588867364E-01   6.3730810959336450E-01   6.9153292396356995E-01   3.7753061206562721E-02
   1.9215800293624846E-02   7.6528676469225374E-01  -6.4340261174939170E-01   3.9198161660045819E-02
  -1.5168699323601484E-01  -9.4205076609235955E-01   2.9921799776720590E-01   4.0278902880729283E-02
  -7.0427946858599463E-02  -6.9172216567073228E-01  -7.1872132973849769E-01   3.9021155795003043E-02
  -1.0419248959234685E-01   3.1317514647307396E-01  -9.4396252719274684E-01   3.7444971181836690E-02
  -8.7965660415418138E-02  -9.8975114918550062E-01   1.1249313434010272E-01   3.8238568190400460E-02
   2.6688929754011398E-01   9.6053204930390219E-01  -7.8411001259967267E-02   3.5010859194659147E-02
   1.3617300606738349E-02  -2.3089969598139954E-01  -9.7288226395586168E-01   3.9314330732535442E-02
   8.5458266316422708E-01   5.1645064727535769E-01  -5.4472018027618727E-02   3.9182612590428135E-02
  -8.2805757029306565E-01  -4.7610272640837161E-01   2.9605211397127391E-01   3.9479280995187213E-02
   2.4368647294462708E-01  -9.2634162092030489E-01  -2.8724223967680956E-01   3.7008283111767106E-02
   6.0752694604178589E-01   1.1291806057242106E-01  -7.8623184966630805E-01   3.9180118006059387E-02
   5.7896665220886109E-01   7.9434951365517214E-01  -1.8386534688694091E-01   3.7528682587669566E-02
   5.9468343327331139E-01   3.4859600621776571E-01   7.2445319975778312E-01   3.3121557860476555E-02
  -5.1604116998692406E-01   8.0736874137368221E-01   2.8610701901771435E-01   3.8266346574036811E-02
   1.7952377768895201E-01   6.2261430345733392E-01   7.6165782499402370E-01   3.1798121346156906E-02
   5.1807716965701224E-01  -8.5403290832276450E-01   4.7157584564310042E-02   4.1473498947245097E-02
   2.5572199275377234E-01  -8.4347002249386502E-01  -4.7240298853440618E-01   3.8169834648468942E-02
   3.1845018036066505E-01  -4.2887023790902878E-02  -9.4696894659678179E-01   4.0786881471306619E-02
  -8.7473320591975607E-01   3.8665028685935837E-01   2.9213588299440630E-01   3.9512869517059527E-02
   3.5019038100955368E-01   6.3641826741726559E-01   6.8726886001476126E-01   3.6137113709917589E-02
  -3.0544502204678485E-01  -3.8904562677737324E-01  -8.6910692023032467E-01   4.2076017761716570E-02
  -3.0269589270785561E-01   4.6229233761666161E-01   8.3346325121070385E-01   3.9798474113689552E-02
   8.8353918516881932E-01   3.6731418209842208E-01  -2.9058355063662126E-01   4.6250704298063025E-02
  -8.5113620899270170E-01   4.6281270963493010E-01  -2.4773281886319744E-01   3.7609330258982587E-02
  -8.5793479434637447E-01   5.1281687559005630E-01  -3.1092455031675578E-02   4.1858110267564043E-02
  -9.2683757795507908E-01  -1.3676139541461291E-01   3.4966902181149932E-01   4.3796504120839427E-02
  -7.5462839476328813E-01   7.8422385233301792E-02  -6.5144908880994112E-01   4.1446881134905710E-02
   8.9249101179458971E-01  -2.1360093151644057E-01   3.9728382287878076E-01   3.7375678652974237E-02
  -1.5897332599964006E-01   5.9801041834644950E-01   7.8556414198314614E-01   3.8632131083634675E-02
  -7.7647789930410144E-01  -1.2081425708169064E-01  -6.1845451504382173E-01   3.0895839116095462E-02
  -8.2209522824617700E-01  -4.2920395627900278E-01  -3.7409009557768033E-01   4.0736942197695205E-02
   6.8697448459653696E-01   2.5548776356808584E-01  -6.8028821846354228E-01   3.3885829301351151E-02
   5.3002076962985720E-01   3.0056126261011795E-01  -7.9293184522957922E-01   4.5009083898670034E-02
  -4.6131554691846758E-01   3.2458796648354359E-01   8.2573035440474953E-01   3.9758165861868842E-02
   6.9743439593569398E-01  -6.2356710487265365E-01   3.5319871048257041E-01   3.9323102475534685E-02
  -1.8837822730038123E-01   7.7465774454926163E-01  -6.0367128661964439E-01   3.7982914361890585E-02
   5.1561754721061081E-01   7.7011207023459125E-01   3.7558746556229154E-01   4.0698067548493366E-02
   8.2591748835374065E-01  -9.5430183167706132E-02   5.5565581304619371E-01   3.9700867676936644E-02
   4.4181579170800153E-01  -8.6655746390712611E-01   2.3211412698127937E-01   3.7737159713234111E-02
   2.8168816398231202E-01  -7.2305932546045443E-01  -6.3074320459038366E-01   4.0216224896733248E-02
