900
   0.0000000000000000E+00   0.0000000000000000E+00   1.0000000000000000E+00   1.3844996530676407E-02
   9.7707368529654630E-01   0.0000000000000000E+00   2.1290141732977208E-01   1.5428987427417855E-02
   5.4368897755208314E-01   2.2780049912190452E-01  -8.0778043321696131E-01   1.5142078394136635E-02
   6.0130439769759460E-01  -7.9586745911186884E-01   7.0908453913132998E-02   1.5420505541381668E-02
   1.3499893337132422E-01   2.9294897388958016E-01   9.4654962188236417E-01   1.4106067992930412E-02
   7.9622909590205903E-01   9.6296903445298767E-03   6.0491858617739477E-01   1.5516676467977628E-02
   3.5995003960587501E-01   8.5599189129139769E-01   3.7109816899454624E-01   1.2674921647463748E-02
   6.4900113563662253E-01   4.5069357953467124E-01   6.1292154743376361E-01   1.3174128955260906E-02
   2.3843814789980486E-01   9.5408332751684294E-01   1.8130707040956581E-01   1.4190457416624814E-02
  -6.1110173043258182E-01   4.2327280776288382E-01  -6.6887577715957764E-01   1.3247247407968962E-02
   7.6959606748916868E-01   7.3994411807813023E-02  -6.3422923294848416E-01   1.3593501931740610E-02
  -6.4010911862100163E-01  -2.2835529101316516E-03  -7.6828061386732340E-01   1.5304773155075757E-02
   6.8867247866777887E-01  -2.4231246687451237E-01  -6.8338487364205393E-01   1.3965169397240253E-02
   9.6116313813856386E-02  -3.6302028780085127E-01   9.2681061974052898E-01   1.3418945819409884E-02
   7.5647022007291289E-02  -1.8226875522714568E-01  -9.8033444748686413E-01   1.3979650696019811E-02
  -4.5350066400779640E-01  -2.6522769760142224E-01  -8.5087685135367046E-01   1.4692753096626294E-02
  -1.2320447385844941E-01  -8.1609197663542687E-01  -5.6463664713915306E-01   1.5030095682764843E-02
  -8.6029508999054868E-02   4.3142040211216619E-01  -8.9803973198448101E-01   1.4574413230810554E-02
   9.4149575186596781E-02   7.1746198963521727E-01  -6.9020587575074934E-01   1.4083494654794419E-02
   8.9932907192763380E-01   8.0069524152165012E-02  -4.2987915940160057E-01   1.5072369699389469E-02
   3.0852152864585340E-01   8.2377272430809380E-01   4.7561850789056476E-01   1.4023486705740522E-02
   2.7970379060571697E-01  -9.5555646045766806E-01   9.3153853373901469E-02   1.5525625980801693E-02
   9.5784865743059572E-02   9.5444774832266325E-01  -2.8258583689983813E-01   1.7204164571727540E-02
  -3.1731159333594471E-01  -4.3910711870398220E-01   8.4053452697559709E-01   1.3723064464620531E-02
  -5.3391208441636619E-01  -8.4508576553892158E-01   2.7711640111437847E-02   1.4213912680983016E-02
   1.7625505572934114E-01   9.8164924314306727E-01   7.2793672571798238E-02   1.3556584112915577E-02
   2.1334495633199375E-01   9.4596080080428706E-01  -2.4421730681794766E-01   1.2360621041003017E-02
  -6.1890744176679168E-01  -6.4747008716628959E-01   4.4467523514421483E-01   1.3062029198875357E-02
  -4.5410308691274821E-01   7.0645755567354084E-02   8.8814388680924380E-01   1.4386317756139543E-02
   3.6651534324277768E-01   2.4621945977713965E-01   8.9724159555533447E-01   1.3262858271160158E-02
  -6.5106559828706211E-01  -6.3472719258668517E-01  -4.1621506185881234E-01   1.3555705348894715E-02
  -6.3602795423795388E-01  -4.2885066447040927E-01  -6.4152595349773005E-01   1.3005292623602535E-02
   3.1546152756562131E-01  -9.4883301476883303E-01  -1.4139827108284519E-02   1.3126257363690454E-02
  -4.4638120956383815E-01  -8.8868088648153076E-01   1.0483366706705157E-01   1.4284316525502287E-02
  -8.3122166724935535E-01   4.7672158427123410E-01  -2.8601935421423267E-01   1.3135059417055208E-02
   1.2257651022255120E-01  -9.1827379514049152E-01  -3.7649466968330291E-01   1.2572666088001223E-02
  -3.9953543769235459E-01   7.2623570097596967E-01  -5.5942214887857328E-01   1.3049986264317516E-02
  -7.5612441551700637E-01   5.3504030929663954E-01  -3.7683913767922461E-01   1.4283075394060455E-02
   9.6421158753915321E-01  -1.7999621611251543E-01  -1.9467248557616587E-01   1.0473814961656542E-02
   4.6773429855048513E-01   8.8227722812560376E-01  -5.3023755907015912E-02   1.3664726626684480E-02
   3.0548844343157437E-01  -9.4372983973459731E-01  -1.2669175397106582E-01   1.3138010635885681E-02
  -1.4638438465171099E-01  -5.8560044257814691E-01   7.9727268458314712E-01   1.1064518561196714E-02
  -6.8262999470504173E-01  -7.2301147266407461E-01  -1.0616355648300750E-01   1.5319048887236448E-02
   3.9387310265244206E-01   8.3531280847804048E-01  -3.8355767623587873E-01   1.3011961314543600E-02
   8.8011635869722386E-01   2.7818605044054862E-01   3.8471771013800246E-01   1.3211650765680642E-02
   1.0617662726770831E-01  -9.8999632316529613E-01   9.2918264842002447E-02   1.6577403332793259E-02
   4.3358922320314192E-01   3.3036096869546138E-01   8.3836866346774456E-01   1.3048637276622669E-02
  -9.1317279266905746E-01  -3.6226589694046600E-01  -1.8675885693298228E-01   1.3961523176473553E-02
   6.9642576022307265E-01   5.7142535203278699E-01   4.3412466821400581E-01   1.3464048603919447E-02
  -1.3914505181364902E-01  -9.6989635876943189E-01   1.9984921266188244E-01   1.3457247347133198E-02
  -3.6927149040230955E-01   1.4969694675379257E-01  -9.1718558128039120E-01   1.4720805384255355E-02
  -6.4646732773813990E-01   1.2087776175737339E-01  -7.5330509149987570E-01   1.3607576511804937E-02
   7.2901329133517052E-01   4.9001402932161326E-01  -4.7793919291543645E-01   1.7057177012317685E-02
   5.6987661406281473E-01  -7.8833056191923045E-01  -2.3189560127007999E-01   1.5107960618832829E-02
   7.0022369710807641E-01  -7.1191458218898704E-01   5.3520105334135097E-02   1.4325298368201595E-02
  -1.6100343342528711E-01   2.2150553622735174E-01  -9.6177606117323506E-01   1.4274045041460110E-02
   8.6040357955985165E-01  -1.8004772633967952E-02   5.0929510938452295E-01   1.1237112997626812E-02
   6.9552301446617050E-01  -6.3033660823990134E-01  -3.4485286233480572E-01   1.2077718150135605E-02
   5.9425881304076808E-01  -2.0987465346192255E-01  -7.7640781356038370E-01   1.4443334817837407E-02
  -5.3122833112969303E-01  -7.9478912841769391E-01   2.9343943421804032E-01   1.4048118456629572E-02
  -5.4201947422718363E-01  -8.2404480003984943E-01   1.6481825471036895E-01   1.4039003733118460E-02
   8.0769027498029810E-01   4.5128509577289204E-01  -3.7944457043882193E-01   1.3666425135333442E-02
   3.5345637776535410E-02   9.0036892151899490E-01   4.3368939467422098E-01   1.3971183851024915E-02
   5.8243369379749694E-01  -1.6308424507465682E-01   7.9635075270751958E-01   1.5978205490123478E-02
   6.9109819071189519E-01   7.0994259727621162E-01   1.3551678629399259E-01   1.3072603905378734E-02
   7.5827927471032250E-01  -4.5394243566636802E-01  -4.6791965832402535E-01   1.3167161340003687E-02
  -3.1602785916949223E-01  -4.7805014438422244E-01  -8.1950866480042279E-01   1.3217394505300439E-02
   9.0270582766182041E-01   1.5772368251786881E-01   4.0030666829118706E-01   1.4179671663700532E-02
   8.7571729451915398E-01  -4.5926890893576102E-01   1.4896741041250916E-01   1.3925714588614319E-02
   3.3044025490215149E-01  -5.0430354617783113E-01   7.9780146104946769E-01   1.2489581443396873E-02
   9.4260926885071878E-01   7.3833083865885953E-02  -3.2563237247479919E-01   1.2213129375441826E-02
  -7.5871956376474161E-02   9.8740440911531699E-01  -1.3883795984974112E-01   1.5139941009870405E-02
   6.3374202995007289E-01   2.6376844740805234E-01  -7.2718446464889936E-01   1.3367677736025052E-02
  -2.6611423135383525E-01  -3.9241521146602593E-01  -8.8045074687970572E-01   1.4709762228589697E-02
  -8.2029418550019244E-01   4.0647649683067017E-01   4.0236091604285091E-01   1.3795778432609404E-02
   8.3879942526088395E-01  -2.5170583897106482E-01  -4.8276256566751634E-01   1.2954101307115319E-02
   9.3462290559258178E-01  -2.5685367405521084E-01   2.4598010989919334E-01   1.3493923368908877E-02
   4.1409614115253328E-01   6.7146908877496969E-01   6.1453531119236188E-01   1.5849726375092778E-02
  -9.4644670074512688E-01   3.0241087581272001E-01   1.1307654415858261E-01   1.2681061520489196E-02
  -9.4388541454692127E-01   1.2086574022112701E-01  -3.0736264744823098E-01   1.3227413566526737E-02
  -9.8753445265571748E-01  -1.4211347065641113E-01   6.7671753900442528E-02   1.3122852710303496E-02
  -2.8208295417253935E-01   2.4725529340834193E-01  -9.2698113618716533E-01   1.4015850640676426E-02
  -6.0473633297676467E-01   7.7118700003743434E-01  -1.9890846777117818E-01   1.2518210352462180E-02
   4.0978584803897453E-01  -6.1361203301312281E-01  -6.7494876226901903E-01   1.3804387939124356E-02
   4.6972797613313002E-01   8.0026015758743138E-01   3.7274563527426178E-01   1.4602552768209253E-02
  -6.6014505494715889E-01  -1.3858253935192950E-01   7.3824344644269181E-01   1.4101983299223257E-02
   5.6091930677276513E-01  -4.0565664111074033E-01   7.2167320915516359E-01   1.3254550876356303E-02
  -2.3957710694779703E-01  -8.4284694269470463E-01   4.8188363846131263E-01   1.0462032029114611E-02
   6.2862485150863820E-03   3.2483532293033192E-01   9.4574970053199258E-01   1.2715557939228168E-02
  -5.9350157590123107E-02  -2.1030441982864349E-01   9.7583277757747275E-01   1.4028917047408051E-02
  -7.9258602360888676E-01   3.3774458419635551E-01   5.0767705386976489E-01   1.3557944176302934E-02
  -7.6602608198468660E-01  -5.7720028514591579E-01   2.8292025828254789E-01   1.0597711456808955E-02
  -2.5022776977885321E-01   5.3026634047479568E-02   9.6673379961243508E-01   1.3786831829237911E-02
   4.1632509247957081E-01  -3.5999820385490304E-01  -8.3491000149304746E-01   1.2065787256766571E-02
  -8.9108753909017739E-01  -4.4348983060435189E-01  -9.6331551574418643E-02   1.4072656164279853E-02
   7.6004388385289516E-01  -1.4559308532654913E-01   6.3335294119700993E-01   1.2259125222961853E-02
  -4.4712786632157071E-01  -8.6492907752852445E-01   2.2797886306492411E-01   1.4132656681018877E-02
  -8.4847527233194437E-01   4.4702279278697316E-01   2.8330255023590531E-01   1.4471641578952169E-02
   1.1120846300663564E-01   9.9270893187328663E-01  -4.6493594555595043E-02   1.3911927816415667E-02
  -4.6501438160976196E-01  -7.0739635113780527E-01  -5.3230820705021040E-01   1.5705558595100583E-02
   7.7821305133195188E-01   2.7885894656174925E-01   5.6269186475288970E-01   1.0565459401183732E-02
   9.2227897771230598E-01  -1.8013780724272175E-01   3.4198224759733903E-01   1.5063753748652535E-02
  -9.9344438996537007E-01   1.1262232962378653E-01   1.9607521935347396E-02   1.2808500049641857E-02
   2.5381216279497573E-01   3.2479002986024703E-01  -9.1109320188481071E-01   1.4528929032839195E-02
  -3.2904774859871794E-01  -9.4181383686572601E-01  -6.8660584255993208E-02   1.4608329956785127E-02
  -7.2811546540530791E-01   6.1534960278676855E-01   3.0198134940386323E-01   1.1547906188898464E-02
   2.5428392528095140E-01  -5.0035623667767579E-01  -8.2763719210863477E-01   1.2230460042576423E-02
   5.6720854011890597E-01  -6.3075154116134557E-01  -5.2955355285255762E-01   1.3822780926594313E-02
  -5.5796812202623522E-01  -7.1008217573061003E-01  -4.2948210499647041E-01   1.4515820296230175E-02
  -2.3858801154552318E-01  -9.6202308861946939E-01   1.3261726022584601E-01   1.4131043473283931E-02
   2.0099577420941381E-01  -8.6993653941788355E-01  -4.5034555192162759E-01   1.3311523181423545E-02
   3.4998915628104336E-02   5.2391026950499428E-01   8.5105411426774804E-01   1.3239646797907154E-02
   8.1321204208375803E-01   3.4388152566011864E-01   4.6950151322400834E-01   1.5241471880240426E-02
  -6.8309395582969756E-03  -3.7882491703797716E-01  -9.2544314817060513E-01   1.2629638126302613E-02
   8.9381666544454780E-01  -1.0470441635384826E-01   4.3603756004453249E-01   1.3100848904780511E-02
   7.7252248352670536E-01   4.7421131808213567E-01   4.2229449232559819E-01   1.5685834653673378E-02
  -3.2988967864558631E-01   3.5256423881364815E-02  -9.4336089833011911E-01   1.3821529799834870E-02
  -6.7127406996158658E-01  -7.0767771352644821E-01  -2.2041637138648555E-01   1.0201606996690275E-02
   5.5279436932987460E-01  -2.3089997282781564E-02   8.3299774145112017E-01   1.4162838220694926E-02
  -3.7073763106076778E-01   6.3508090167602748E-01  -6.7766205238438272E-01   1.6073176439402185E-02
  -3.0040126007564977E-01   5.2115409012973561E-01   7.9884760579600486E-01   1.2483572398272431E-02
   8.2929822595718434E-01  -3.5532812111874290E-01  -4.3128456819887590E-01   1.5881994613284180E-02
  -8.4356190881246231E-01  -5.3674069601640503E-01  -1.7684208789205149E-02   1.3640122722694925E-02
  -2.6333678772808584E-01  -7.1508236848782935E-01   6.4754223221878683E-01   1.3532648150129074E-02
  -3.9411252706753337E-01   5.5691138174757170E-01   7.3111218625355522E-01   1.4413332682156223E-02
   7.5776383079630305E-01  -3.5845132890470532E-01  -5.4525830717501460E-01   1.3299506170546702E-02
   3.5003288567152175E-01   4.8867035671196017E-01  -7.9917348643424910E-01   1.1142745254006665E-02
  -1.6367469183786429E-01  -6.6447072321541504E-01  -7.2917024983289291E-01   1.4177594124381980E-02
  -8.6051140728943451E-01  -4.5649154696428722E-01  -2.2613178784706335E-01   1.4044666900415014E-02
   9.8282909512278564E-01   1.3499691038731014E-01  -1.2578872749975189E-01   1.3764428849809995E-02
  -9.3809842111654369E-01  -2.5082602742726294E-01  -2.3886744496415968E-01   1.3403397541252941E-02
  -9.2095074494316673E-01  -3.7328917096749747E-01   1.1182540063431309E-01   1.3292265791200681E-02
  -7.3941417382940315E-01  -2.9874486786368862E-01   6.0333919437186276E-01   1.4001153796448764E-02
  -1.5048584003837286E-01   9.4779505857655266E-01   2.8113793569316563E-01   1.4357561526429732E-02
  -2.0932849430090176E-01   8.7659983898529212E-03  -9.7780608442878200E-01   1.4000952443934844E-02
   9.9867977482745153E-01  -5.0529728206351487E-02  -9.2441288385160778E-03   1.4001374633017324E-02
   1.6923762276185813E-01   9.7494534818271798E-01  -1.4436133519330516E-01   1.2756803885811347E-02
   6.7176049836636009E-01   6.0709368860524435E-01  -4.2447035949552223E-01   1.4615927456598400E-02
  -3.5892813900998010E-01  -7.8779170350684530E-01  -5.0055451542525819E-01   1.5515860915942198E-02
  -7.1621248759411102E-01  -6.8570861490795955E-01   1.2978200204675158E-01   1.4464224993636925E-02
   1.8840887038350647E-02   5.2254332243773689E-01  -8.5240453843896180E-01   1.6630623581610035E-02
   3.0630310331669590E-01  -7.5085364158612941E-01   5.8514717620049214E-01   1.4136454219429364E-02
   9.4364589139674563E-01  -5.2782342616998700E-02   3.2672076144301431E-01   1.4455836747119008E-02
  -1.2646940948570086E-01  -3.6604986448524172E-01  -9.2196148790211100E-01   1.4911088315144478E-02
   3.8287723841574262E-01  -2.0678495184129666E-01   9.0035826424547646E-01   1.5299292793437954E-02
   6.9289325829391890E-01  -6.1866773740742511E-01   3.7033655409912444E-01   1.2655584479178128E-02
   1.4961865809148773E-01   5.0138185135704462E-01   8.5219158425830805E-01   1.4967230026700297E-02
  -4.7627378450794903E-01   6.4200602955897565E-01  -6.0082571532882589E-01   1.4209821003305642E-02
  -2.3924906954565998E-01  -9.3347985366832126E-01   2.6716145963986908E-01   1.3930972832435903E-02
   5.8732552176133507E-02  -2.4377433235457410E-01   9.6805194189152850E-01   1.3262576888983188E-02
   6.3805154036482392E-01  -7.1205772105214650E-01  -2.9302565370304867E-01   1.3778221150009268E-02
   8.9624120075011273E-01   3.5293842844810314E-01   2.6867485145167426E-01   1.5395396680516501E-02
  -8.9376988854328160E-01   1.0968235842308062E-01   4.3490822777234381E-01   1.4511699738010106E-02
   7.4419865456342257E-01  -6.6322011280642412E-01  -7.9419421522858995E-02   1.6149334574917602E-02
  -7.8390528141565880E-01  -3.4214938005934496E-01  -5.1809874685588894E-01   1.3532881473668596E-02
   4.6349819792770876E-01   6.9010752501392289E-01  -5.5580664303058142E-01   1.4180650619263559E-02
   2.0476308764745789E-01   5.9614533314970197E-02   9.7699446536544805E-01   1.3770585421514931E-02
   4.8190169194455894E-01   8.6200732667815387E-01   1.5720727735748769E-01   1.4342042827605254E-02
   2.5287308163652744E-01   2.6372997588251694E-01   9.3086073308774448E-01   1.3693898267550197E-02
  -5.0441693766115047E-01  -7.9806221975485724E-01  -3.2963653681061662E-01   1.5925586198159040E-02
   4.1803532042281652E-01  -9.0714630092025281E-01   4.8291403020572882E-02   1.3258759314515942E-02
   1.4813323282015453E-01   5.4478756781996331E-01  -8.2538660716240048E-01   1.3263723864975882E-02
   2.4773364708895959E-01   8.8666042888158909E-01   3.9046296105459123E-01   1.4733182853920472E-02
   1.3862872154464376E-01   7.9560143956184496E-01  -5.8974606987246431E-01   1.3259396688606548E-02
  -6.1171509462676079E-01  -3.3417173177296848E-01  -7.1703130802610592E-01   1.3363077464774224E-02
  -8.7292089311854095E-01  -1.3350803787373843E-01   4.6923844490859165E-01   1.3887669810423701E-02
  -3.4921676448103227E-01  -5.3727443648699058E-01   7.6771337835352717E-01   1.4212486612641361E-02
  -7.0848951991955964E-01   3.8073234785256628E-01   5.9420996243989741E-01   1.5021264784141865E-02
   1.2442389172625518E-02  -8.0298374221625614E-01  -5.9587104031665605E-01   1.4783091918335284E-02
   5.7161661071621026E-01  -7.9430326557146582E-01   2.0575901597698713E-01   1.4427177037247737E-02
  -4.5270560601062701E-01  -5.3576356670861873E-01   7.1275173438877761E-01   1.3319828034964709E-02
   8.3281075900371241E-01  -1.4637571368685044E-01  -5.3385427799196811E-01   1.4190080247050826E-02
  -7.1842682049955168E-01   6.3119155713936976E-02   6.9273290362798913E-01   1.4054171638102143E-02
  -6.1507156301724297E-01  -7.8765835638056120E-01  -3.5795055404321902E-02   1.3010984750376126E-02
   4.2710931269865577E-01  -8.2432162472485330E-01   3.7157972767235265E-01   1.4719425005600175E-02
   4.9663455890972656E-01  -2.2984002185484895E-01   8.3697531579509778E-01   1.2656209966827542E-02
   2.8645776322996594E-01   6.5920521027241392E-01  -6.9526285722378924E-01   1.2526900654691865E-02
  -6.0073268684543270E-01   2.3400925821575286E-01   7.6443436999181324E-01   1.4740451222744448E-02
   4.1997230265514726E-01   6.3788572092382134E-01  -6.4554246339340863E-01   1.2959661819611920E-02
  -1.3752585962578756E-01   6.4428030150218704E-01   7.5232275721955863E-01   1.3451426680327105E-02
  -8.5964840679682179E-01   2.9806800375285300E-01  -4.1492177796601028E-01   1.3222305805917835E-02
  -5.4334256758004881E-01   8.2461055108601151E-01   1.5746838823441526E-01   1.1870917939529757E-02
  -3.5785972369812455E-01  -2.0930997749641981E-02   9.3354073906172221E-01   1.5423029260242770E-02
  -4.6628836024722790E-01  -6.2544637524340043E-01   6.2561329652816937E-01   1.4641749193525170E-02
   1.7051989207487130E-01   2.3600573620025588E-01  -9.5667353830204255E-01   1.3874756826532887E-02
  -4.9296002643057104E-01  -8.4215569870092892E-01  -2.1855020358517380E-01   1.1773319711411762E-02
   5.7767123696037145E-01  -9.6605698293774988E-02  -8.1053271435880134E-01   1.0057292262243662E-02
   7.3618312889152370E-01   3.8673451200159867E-01   5.5540149258205229E-01   1.4583382807082383E-02
   9.8488326131752952E-01   1.5154110482688787E-01   8.3906228162116303E-02   1.3799843880120283E-02
   6.1401760576311170E-01  -6.6766248502170286E-01  -4.2096221434658511E-01   1.5949080182527817E-02
  -4.9393447072109939E-01   7.3005815505921001E-01   4.7227516223596790E-01   1.5600104380020207E-02
   6.4211126269858169E-01   5.5961494954430310E-01  -5.2395060316995554E-01   1.0338152991102551E-02
  -1.8457012413891259E-01   8.5029910775782582E-01   4.9287452421644957E-01   1.3562056864680998E-02
  -7.1966089093718688E-01  -4.1874409128781850E-01   5.5384256613863982E-01   1.3134420388288299E-02
   7.9961603391301316E-01   2.8798610017320305E-01  -5.2695180464275175E-01   1.4019275188083819E-02
   3.9178671835258352E-04  -9.1284406239847992E-01  -4.0830817313275442E-01   1.5277641642552389E-02
   7.8174467293246854E-02   4.1287667167860435E-01   9.0742581330212050E-01   1.4763730026955165E-02
   5.9209231717297257E-01  -6.9708876469323772E-01   4.0434384140629076E-01   1.3924628135516396E-02
   3.4865361927716516E-01  -7.1663005228959288E-01  -6.0405465143507406E-01   1.3805006402814483E-02
   5.5087596403983738E-01   5.7918859248763840E-01  -6.0089620282987974E-01   1.6468027917569719E-02
   6.2884190215690409E-01   2.7199334493367421E-01   7.2840749749263160E-01   1.0843977659748391E-02
   3.9507728900431366E-01  -1.3990902321550460E-01  -9.0793138558807697E-01   1.3032483168112471E-02
  -9.8985104312558576E-01   6.6512081676189893E-02   1.2558286274125776E-01   1.4355208888014363E-02
  -7.6665384243459850E-01   6.2642786024343219E-01  -1.4081911017720840E-01   1.3244751828286736E-02
  -5.4486062633349803E-01  -5.3823170421731720E-01   6.4298797068591451E-01   1.2434748219315256E-02
  -1.6470632206392163E-01  -1.6566473645484647E-01   9.7233071666358554E-01   1.1990806393434805E-02
  -9.2123906520566283E-01  -1.7175283475512412E-01   3.4902657275997710E-01   1.4342069070400496E-02
   8.4212982531689632E-01   7.3490016632242927E-02  -5.3424392815185672E-01   1.4126308822771996E-02
  -5.2281345232114908E-01  -2.7932134028406494E-02  -8.5198937197635320E-01   1.4335757834016140E-02
   5.0525696167262390E-01  -5.1346648421197151E-01   6.9359034903345211E-01   1.4395503098162989E-02
   1.8922778570802316E-01  -8.9297653409929775E-01   4.0839411683329158E-01   1.2354488847587143E-02
  -4.7049145701520744E-01   3.7571648242247235E-01   7.9842026133596535E-01   1.1641306023098838E-02
  -3.9459817581478739E-01   8.0185871222201061E-01  -4.4868127359775229E-01   1.6735216581096608E-02
  -1.3123380098164445E-01  -9.8848343733244306E-01   7.5353723194996851E-02   1.4112364116704558E-02
   9.2495775064984044E-01  -3.7568201359702286E-01  -5.7586319316951577E-02   1.4032019172384149E-02
  -4.8044943172186558E-01   1.7807436383559524E-01  -8.5875366928047789E-01   1.4867306518686533E-02
  -8.9703516590225031E-01  -4.4135533472310912E-01   2.3095013448243753E-02   1.2729823541166411E-02
   9.7101427102858544E-01   1.2241762205284769E-01   2.0529298884704054E-01   1.4346938056416808E-02
   5.2036042657237659E-01   1.0675794937575679E-01  -8.4724716978134413E-01   1.2599552446617028E-02
   5.8593480707607721E-01   7.1255636586402326E-01  -3.8593241289554365E-01   1.2928576515940679E-02
   6.0946953548334024E-01  -5.3184396142153360E-01  -5.8795313250051819E-01   1.1885128544575864E-02
   2.3864072790711752E-01  -7.4155832424375542E-01  -6.2701025089607123E-01   1.2028990362049019E-02
   4.7494260764490165E-01  -6.1333900689545748E-01   6.3106638483122736E-01   1.4744293557506747E-02
   4.8786256596297574E-02   9.8703755840876610E-01  -1.5289460244816357E-01   1.4966325872045949E-02
   7.2515675447555096E-01  -6.5457280089944838E-01  -2.1373378245176120E-01   1.5771671211870883E-02
   4.2196800028735079E-01   7.6597722451986118E-01   4.8499680230940107E-01   1.5070889071827384E-02
   8.0849946792278331E-01  -4.0131794674943144E-02  -5.8712694489756165E-01   1.4667771751324439E-02
  -5.0098801002153585E-01   6.5084333635105329E-01   5.7045066863146995E-01   1.3255539772004081E-02
  -7.7525397740671264E-01  -4.3935302090689400E-01   4.5381735702268901E-01   1.2116193401918124E-02
   4.5558169892429800E-02   2.6678301254218483E-01  -9.6267921831468292E-01   1.3424940485108569E-02
  -6.4884217270429163E-02   3.1560903370023032E-01  -9.4666835597056415E-01   1.4467087493881260E-02
  -4.2762665210668213E-01   3.9048588825036944E-01  -8.1526450768161780E-01   1.6229259380923073E-02
   7.4037173810355403E-01  -5.4272982609118178E-01  -3.9660310801676533E-01   1.3239870333156347E-02
  -9.0415791708693777E-01  -2.2353911815418041E-01  -3.6404494725769960E-01   1.7560920169954041E-02
   8.8210725159886713E-02   9.0942873807592299E-01  -4.0639665147291887E-01   1.4280016036591620E-02
   9.9259862159134968E-01   6.0105377351459647E-04  -1.2143975934311712E-01   1.2889940806398074E-02
   9.6086942958882826E-01  -2.5835226099726744E-01  -9.9920210764587178E-02   1.6914591586284901E-02
  -3.8053783158763625E-01  -1.3156940258464056E-01   9.1535809988992866E-01   1.3117624155893341E-02
  -8.6289287913891019E-01  -4.8970056198554576E-01   1.2493693898284412E-01   1.5741307289454362E-02
  -8.3815018856557959E-01   5.1735738492080205E-01  -1.7275878465476708E-01   1.4717944606154453E-02
  -1.5086988531190792E-02   9.9955281445092456E-01  -2.5817705170967601E-02   1.3403992365078079E-02
  -3.3835335845125591E-01  -8.4116109532332465E-01   4.2185900078014295E-01   1.4421956606868882E-02
   4.6174896086932104E-01   4.3987817637874950E-01  -7.7025650732844050E-01   1.6956119161004559E-02
  -3.4611324452453304E-01  -8.8757060796517617E-01   3.0401321984582905E-01   1.3768183712185468E-02
   2.0527730551724094E-01  -6.0460541610670404E-01  -7.6961907373324667E-01   1.4149789273732569E-02
   2.5567685376010813E-02   8.3998228339548344E-01   5.4201112262224206E-01   1.3062500335579187E-02
  -2.5175622884135862E-02   9.7595345598506160E-01   2.1652029873249771E-01   1.5226057238932002E-02
   2.5461772623120442E-01   5.5480583930994784E-01   7.9206078943250037E-01   1.4081588920407773E-02
   6.1329371226510209E-01  -2.8338946952025132E-01   7.3726605174870263E-01   1.5032320937001523E-02
  -4.3766121594651066E-01  -4.3606948544118804E-01   7.8631804247599408E-01   1.4483526928671568E-02
  -1.2457872625192241E-01  -8.7024253241408935E-01   4.7661103191487423E-01   1.6983731068703256E-02
   5.7772078431511424E-01  -4.5479611711459071E-01  -6.7778992853820172E-01   1.6339955351715413E-02
   1.7884524895820579E-01  -7.8304882742158596E-01   5.9569195965595902E-01   1.2493555222695820E-02
  -9.9877283403766732E-01  -2.5308014921469506E-02   4.2571473654324103E-02   1.3892910182519859E-02
  -3.7868568015507837E-02   1.1443850499607937E-01   9.9270831573565310E-01   1.3427892402699670E-02
   4.9909807298041757E-01  -2.5208209040086795E-02  -8.6617876892950054E-01   1.7577186624987579E-02
  -8.2038883567533869E-01   5.7012507971218244E-01  -4.3812689742127854E-02   1.4688199368888341E-02
   9.9533374876462570E-01   2.8754254595612934E-02   9.2108204915781595E-02   1.3141470558992729E-02
   2.9206376351777208E-01   8.5278129746052684E-01  -4.3296976423461170E-01   1.4324668056059540E-02
  -2.8825868340952375E-01   7.2163559018453380E-01  -6.2940369113791145E-01   1.5702296768747137E-02
  -9.5586086592270707E-01  -5.8546572802591017E-03  -2.9376134528835361E-01   1.5711700325220563E-02
  -4.3202394694033543E-01   8.3710227885141126E-01  -3.3558170988876643E-01   1.2446910364962870E-02
  -9.3758986499862224E-01   6.3796246305568873E-02   3.4184102154244797E-01   1.4431192875441505E-02
  -7.1093924379135229E-01  -6.3446478501324037E-01  -3.0334770184638419E-01   1.4996922579156324E-02
  -6.7469400244164923E-01  -2.3541687697817650E-01  -6.9954763747947144E-01   1.4799714055068760E-02
  -7.8931261767312026E-01  -5.9008592802618213E-01   1.6965903785972056E-01   1.3812649395570424E-02
  -5.0029476074038399E-01   4.6230967917547207E-01  -7.3210307533597616E-01   1.5194699893411208E-02
   4.7598889372951820E-01  -8.4261178971073906E-01   2.5187287445577535E-01   1.3882800346092265E-02
  -5.6349826107013392E-01   9.3201179792214450E-02  -8.2084301169972491E-01   1.3702951437390369E-02
  -1.9920979595132115E-01   8.0171774670764541E-01  -5.6352827064047872E-01   1.5615574112519283E-02
   3.8000130849371158E-01   7.8120293980013109E-01  -4.9529887178419826E-01   1.4656030806001155E-02
  -5.9002571775166750E-01  -7.8290956634226773E-01  -1.9728726092019183E-01   1.5332938388201419E-02
   3.1836989695113784E-01  -8.3924678020074399E-01  -4.4080091950676081E-01   1.3213110292698846E-02
   6.3758611408997332E-01  -5.7100956112948653E-02   7.6826000021518403E-01   1.1300611141136436E-02
  -2.7521660879343108E-02  -9.6236424254074606E-01   2.7036572057385264E-01   1.4502653313344085E-02
   7.5017909211287658E-01  -1.3974949608135140E-01  -6.4629823464226525E-01   1.2658628710853390E-02
  -6.0981651039478590E-01  -7.2684209867738278E-01  -3.1594997585089892E-01   1.5116783677667204E-02
  -4.3756713753989062E-02  -6.5184255175805319E-01  -7.5709090452798406E-01   1.5085159117967297E-02
  -8.2896556040715303E-01   2.3133423849201593E-01  -5.0921564170808206E-01   1.3706985563456659E-02
  -2.0573982692861934E-01  -9.6964442554598964E-01  -1.3213936439596483E-01   1.3762618684942398E-02
   2.8666234196914404E-01  -6.0006016045229610E-01   7.4682829722415453E-01   1.3930342260373420E-02
   1.3441241821511527E-01   9.1492262883409551E-01   3.8059149370009915E-01   1.1532739275277532E-02
   4.0310214959314372E-01  -5.6370157968621406E-01   7.2093632593499803E-01   1.3592393631867580E-02
   2.4138524825797782E-01  -6.9729775774552820E-01   6.7491406783863459E-01   1.4571159170259493E-02
  -8.8108635896874183E-01   4.6827915226301088E-01  -6.6343527152552930E-02   1.2038723761821494E-02
  -6.2662035549191417E-01  -7.7366826250861722E-01   9.3724861536757870E-02   1.4548490173843218E-02
  -2.0723892712219798E-01   9.1103925657037123E-01  -3.5645406446405618E-01   1.2900989458749079E-02
   9.1354482129464891E-01  -4.0304346351983690E-01   5.4697586780970999E-02   1.2888262852841130E-02
   6.0416357913556844E-01  -4.7251719612321405E-01   6.4164933492832041E-01   1.1964825457464629E-02
  -2.8190658290328563E-01   3.0448643249966815E-01   9.0984432236477577E-01   1.3412164740980969E-02
   3.9542879339365416E-01  -9.0393141658228088E-01   1.6292348962255145E-01   1.4685136936122398E-02
  -4.8515058651272422E-01  -1.8418966122255220E-01   8.5481172026656313E-01   1.5217942342338693E-02
   8.7169657983330282E-01   3.9812973745296318E-01  -2.8572326622548036E-01   1.3979503990463684E-02
   6.5958937461390076E-01  -7.3118821185378513E-01   1.7408519679314302E-01   1.2790628617592330E-02
  -9.9673238742965981E-01   3.2320534169956247E-02  -7.4026555503676938E-02   1.4507086789731453E-02
  -1.9652554578654918E-01   9.7777388838248775E-01   7.3047471213514789E-02   1.4312836467425613E-02
   2.0098182329237985E-01   9.1299650858791139E-01  -3.5502631171837730E-01   1.2594236981317059E-02
   9.8445286441908450E-01  -1.7499368997112152E-01   1.5158041012968896E-02   1.3353757045138401E-02
   3.5897414646502872E-01  -6.6573750694476698E-01   6.5416445487099830E-01   1.3446532480541784E-02
  -9.9372307517586069E-01  -9.6040569389796601E-02  -5.7364264959245510E-02   1.4491034213628825E-02
  -2.7189446520770133E-01  -1.9098161542242412E-01   9.4318578358670119E-01   1.4755442842221326E-02
   9.2764986677518521E-01   3.3925028012614566E-01   1.5612486062864183E-01   1.2630549501792684E-02
  -4.5724541985564384E-01   6.5241659265343106E-02  -8.8694427779728126E-01   1.2828312508090644E-02
  -3.3189857443730943E-01  -9.4143733395863922E-01   5.9490188395495060E-02   1.3955308207848342E-02
   9.5498158036689719E-02  -9.9481621278351433E-01  -3.4940014233893692E-02   1.3557134477176979E-02
  -9.3313416263053685E-01  -2.9768572207978461E-01   2.0160318797490313E-01   1.1735305530706512E-02
  -8.0512799869980700E-01   3.0581323767538304E-02  -5.9231215448129077E-01   1.3918662950982452E-02
  -5.9062369131282519E-01  -3.3835208515388841E-01   7.3258550472421193E-01   1.1349384125756862E-02
  -5.0202784423940123E-01   4.6959307354037314E-01   7.2625779781785828E-01   1.5923484355925065E-02
   7.9303235506110087E-01   3.8634006004817225E-01  -4.7100004440362699E-01   1.2255247659382326E-02
   4.5519159695650355E-01  -2.5822712438242696E-04   8.9039347671629993E-01   1.4166221836695305E-02
  -1.4217942719147305E-01   9.8921065199587054E-01  -3.5317084554207762E-02   1.3838576479946396E-02
  -2.1084781866858213E-01  -4.0611972432695182E-01   8.8916250869866377E-01   1.4042774934283879E-02
   7.7621774836863401E-01  -5.6174972487405270E-01  -2.8622238508099595E-01   1.3566618050241643E-02
   8.8017497192985310E-01   4.7212020501339395E-01  -4.8933943294945851E-02   1.5972162636076294E-02
   2.7326462325772693E-02   3.9384865066397276E-01  -9.1876901603554639E-01   1.3381889723920932E-02
  -4.6198095956737992E-02   4.2161267300642144E-01   9.0559841535326928E-01   1.4829713411710365E-02
   6.6982025219429335E-01   7.3851943531297292E-01  -7.7005671319591630E-02   1.2874618451654997E-02
   6.7990882005044053E-01  -3.5417735599846373E-01  -6.4209220281479453E-01   1.4938192565536157E-02
  -8.5741313468176674E-02  -9.4284770881959953E-01  -3.2200407627603633E-01   1.3101969495224135E-02
   6.7649972202800601E-01   6.5071436281705574E-01   3.4484626157118709E-01   1.3430857986287878E-02
  -1.8133939801035230E-02   8.8979413238354467E-01  -4.5600171293878668E-01   1.1481121161715959E-02
   8.9710132587765620E-01  -1.4068947271730176E-01  -4.1882655524104359E-01   1.4934507044176157E-02
   8.5369926553328028E-01   5.1482306399062238E-01   7.8452385631319305E-02   1.4936914858421992E-02
  -6.1240234523390668E-01   7.2135647857032827E-01  -3.2343190686236638E-01   1.4307645478456509E-02
  -1.9159632542712481E-01  -9.1370706498485851E-01  -3.5837166110000753E-01   1.1878480162052402E-02
  -3.6749634107263755E-03  -8.6515845512514903E-01   5.0148513653885622E-01   1.2994701891140203E-02
  -1.2051339850254996E-01   5.2763762929518698E-01  -8.4087754930971989E-01   1.3581434994498402E-02
   3.6878435018994384E-01  -4.6119675086043310E-01  -8.0702890905515918E-01   1.4571366797034661E-02
  -2.4737597534656892E-01   9.5092006617356688E-01   1.8589285776971863E-01   1.4558124002960934E-02
  -2.2685075629342570E-02  -3.2237019488639289E-01   9.4634182238375164E-01   1.4188863918103917E-02
   5.4768096401262962E-02  -7.9780581354087631E-01   6.0042180131717595E-01   1.5136535591902793E-02
   1.0029698746790811E-01  -3.2392721141341720E-01  -9.4075059182058957E-01   1.6282478558334904E-02
  -6.7676829697473532E-01   5.5872673643593939E-01   4.7938409047606160E-01   1.3826595907435073E-02
   2.3342342752457398E-01  -1.8179670284710747E-03  -9.7237348713267746E-01   1.4172818090832435E-02
   4.2839535130098127E-02   2.1581461867412659E-01   9.7549414380424579E-01   1.3755307066854394E-02
  -2.9687414640085862E-01   3.5830448135391272E-01  -8.8514611214220746E-01   1.4463112580136023E-02
   3.5525514418853831E-01   3.9035662054181120E-01  -8.4936181414445357E-01   1.4634253718719493E-02
  -1.0921992828525601E-02  -2.7018236512488362E-01  -9.6274721482234255E-01   1.3276420328538365E-02
  -3.8665193073974650E-01  -2.4194782820423945E-01   8.8992220608459824E-01   1.3368787773685515E-02
   5.9092758132435072E-01   7.9369504829168988E-01   1.4440486123190172E-01   1.4216664085095525E-02
   4.4739706672960153E-01   5.2264987724578819E-01   7.2572237839046334E-01   1.2663507308607937E-02
  -2.8540400622951466E-01  -6.6335833465179048E-01  -6.9173714160520995E-01   1.3549473003710845E-02
  -8.5609640844550369E-01   4.9078842576327916E-01   1.6194338697060608E-01   1.2946630932669254E-02
  -8.9943509697946328E-01   4.0564195728326151E-01  -1.6269944318573510E-01   1.6029131802713310E-02
   9.2850198747625096E-01  -2.7584496079546139E-01  -2.4858321917700338E-01   1.6187743237157019E-02
  -1.9191564466199416E-01  -7.9545051877365260E-01   5.7482767636631590E-01   1.3509521372903972E-02
   7.5942949242362818E-01   5.6686702711847800E-01   3.1926261854944630E-01   1.4136257146308668E-02
   6.6474250204524949E-01  -3.7101231886916163E-01   6.4843447257371265E-01   1.3842037137256368E-02
   9.7667439176242236E-01   2.1210019040289180E-01  -3.3475987013965680E-02   1.3632076523377596E-02
   4.0404425506387324E-01   8.9859390890975738E-01  -1.7110589358687353E-01   1.4751107377200264E-02
  -3.8474029818731807E-01   3.2702565173684612E-01   8.6315069718840202E-01   1.4320939474553560E-02
  -3.0567805108468264E-01  -8.1180820534023343E-02  -9.4866780458835684E-01   1.3324301921440901E-02
   9.1251729573552626E-01  -3.7121834851221118E-01  -1.7178219555992639E-01   1.2762043837452934E-02
  -7.3648028951066315E-01  -5.9322412968978568E-02   6.7385282850324799E-01   1.3956588494793591E-02
   3.4236613115143699E-01   7.2180595598242067E-01  -6.0148282947121680E-01   1.5000062488565157E-02
   7.5568803799299004E-01   6.4617611984841971E-01  -1.0673336578570837E-01   1.4856952541693457E-02
   3.0549258669358723E-01   9.1187089443153936E-01   2.7416373094172290E-01   1.4327423984483145E-02
   4.6108580755311470E-01  -8.4027844328217575E-01  -2.8518768526774715E-01   1.3429412637684223E-02
  -1.1949776226454886E-01  -9.9124699857207438E-01  -5.6121944332138271E-02   1.3763911614759489E-02
  -3.2305210028101520E-02  -8.6205682816603665E-01  -5.0578097870259259E-01   1.0014353277489838E-02
   9.5380172950495509E-01   1.6720731900049521E-01  -2.4960763863716795E-01   1.4390266880199269E-02
   4.5884041780974573E-01  -5.1299742736175222E-01  -7.2546475483265329E-01   1.3562304190871514E-02
  -8.1077342509870167E-01  -1.0542951788658108E-01   5.7578734782202634E-01   1.4371926034398323E-02
  -5.2862890217866507E-01   8.0057037407608575E-01  -2.8220304734898835E-01   1.3718507542614255E-02
  -1.2863142696591980E-01  -2.3749788422487387E-01  -9.6283368812345759E-01   1.4438041954926101E-02
   8.0977271964249890E-01   5.8666510787265693E-01  -9.6017564827842054E-03   1.2761965681986029E-02
   7.4078676989297562E-01  -6.5635276780087936E-01   1.4295455834514900E-01   1.1715444485675843E-02
  -4.0541442860041447E-01   1.9974792006143800E-01   8.9204254916104126E-01   1.6539879449098209E-02
  -8.4178056589250154E-01  -3.5139042804717570E-01  -4.0979293059119807E-01   1.4448208123547972E-02
  -5.9007088948371633E-01   6.4766193387752934E-01   4.8202734859125442E-01   1.3557946420120374E-02
   4.2716449976553336E-01   8.6107029111214732E-01  -2.7584133828000441E-01   1.1770599353668926E-02
   5.3566277644116446E-01   3.0823853761148063E-01   7.8616435550492802E-01   1.4031383115102169E-02
   9.9667799684531406E-01   7.9649692029488337E-02  -1.6996975143232648E-02   1.5006338515131658E-02
  -5.8480167644272205E-01  -6.2459177457263184E-01  -5.1758295409141172E-01   1.3803580135022588E-02
  -9.5835459816418016E-01  -1.8650480478304615E-01   2.1626932739158930E-01   1.4945661291143061E-02
  -2.6456727243216131E-01   9.6403515393176455E-01  -2.5305737325074826E-02   1.4618301073215707E-02
  -3.1790108719396741E-01  -7.7714400133537253E-01   5.4312622837544868E-01   1.5428390919885368E-02
  -4.9615869111125903E-01   2.6682816319081172E-01   8.2621382496480890E-01   1.4055535368979699E-02
   2.0236236776712095E-01   3.7877247447620709E-01   9.0309516923237680E-01   1.3448397477251121E-02
  -7.4286063624894707E-01  -1.5334955645416270E-01  -6.5164560049701947E-01   1.1614416345345914E-02
   4.1345343157637701E-02  -7.2963556196695611E-01  -6.8258516634361559E-01   1.3915613833885323E-02
   8.2245576135670681E-01  -3.2735721300401032E-01   4.6519219222317866E-01   1.4041342806006909E-02
  -3.8441793830408785E-02   9.3532374700280271E-01  -3.5169833206846083E-01   1.5728226411564425E-02
   8.0564030875231296E-01  -5.6699307530164908E-01  -1.7164657140023622E-01   1.2015654394618922E-02
  -1.7221014306416304E-01   9.0539166776320492E-01   3.8808451988037727E-01   1.4002136407445807E-02
   5.3848804531882956E-01  -7.7410045770064304E-01   3.3286499731326668E-01   1.2842510898897583E-02
  -4.6045945428489911E-01  -7.7231388190977243E-01  -4.3761668017696813E-01   1.0797339028783750E-02
  -6.5867131020118554E-01   3.1022775684747925E-01   6.8550043325969900E-01   1.3324374046923748E-02
  -8.4523729602462687E-01  -3.8501205491298193E-01   3.7059361972470634E-01   1.5712853710824042E-02
   5.5491966364428417E-02   9.5271764754642536E-01   2.9874692587977303E-01   1.4367397395286454E-02
  -6.7858487904526230E-01   5.7302250830714838E-01  -4.5952994124921913E-01   1.4282196713281813E-02
   5.7133756028774227E-01   6.5381917154352642E-01  -4.9607850500358043E-01   1.5169893249527994E-02
   4.5707923224432898E-01  -6.7889430178026586E-01  -5.7461387249284188E-01   1.4271986478567137E-02
   3.9093799748809558E-01  -8.9770885702253835E-01  -2.0319028063193753E-01   1.4331671995390848E-02
  -7.4613495105756548E-01   4.6046491227440009E-01   4.8088948769384991E-01   1.5191406954338622E-02
  -9.7795375482300741E-01   7.3469009197027705E-02  -1.9547060678063132E-01   1.3210495739034087E-02
  -9.7496113146940679E-01   1.8889160929912147E-01   1.1734884771603832E-01   1.4698112509632348E-02
   2.9505746555484559E-01   1.4639121030688548E-01   9.4419844607224199E-01   1.5109832405619680E-02
  -9.2635548772505398E-01   3.0839019978137689E-01  -2.1624290749173691E-01   1.1367043390879016E-02
   8.1796274249572249E-01   5.0863312237794522E-01  -2.6875509057306907E-01   1.5085586074367909E-02
   4.3428813517210320E-01  -8.0623637233230596E-01  -4.0171722340121345E-01   1.5080808964485732E-02
  -1.6928015472435924E-01   7.0641310356080602E-01  -6.8725887141170254E-01   1.4575521824501640E-02
  -5.4590110450523168E-02   9.3451430533297443E-01   3.5171427745974144E-01   1.3927575770448683E-02
   7.2496262046999593E-01  -3.9718400003623699E-02   6.8764209267789064E-01   1.5512966415491622E-02
   3.5575327911230321E-01   5.9950442773506820E-01   7.1696167647015283E-01   1.5643472556856485E-02
   8.7457588037895597E-01  -3.7396860668820570E-02  -4.8344441694106956E-01   1.2464154831193239E-02
   5.0357832911786202E-01  -4.0975745886749681E-01  -7.6059693093340445E-01   1.4460667953592620E-02
  -4.3468189200920139E-01  -9.0044950524744482E-01  -1.5567313799519164E-02   1.3895084312847312E-02
  -6.6560291588982565E-01   6.3317371131091393E-01   3.9504912310208343E-01   1.4327841386453639E-02
   9.3881906711580711E-01  -1.5652882779067464E-01  -3.0678573188837043E-01   1.3491357530228860E-02
   4.2567883694933614E-01   7.2527034992923278E-02  -9.0196305743006774E-01   1.2038648817678250E-02
   4.8346178235403538E-01  -7.4891059401687538E-01   4.5320814994034490E-01   1.4922174311034850E-02
   9.0890881708596484E-01   1.9856222628099537E-01  -3.6668488449583924E-01   1.4143743443359165E-02
  -6.9591222318222403E-01   1.8673219669477267E-01   6.9342430325387294E-01   1.4231641882870804E-02
   3.0684099465599934E-01  -3.7465026406031265E-01  -8.7492044417652916E-01   1.6118980743814446E-02
   9.1191123794154513E-01   4.0753851559000029E-01   4.8272688205836455E-02   1.3361612773440258E-02
  -1.3043413365221776E-01  -9.3678256119140783E-01   3.2469273140318626E-01   1.3395762389701204E-02
  -4.3452449220810711E-01  -8.2554469187249530E-01   3.6008947137126003E-01   1.3893031693015151E-02
   6.0249770337229682E-02   6.3066481870766155E-01  -7.7371302924194287E-01   1.4369579754804197E-02
   1.3935310363406718E-01   3.4756320838620755E-01  -9.2724351099581099E-01   1.3772717964416723E-02
  -2.2706559692245966E-01  -9.7384714563549081E-01  -7.9342064413592368E-03   1.4000830021317129E-02
  -5.0274081978890681E-01  -6.2190937429093109E-01  -6.0040019844020742E-01   1.1734413818402258E-02
  -8.2505294872281957E-01  -5.4636678081941134E-01  -1.4412138155323659E-01   1.4495710667510879E-02
   4.7917621017139717E-01  -1.1963337131853062E-01   8.6952746711805453E-01   1.3391859558692267E-02
  -2.9881402843781984E-01  -9.3393497499128486E-01  -1.9615208104119055E-01   1.3872523352909698E-02
  -9.5607228226800167E-01  -8.2388807025391201E-02   2.8131454913634893E-01   1.3364917396756650E-02
   6.8399383976082184E-01   7.0136937169977695E-01  -2.0058273009087126E-01   1.3937894325103845E-02
   1.5596641528604302E-01  -1.5686560783637062E-01   9.7522697787794392E-01   1.4072576619168302E-02
  -4.1076096939012991E-02   1.8736081389582381E-01  -9.8143195366594380E-01   1.3732912584103620E-02
   2.4118633602449497E-01   4.5219186462309064E-01  -8.5869183580826700E-01   1.6459943574627939E-02
  -1.0046190275217008E-01  -3.9182539952698300E-01   9.1453827824806417E-01   1.1359135229305750E-02
  -6.5109703602720427E-01   5.0019862341183269E-01  -5.7085373504383518E-01   1.4228399379310339E-02
   4.5090446551630609E-02  -6.5100949293351479E-01   7.5772916780352499E-01   1.4198309904537651E-02
  -2.3933437036962490E-01  -5.2378367152129943E-01   8.1753882146809573E-01   1.4004899908856929E-02
   8.3006637961490774E-01  -1.1965668266093654E-01   5.4467612737073380E-01   1.5165258913720371E-02
   6.8710051229732416E-01   6.3759943568531749E-02  -7.2375932159585509E-01   1.2463665071389662E-02
  -3.3114337087423404E-01   9.3968627575940573E-01   8.5637439683047222E-02   1.3655782255595323E-02
   5.8308649302432167E-01  -8.0534844096973490E-01  -1.0688325537807681E-01   1.3138313912768426E-02
  -8.6905598820838303E-01  -1.1088347148515762E-02   4.9458946401704197E-01   1.4670112355861332E-02
  -7.8875513437485169E-01  -4.9747544362012554E-01   3.6108658378880384E-01   1.4008088038080657E-02
  -8.1581795683002376E-01  -2.2154304736595262E-01   5.3419073323813170E-01   1.3886885389904168E-02
   6.6482081077212731E-01  -7.3169004511462389E-01  -1.5047580351820992E-01   1.2846797063158126E-02
   1.5495927778407576E-01   8.6134259284164844E-01   4.8381459257184875E-01   1.5898152232910862E-02
   6.3803906510899341E-02  -9.8207336148500949E-01  -1.7737241661397673E-01   1.2389680133778917E-02
  -4.9590494692214326E-02   6.0796053898961757E-01  -7.9241704036929636E-01   1.1998545430679214E-02
   8.5738906769035683E-01   1.9643750463456552E-01  -4.7570609979062270E-01   1.3656145704858870E-02
   6.6641876265091157E-02   6.9347041584722122E-01   7.1739643341220364E-01   1.5077407687413639E-02
   5.1956748888549562E-01   7.2483029633905911E-01   4.5240542216274537E-01   1.1916014791718756E-02
  -9.5996826946363462E-01   1.9387413221069936E-01  -2.0217255620519587E-01   1.5036610964962607E-02
   6.0662320257810744E-01   6.4784351409423166E-01   4.6076791483339798E-01   1.4967147835141318E-02
  -4.9163342796158824E-01   2.8996892306263895E-01  -8.2110571558638607E-01   1.1994787059658755E-02
  -8.5854018135521990E-01   9.5327624941423270E-02  -5.0380690837023420E-01   1.3244713883715009E-02
  -3.2741714385437652E-01   4.5328642621888253E-01  -8.2905333345687477E-01   1.1300037497052799E-02
  -3.9641747042618575E-01  -3.4805346744075569E-01   8.4953632820696416E-01   1.1858996909507799E-02
   2.6279565689955521E-01   5.6749973865404070E-01  -7.8030922674432527E-01   1.4551903057228678E-02
   6.8052459587827609E-01   6.6002983988860544E-01  -3.1819315652812352E-01   1.4606305491179718E-02
   4.3245208106411316E-01  -7.0654375977228287E-01   5.6016168479302850E-01   1.4438214033701781E-02
   7.3043734036234253E-01   6.8283734618194644E-01   1.3944549601327764E-02   1.4101806485134491E-02
  -5.8787841419849806E-01   6.0577775780703548E-01  -5.3612711017606615E-01   1.3033504688202339E-02
  -2.2601733497455254E-01  -8.9577137623281508E-01   3.8276599354301250E-01   1.4665864462873861E-02
   3.1783362933664744E-02  -9.5361168328088048E-01  -2.9935693636665980E-01   1.4150822249438097E-02
   4.8876752291330607E-01   7.4360457155148820E-01  -4.5624395854950074E-01   1.2896560191990611E-02
   8.7966116769436712E-01   4.4113101170475124E-01   1.7776293360238293E-01   1.4067221775440952E-02
  -7.7208835000421318E-01   5.8078226406566724E-01  -2.5801461496304654E-01   1.4535375992332239E-02
   6.0568835866459540E-01   5.6317904099695317E-01   5.6211296014230152E-01   1.6441988200346935E-02
  -2.8335847274441281E-01   1.8371471211919910E-01   9.4125282494923414E-01   1.5198333413944493E-02
  -7.8132819617500928E-02   8.3702903542558590E-01  -5.4155115765099459E-01   1.4494681058711888E-02
   7.7278058084895198E-01  -4.3089793397026028E-01   4.6597976819054887E-01   1.3712579481359994E-02
   2.9367039766131250E-01   9.5337987477634360E-01   6.9458706501705158E-02   1.3563241104654089E-02
   6.4766581849400033E-01   4.7367179797127212E-01  -5.9679478496478086E-01   1.4852827802027952E-02
  -7.1050617233967745E-01  -3.2927872385788852E-01  -6.2189750046268956E-01   1.4432633499848899E-02
   4.1687542836705597E-01  -2.4897992116693394E-01  -8.7419899112243939E-01   1.3346269231065130E-02
  -2.9244000710470183E-01   8.6446306155044130E-01   4.0887951459988771E-01   1.4087509773705799E-02
   1.2513124191204108E-01  -8.5200337229002336E-01   5.0836249458823949E-01   1.3925157974984470E-02
   7.7252479935154436E-01  -2.4437125474696252E-01  -5.8607859902938885E-01   1.5236021186099549E-02
  -9.1500122377685482E-01   1.9685511455556971E-01   3.5216590459635881E-01   1.4586414120957518E-02
   8.9028800197832040E-01  -2.6156926160889648E-01  -3.7278518601847214E-01   1.3712307965918448E-02
   2.1358670668223922E-01  -5.2138548833932238E-01   8.2615851461919902E-01   1.5754412419724683E-02
  -1.6216694833075564E-01   4.5911031371578907E-01   8.7345268945082530E-01   1.2422198977735108E-02
  -6.2997745323072003E-01   1.0505745738618128E-01   7.6947471632827983E-01   1.4018656150812076E-02
   9.6332819326173524E-01  -1.3034185545032572E-01   2.3454166534935163E-01   1.2985073966950420E-02
   5.0650355494437029E-01   8.4098530268517368E-01  -1.9025737698245004E-01   1.5105491809491169E-02
   8.2410401280930702E-01   5.5106628474955137E-01  -1.3106687561670129E-01   1.3779720310616305E-02
   2.9212258168599628E-01   9.4365561981177137E-01  -1.5549427149181354E-01   1.4302070998111680E-02
   5.6745775361754517E-01   8.2078777451601130E-01  -6.5567728833496525E-02   1.4190297732662051E-02
  -4.9671905475298618E-01  -1.5248116689122140E-01  -8.5441188801935066E-01   1.2494317010672528E-02
  -3.8310489058308473E-01   5.2409440962796853E-01  -7.6062848527256319E-01   1.4666122156382963E-02
  -2.4892274992755805E-01   8.5598473265036432E-01  -4.5313088841744892E-01   1.4765436525749544E-02
  -3.9064208943762031E-01   2.7739919109390474E-01  -8.7775192779068138E-01   1.3594606013893795E-02
  -7.5075348133633390E-01  -6.3643128025122654E-01  -1.7698710625116095E-01   1.4153016834260556E-02
   6.3937174811810484E-01   7.2779939123323389E-01   2.4801575318703648E-01   1.4493621918646351E-02
   8.0217205701184663E-02   9.0593981988988154E-02   9.9265196838412244E-01   1.4427748760049025E-02
  -7.7729781937847093E-01   1.5044470435495944E-01   6.1088009537144252E-01   1.3983464461931069E-02
   9.8700040260327277E-01  -1.2823262202933558E-01  -9.6884466806907685E-02   1.4479128840536395E-02
  -1.3135945643725557E-01   8.8745131153752758E-01  -4.4178599214419520E-01   1.3973327098273040E-02
   3.6311244563861642E-01   2.8382770280716789E-01  -8.8746334399880915E-01   1.0748689740227939E-02
  -6.5529616477406928E-01   7.0229366830489245E-01   2.7815560373872298E-01   1.4368724380233928E-02
   2.1576880173836521E-01   7.3397433454577241E-01  -6.4399184810405829E-01   1.4803357757870896E-02
  -9.7475731929576951E-01  -2.2251175871277792E-01  -1.8348997625797792E-02   1.3516369354921897E-02
  -5.0096159096263495E-01   7.0406429483252033E-01  -5.0331993117913729E-01   1.4418677112650279E-02
   6.7929640448380652E-02   8.5104353597523836E-01  -5.2068269015141748E-01   1.3456474743581696E-02
  -5.0668649156788392E-01  -3.5392632978825266E-01  -7.8613291010187689E-01   1.3586478494759417E-02
   3.6579548025076875E-01   9.1588550549192184E-01   1.6537051568498069E-01   1.3310030802651668E-02
  -5.0867539947582240E-01   7.6337713802695361E-01  -3.9812646622133787E-01   1.3382423797686580E-02
  -1.3742602327836790E-01   1.9166001663428009E-02   9.9032658881105017E-01   1.5038713085920347E-02
  -7.4262835460062976E-01  -1.8035624531478225E-01   6.4496104666802578E-01   1.3472547491455637E-02
  -9.0668275305567895E-01   3.6563258394518665E-01   2.1033116475915019E-01   1.3670289670458402E-02
   8.6668529089784733E-01  -2.2168571697685006E-01   4.4689154101389494E-01   1.3303220546325098E-02
  -4.9315023438363105E-02  -1.5622831497354829E-01  -9.8648909880636779E-01   1.3583052208957528E-02
  -5.3105218864509398E-01  -8.4101145275798021E-01  -1.0336009512944248E-01   1.4945737544016060E-02
   6.8500023017762181E-01  -4.4942835501246065E-01  -5.7340111472458676E-01   1.3730936490423122E-02
  -3.8671160259129383E-01  -8.3944581858306666E-01  -3.8181782840076827E-01   1.4265697641898082E-02
   3.3180272609917866E-01  -5.6345571669939307E-01  -7.5658747430282424E-01   1.4661753555248189E-02
   1.8422169609072520E-01  -9.6480552717882446E-01   1.8765037014257949E-01   1.4222862247384262E-02
  -2.6910786022301143E-01   6.2310992993380587E-01   7.3438067429915365E-01   1.5846874021967220E-02
   8.7318129183039676E-01  -4.7552133296025038E-01  -1.0692938556405320E-01   1.5337404466221591E-02
  -7.7464959514047926E-01  -6.2993777480386059E-01  -5.5645346830188859E-02   1.3394381654947951E-02
  -1.5284348435475316E-01   3.5610609899582410E-01   9.2186078967937152E-01   1.5889428513931671E-02
  -5.0843801565046522E-01   8.4334374683826123E-01  -1.7396007849567025E-01   1.5269065919177908E-02
  -5.7793083111403209E-01   7.2553284649181382E-01   3.7362821508731132E-01   1.2869899743032229E-02
  -6.7810929845369836E-01   7.2562667629776846E-01  -1.1676346173219778E-01   1.4591499548356503E-02
   7.0095412778203725E-01   3.0237682787739621E-01   6.4593464430089762E-01   1.5755971586497532E-02
  -1.8361683286419694E-01  -9.5193185592536462E-01  -2.4517463238151795E-01   1.4814804247285504E-02
  -7.9109840547099885E-01  -6.0884570398007484E-01   5.8908586863464087E-02   1.4546978426819938E-02
   1.8938399774649761E-01  -2.0651124172773545E-01  -9.5994104425095994E-01   1.4897331287935937E-02
   9.1755352327548038E-01   2.8335943009404655E-01  -2.7893182912950180E-01   1.3399805434952065E-02
   4.7910076289894547E-01   4.1704948425048096E-01   7.7235496157923151E-01   1.4533615847449876E-02
  -7.3928579341484343E-01   4.6638480727712652E-01  -4.8573833202256437E-01   1.3721579351674240E-02
  -1.6571793075819067E-02   9.6941270360828504E-01  -2.4487626621852798E-01   1.0136558049851933E-02
  -6.4395650155320023E-02  -9.7808320295934532E-01  -1.9800618255464055E-01   1.6185558329214515E-02
   6.0974473433677758E-01   9.5217663192608110E-03  -7.9254065820923900E-01   1.5669361747182946E-02
   7.3723012617729537E-01  -6.2508639514881823E-01   2.5643466937304810E-01   1.5583791825307788E-02
   2.1631275376036156E-01  -3.9069611448973500E-01   8.9474316911795028E-01   1.4083906694310243E-02
   7.3231898752737825E-01   6.4272365056953510E-01   2.2497824229343992E-01   1.4029595727976600E-02
  -9.8385613621908056E-01   1.5582108328318362E-01  -8.8016437263258300E-02   1.4554875802354308E-02
  -8.4167075474381007E-01   9.5606811822175306E-02   5.3145994970663998E-01   1.1198542801521083E-02
   5.2796003814413641E-01   9.7428797806937410E-02   8.4366215245247140E-01   1.2958234772973884E-02
  -1.9040781482415949E-01   5.5398815560778125E-01   8.1045788755503966E-01   1.3638452240195697E-02
   2.0243362705582939E-01  -9.7928755578813717E-01   4.0632149238402037E-03   1.3148575285451233E-02
   8.4340578826406567E-01   3.8891132815715149E-01   3.7069482752489344E-01   1.1532327327354334E-02
  -1.6393905498813334E-02  -9.9960832652145441E-01   2.2681124563685943E-02   1.3121586948964478E-02
  -6.3791620283350169E-01  -4.9942973852122136E-01   5.8620205939855862E-01   1.3660995957243082E-02
  -9.1759102505370027E-02   8.0449103219961646E-01   5.8683425787679155E-01   1.6259420232430130E-02
   8.2999392967514591E-01   4.7231359435668354E-01   2.9669840796384319E-01   1.3727829400415840E-02
   7.5953903756760645E-01   6.0938135644387267E-01  -2.2749684136158885E-01   1.3306852954664942E-02
  -6.6618515133834330E-01   4.8515490186034515E-01   5.6641156885888843E-01   1.0445810039558915E-02
   4.5814527010474650E-01   3.1915685760611109E-01  -8.2960340628739075E-01   1.2877404544269315E-02
  -9.5193799352363033E-01   2.8709372896740031E-01  -1.0672978625387299E-01   1.2955100965932007E-02
  -7.0439115354205075E-02   8.7824850175635216E-01   4.7298826644097609E-01   1.3926511815106881E-02
  -3.7835438845505766E-02  -9.2085816499430954E-01   3.8805762398216163E-01   1.3780403873045796E-02
  -4.2847764419039968E-01  -7.6210384103407635E-01   4.8539122768149862E-01   1.3783211908420740E-02
   4.9553107995773473E-01   5.8754081536537459E-01   6.3972239219501449E-01   1.3204227374748731E-02
  -7.0110448911599734E-01  -6.0911269291392997E-01   3.7072121961460053E-01   1.4723528726697541E-02
   5.3973009658108903E-01  -6.6014126939424659E-01   5.2240303146815767E-01   1.2701674709998700E-02
  -9.0766043359759667E-01   4.0910566760679838E-01   9.3728811010376880E-02   1.3860056419507713E-02
  -1.9437771198799669E-01  -7.4528780056112573E-01  -6.3778005567520779E-01   1.4680978736896954E-02
  -3.8235878349906000E-01   9.2382701697883202E-01  -1.8585031103329184E-02   1.3903455720836817E-02
  -1.7854436527771220E-01   7.1897823988332767E-01   6.7170841903451758E-01   1.4480226508106608E-02
  -3.9374576820740241E-02   7.0261848234205377E-01  -7.1047653794586107E-01   1.6125649347873021E-02
  -2.6623053547503143E-01   5.4686121576053716E-01  -7.9376577948257844E-01   1.5910224828229797E-02
   8.6294483770580914E-01   3.1505880210520804E-01  -3.9504956434974864E-01   1.6957090550867206E-02
   1.6815519349153236E-01   1.7425885373790035E-01   9.7023589028430521E-01   1.3725123365461089E-02
  -8.8711040925618540E-01  -3.4720630894405091E-01  -3.0411001433489759E-01   1.3240594965547654E-02
   9.3073877000542069E-01   2.2014167340645709E-01   2.9199826307463116E-01   1.6232254410855695E-02
  -4.7988313805342182E-01   7.9868825516814521E-01   3.6305542947112678E-01   1.4406297777492969E-02
  -8.4466828762439316E-01  -2.5476386174432259E-01  -4.7077686713643354E-01   1.0833516157668696E-02
  -5.8042757680323484E-01  -2.2953963848056382E-01   7.8129084370197041E-01   1.3540847155259638E-02
   3.4137442326351234E-01   7.5320210974316221E-01   5.6227225168947612E-01   1.2001011581518254E-02
  -8.7886983523857846E-01   3.6949848858507836E-01  -3.0175930746384067E-01   1.4704251752321022E-02
  -7.0823276042380234E-01  -4.3458431084432156E-01  -5.5636573746991917E-01   1.2931633625214069E-02
  -3.0022673774701087E-01   8.0264176886497846E-01   5.1539314781541882E-01   1.4435775642515973E-02
   8.3316406508297173E-01  -4.9240406186587275E-01   2.5174566632299191E-01   1.2218706862434398E-02
   6.4064702731986242E-01   3.7783933376578069E-01  -6.6843759936560598E-01   1.4247981494927602E-02
  -5.8962656379324229E-01   8.0465766110662553E-01  -6.9760760401451475E-02   1.4554539076417258E-02
   6.7133141270949767E-01  -5.5556234813421063E-01  -4.9057579602450038E-01   1.5355469716874132E-02
  -9.8424200184763996E-01  -6.8716032765770931E-02   1.6292878395140633E-01   1.4511721838170221E-02
   7.8095410443586024E-01   1.6427228669280690E-01   6.0259879073020039E-01   1.7124261734525747E-02
  -1.1869096333861750E-01  -4.9300096148527341E-01   8.6189471932269494E-01   1.3909174573884033E-02
   9.4651315456218974E-01   7.7701938462386754E-02   3.1316969361660724E-01   1.2600644228710311E-02
  -3.3134314446594927E-01  -2.8741897916038233E-01  -8.9866681870080231E-01   1.2787846525626660E-02
   3.9637827281051340E-01  -7.6469820516367006E-01  -5.0805602039855397E-01   1.4179083167094342E-02
   6.1477007726812251E-01   1.3605575999573285E-01  -7.7688260520346963E-01   1.3631217648632318E-02
  -9.7127735047366652E-01   2.4656518542234926E-02   2.3666931476266843E-01   1.1965645712892363E-02
   9.3203801021629164E-01  -3.2965473697697031E-01   1.5044235407856469E-01   1.3533574580780638E-02
  -3.8648368988532242E-01   6.4914908254999348E-01   6.5516091617031593E-01   1.4263446131098522E-02
   5.0065095601582019E-01  -8.5719832151274548E-01   1.2066340719612118E-01   1.3577058066269582E-02
  -7.9881942362351612E-01  -3.3434698328314298E-01   5.0009961328844809E-01   1.4172306851943325E-02
   4.2420340401432339E-02  -1.1879881161901824E-01   9.9201177265097797E-01   1.3646041355683267E-02
  -4.6668755084123292E-01   8.5180912954453820E-01   2.3795784650729148E-01   1.3563181058215127E-02
   1.7403805392125146E-01   6.4279919155780742E-01  -7.4600265087996353E-01   1.3534116748278939E-02
   5.1365097744100634E-01   6.5889481748572462E-01   5.4956372957497148E-01   1.3330904518163697E-02
   1.5655330848305204E-01  -9.2819817520048140E-02  -9.8329829811637292E-01   1.3367511287871804E-02
  -1.9206124081446990E-01  -4.7995340723724293E-01  -8.5601238697706207E-01   1.3808690581931384E-02
  -2.6636504820632707E-01  -1.9106348664750058E-01  -9.4474568279730259E-01   1.4078154176909474E-02
  -5.6836876726488805E-01   3.5912215126648887E-01   7.4026226762379332E-01   1.3572023639964112E-02
  -2.5234356986199046E-01   1.2866028343060465E-01  -9.5904601256501926E-01   1.3817931910544858E-02
   4.3525176716588873E-01  -4.3916100548501226E-01   7.8593480037491918E-01   1.6050172699501725E-02
  -7.4085347517962452E-01  -5.5214347864928958E-01  -3.8245745815624383E-01   1.3980189330730492E-02
   5.2018465844740848E-01  -8.5394632352187347E-01  -1.3549821379959006E-02   1.6127781669138824E-02
  -2.4639958337384380E-01  -8.0324055612197930E-01  -5.4230236428956279E-01   1.2947955936920130E-02
  -1.6969388415268948E-01  -2.9028329603679964E-01   9.4177470433388972E-01   1.6292895430980087E-02
  -7.9043541774120029E-01   3.5402045228650043E-01  -4.9988135566667803E-01   1.4656527613134433E-02
  -9.6253164557549695E-02  -2.7624365589111508E-02  -9.9497347840957868E-01   1.4067136529088122E-02
  -3.6188759091513960E-01   9.1019733317088853E-01   2.0144027956255210E-01   1.3990213392556818E-02
   7.0031559732526549E-01   4.9224350150841207E-01   5.1696653602113782E-01   1.2490559296984642E-02
  -5.6774761365524009E-01   7.7981147163674036E-01   2.6373607241430114E-01   1.4278815148050572E-02
  -5.6953599657043865E-01  -1.0416682636797638E-01   8.1533920603325658E-01   1.4062660900258691E-02
   8.1824402678361689E-01  -5.7196761019093012E-01  -5.7704120523647528E-02   1.2737479901309523E-02
  -2.3634890382603863E-01  -6.3454060294109080E-01   7.3586508198132829E-01   1.6575508099822013E-02
   5.5259233135772074E-01   4.8755542155068205E-01   6.7596703043948487E-01   1.4228282994205043E-02
   1.3830652870315620E-01  -7.8967815507691865E-01  -5.9772879762681432E-01   1.3983309515594555E-02
  -4.7045974829794223E-01  -5.5193316372304099E-01  -6.8850374582431408E-01   1.3500342647661078E-02
  -6.6327570418983592E-01   7.4830900970148963E-01   9.9481772729047772E-03   1.2922599412535198E-02
   4.9576615521437519E-01  -1.6390630891470944E-01  -8.5284854531265512E-01   1.4216098272253629E-02
  -3.9029660855669320E-01  -1.7403691765639617E-01  -9.0409054228091783E-01   1.4500579116429006E-02
  -2.6648079858529105E-02  -9.8958862744897704E-01   1.4143630461625866E-01   1.4368355769834391E-02
   8.8073796467240477E-01  -3.6791120884889512E-01  -2.9823142018917891E-01   1.2620531139925672E-02
   7.1974780493553840E-02  -9.0583507301960572E-01   4.1747149778214813E-01   1.2682239391523477E-02
  -7.6946690072848618E-01   5.2151019851160418E-01   3.6871100001448962E-01   1.5605279463719563E-02
  -9.5327536633655256E-01  -2.7831906450373473E-01  -1.1749286901628328E-01   1.2850538174147774E-02
  -6.1766091576434334E-01  -7.1043284793919738E-01   3.3731315080523325E-01   1.4370999826360042E-02
  -3.1048186516032370E-01   9.3975858147538531E-01  -1.4302034802760779E-01   1.4422954764537260E-02
  -7.8729324907611575E-02  -8.8126007008048574E-02   9.9299320253887390E-01   1.4082367215881006E-02
  -9.8345585222336815E-01  -4.7054575142760963E-02  -1.7492985361493643E-01   1.3491188078175448E-02
   5.5988244921852388E-01   4.6791394063394839E-01  -6.8380420239822807E-01   1.2733769465362565E-02
   4.7534398801469306E-01   5.4323649501710145E-01  -6.9205650314105282E-01   1.3401850281319878E-02
  -2.9978630346215604E-01  -8.9903802646565385E-01  -3.1915325350877865E-01   1.3113815655370189E-02
   3.1209075477841166E-01   9.0223508021661551E-01  -2.9760917460380568E-01   1.6703835402489339E-02
   3.7126357980653494E-01  -2.8292775290856546E-02  -9.2809637062946102E-01   1.4270761145652475E-02
  -4.2017695278815727E-01   8.9867433291923219E-01  -1.2584026262620211E-01   1.1505098103299211E-02
  -7.5088349366343454E-01   2.7288922066583687E-01  -6.0141953093343003E-01   1.3611916287562311E-02
  -5.9298441443816383E-02   9.9448448553962478E-01   8.6511865448168094E-02   1.5464001554508623E-02
   7.4976443152946137E-01   5.6171601368657118E-01  -3.4975479579466997E-01   1.2874033432653495E-02
  -2.9366966784074977E-01  -3.1525305805160326E-01   9.0242652641609346E-01   1.4242308209610166E-02
   5.5087944279930924E-01   3.5018645618348358E-01  -7.5756272704428626E-01   1.4509577827307456E-02
   5.9186706893392795E-01   7.5747010537454508E-01  -2.7555836437211729E-01   1.4013193238943102E-02
   2.7338529254182186E-01  -9.3315683867383985E-01  -2.3340693275493689E-01   1.2476571981506183E-02
   5.8896332395142705E-02   9.9584831697879199E-01   6.9407143731092055E-02   1.3457734435021819E-02
   2.3593127625288143E-01  -9.1033365434677602E-01  -3.4004274826752425E-01   1.4345933038879479E-02
  -6.4512872627514319E-01  -1.9579376387411937E-02   7.6382299949326704E-01   1.4102167870583917E-02
  -5.3015979218493480E-01   1.5718190265675464E-01   8.3320132274716733E-01   1.3225190304757012E-02
   9.5728938657076607E-01   2.3121044317310448E-01   1.7360518807530773E-01   1.2484832460750772E-02
  -7.9635712942902276E-01   5.9616733296871649E-01   1.0197957397701775E-01   1.5891523296591572E-02
  -9.7413025665477572E-01  -1.6423188293661306E-01  -1.5523572944652745E-01   1.4302165128606216E-02
   4.1733549103605591E-01  -3.1958586504206909E-01   8.5070321663139765E-01   1.2620657568032065E-02
   9.7110548057220444E-01  -6.3791048332084292E-02  -2.2996705797857588E-01   1.6324310993827484E-02
  -5.1739977538734045E-01  -6.8382697016171274E-01   5.1446880110321728E-01   1.5139865431775570E-02
   2.9221492316087523E-01  -9.3409648008735075E-01   2.0511997603964751E-01   1.1049769428432598E-02
   8.4346976682858905E-01   2.0966246942631876E-01   4.9457092652134679E-01   1.4133847782367805E-02
  -3.2634267472570721E-01   8.7859569274325757E-01  -3.4866899395539392E-01   1.4398114657738052E-02
   2.5144050590432600E-01  -8.2590980376440157E-01   5.0462923819020302E-01   1.5149437990191589E-02
  -6.9705821120508435E-01   2.0112112123221543E-01  -6.8822971803451249E-01   1.3217719119429711E-02
   2.0789595779925256E-01   1.2023975101118047E-01  -9.7073254452887312E-01   1.3363040596556015E-02
   5.8442011443455061E-01   7.3015706312261592E-01   3.5401100691428046E-01   1.3609949847335367E-02
  -5.8599696532007250E-01  -5.3361944596227504E-01  -6.0980147878353028E-01   1.5687581114912026E-02
   3.6318478330175363E-01  -8.8841566270155425E-02   9.2747182667762135E-01   1.4400620006184114E-02
   3.0176839232314423E-01  -3.0302646625316107E-01   9.0394181126045207E-01   1.3682153869333590E-02
   9.5570870262093343E-01  -2.9273726579256900E-01   3.0426451500346578E-02   1.3509339447754875E-02
  -9.1157990574546357E-02  -6.6428812720607490E-01   7.4189723331972103E-01   1.4071053234313519E-02
  -8.6839061666765875E-01  -2.5889881061609463E-01   4.2292924082538334E-01   1.4274610167252044E-02
  -6.4005611195816367E-01   7.5490587380651881E-01   1.4298704569790481E-01   1.6288454064979349E-02
  -2.7619935159942183E-01   9.1310698452314138E-01   2.9991590986660678E-01   1.3402928147603154E-02
   7.0896643940550587E-01  -2.6183092961811600E-01   6.5483673697494442E-01   1.4801649654100663E-02
   3.6551064121512504E-01  -8.8572833722499080E-01   2.8615954255478062E-01   1.3395799150161629E-02
  -7.0133065167519141E-01  -7.1274425478397382E-01   1.1443089324525470E-02   1.3565277036506755E-02
  -5.5155632345205107E-01   3.1996347673318563E-02   8.3352375838702066E-01   1.4203738566125807E-02
   7.9296747503791813E-01   1.8342945718486642E-01  -5.8099588446808647E-01   1.4184894990884481E-02
   8.8236972481870861E-01  -3.0621549563245404E-01   3.5728943303423728E-01   1.3739402965039826E-02
   5.8711235564930195E-01   1.8249141202635383E-01   7.8866720889140253E-01   1.4118464324723365E-02
   7.8022398191809045E-01   6.1596121633961384E-01   1.0882241499480980E-01   1.4808194651661430E-02
   7.9724673860870298E-01  -2.3169852760173919E-01   5.5741674722327152E-01   1.4001653670777596E-02
   5.3711471360073641E-01   8.0283174808402204E-01   2.5878363298700368E-01   1.4000407737398581E-02
  -6.5115852034611219E-01  -3.9419089571487591E-01   6.4854153229856112E-01   1.5057628384632632E-02
   7.4987471386046795E-01  -3.4827621003745119E-01   5.6248697321327405E-01   1.3874049526578129E-02
   8.3941002547340577E-02   1.4735573392676668E-01  -9.8551519306921449E-01   1.4815975315088949E-02
  -1.8487811185220625E-02  -7.3328285659047631E-01   6.7967231300685657E-01   1.3304407212129074E-02
   9.5617602700827770E-01   2.5136257205930423E-01  -1.5014746998333484E-01   1.3730519894836996E-02
  -3.5290137155664922E-01   9.6551167459842783E-02   9.3066561879956495E-01   1.0379341704980815E-02
  -5.7469166447392510E-01  -2.3789227815740767E-01  -7.8303049415541172E-01   1.5997170384423078E-02
   3.5888117680202888E-01   9.3173448099835702E-01  -5.5454105852614610E-02   1.3151673216669677E-02
   6.4132225357051702E-01   7.6636208075094289E-01   3.7348738430081613E-02   1.4366919422327630E-02
  -4.4975873294315178E-01   8.8749992640729509E-01   1.0030435069535317E-01   1.7118816018182430E-02
  -3.9471411961469993E-01  -3.7521192975209500E-01  -8.3869945245511008E-01   1.3989587803532974E-02
   3.0101298602392145E-01   2.0027497084353358E-01  -9.3235246462836371E-01   1.5346322203731452E-02
  -7.2882926360196176E-01   8.7380795264531077E-02  -6.7909682751162980E-01   1.2558197761267422E-02
   8.5127843892428387E-01   9.3935178738472675E-02   5.1623754378968369E-01   1.3608808421552531E-02
   1.8126710416520888E-01  -2.7188082024652864E-01   9.4510478600504086E-01   1.4740648476431033E-02
  -7.6311703405866646E-01  -4.5689481439235706E-01  -4.5705527117721524E-01   1.3421165305738766E-02
   5.1423810339146136E-01  -3.3334757937316155E-01   7.9021425217874066E-01   1.3715070127150181E-02
   6.4054780716190098E-01  -7.1020484100272351E-01   2.9207463182614180E-01   1.5406352418789936E-02
   1.8047409164006399E-01   9.4290547451043664E-01   2.7992564795842156E-01   1.3180287289870054E-02
  -5.5831697494359371E-01   3.5435386556331200E-01  -7.5014364854351249E-01   1.3888153672792959E-02
   7.1875975142437003E-01   2.7873464234130236E-01  -6.3693910139921863E-01   1.4074243650952178E-02
  -4.4058527361317842E-01  -4.6529501833924005E-01  -7.6771424539595916E-01   1.4735205984199042E-02
   8.5067955013997664E-01  -4.6956245821062561E-01  -2.3633747229934045E-01   1.5526291684432367E-02
   1.7537215569211495E-01  -4.2127315010014383E-01  -8.8981657661149586E-01   1.5525752634785582E-02
   8.8413296756440047E-02  -8.6069055349644294E-01  -5.0139291985292766E-01   1.6504804389390126E-02
  -7.0920630312560737E-01   3.9112281619363180E-01  -5.8655721141221306E-01   1.4355987630282537E-02
   9.1794060442038230E-01   3.5509020616514059E-01  -1.7690673317299427E-01   1.3804406467997796E-02
  -1.0068708452942756E-01   7.7020950733833979E-01  -6.2979316113673045E-01   1.1375527429419809E-02
  -6.7593314635845374E-01  -5.3791681903011943E-01  -5.0374584609550785E-01   1.5460576576330229E-02
  -2.4733817911952655E-01  -5.7822959375644620E-01  -7.7747949301193290E-01   1.5288111766620988E-02
   2.5157702503357661E-01  -5.4381531984681741E-02   9.6630825798719861E-01   1.4630276433040434E-02
  -9.5133006094576995E-01  -1.3361376545021717E-01  -2.7770213687174289E-01   1.3891469514101271E-02
   5.4264250650886847E-01  -7.6428743523319306E-01  -3.4843051886199676E-01   1.3325626305922297E-02
  -6.0848554802422958E-01   4.4420008673931556E-01   6.5759533208990896E-01   1.5184833574851919E-02
  -6.7103534036572431E-01  -2.6038940366233767E-01   6.9419660791495418E-01   1.4221978780027506E-02
   1.8387793818663261E-01  -9.7495634995926163E-01  -1.2509604119374229E-01   1.6671577591612818E-02
   2.8684098299986885E-01  -1.1457056269012628E-01  -9.5110243225245554E-01   1.4195446942311962E-02
  -4.1632008304667831E-01  -4.8162071832303574E-02  -9.0794162989083542E-01   1.4249343969732041E-02
  -7.7271682132783539E-02   2.4199116422786750E-01   9.6719665196691586E-01   1.5231492398578625E-02
   6.9178417771751368E-01   1.8033234434096245E-01   6.9922449688508203E-01   1.4689113961279771E-02
  -3.0938297676474113E-01   7.9049240099009532E-01  -5.2858673617969440E-01   1.1608332577019300E-02
   9.5749274335972298E-01   2.8268034975753453E-01   5.7440980792719908E-02   1.4851717116949229E-02
  -5.8515005395056318E-01   2.2896551875563933E-01  -7.7792943483494312E-01   1.5560284001190767E-02
   4.1629889164065918E-01  -9.0621690110064800E-01  -7.3933490234786072E-02   1.4103464270454725E-02
   9.3666842417242133E-01   3.4557336659691175E-01  -5.6844625579111864E-02   1.5266143666589968E-02
  -1.7975678046421679E-01  -1.1376094964559428E-01  -9.7711102041317285E-01   1.4469678128233325E-02
  -8.6869016657738438E-01  -1.4628352088684646E-01  -4.7326369606035036E-01   1.4101518867255498E-02
  -8.6168019375917488E-01   5.0549301014955618E-01   4.4542792605443182E-02   1.3308760714003431E-02
   2.3292235993753318E-01  -9.2394468803615072E-01   3.0343596967220323E-01   1.5103135536141985E-02
  -3.9380690239701934E-01   8.0210202618587516E-01   4.4894149197081167E-01   1.2449758350776016E-02
   8.9076172670758015E-01  -3.7666945755270058E-01   2.5429051492315757E-01   1.4697704684977008E-02
   7.0636948017311702E-01   1.7468743029707979E-01  -6.8594931239572156E-01   1.3811949765984190E-02
   4.1182288371121318E-01   1.1884268125883776E-01   9.0348122811876443E-01   1.4272671611351828E-02
   2.3999099331557607E-01   9.7005202331382012E-01  -3.7461916557578778E-02   1.4749336932132290E-02
  -8.1800309169087643E-01   4.2035081550401294E-01  -3.9265268863116048E-01   1.4099941972000404E-02
  -6.8968833941517235E-01   6.3549376215158162E-01  -3.4709893797182806E-01   1.3112870161617415E-02
  -1.3396414425897877E-01  -8.8095058898108664E-01  -4.5384982959877371E-01   1.6290033707459620E-02
   2.6098590717266860E-01   7.9797605693354958E-01  -5.4325000581504259E-01   1.2768422535518266E-02
  -3.9610350434382342E-01   7.2700739867050732E-01   5.6085849920000754E-01   1.5047515608782990E-02
  -6.9462637232719490E-01   6.8132645010160608E-01  -2.3084295800284833E-01   1.4743184289296850E-02
  -7.8505468201279970E-02   5.4090827225825712E-01   8.3740977571621719E-01   1.4121088694589527E-02
  -2.9298890524113705E-01   7.1397457084398148E-01   6.3592280474421771E-01   1.3799743143134330E-02
   9.3841048286807371E-02  -5.6183153413005237E-01   8.2191190824412867E-01   1.3241762843030113E-02
   2.3214466316394948E-02  -6.2581087748808803E-02  -9.9776986124547821E-01   1.4177216107024852E-02
  -3.5301518322583484E-01  -6.3369458231749558E-01   6.8833963764517083E-01   1.4334721348712835E-02
   3.2566610932803707E-01  -4.0774489172715284E-01   8.5304495104628070E-01   1.4010871601867003E-02
  -5.7940401976355468E-01   5.6010963956768309E-01   5.9208797787591871E-01   1.6503408600510967E-02
  -6.6027246636871890E-01   3.1082526722825818E-01  -6.8368700690290351E-01   1.5394172797906420E-02
  -9.3972680513186350E-01   2.4779962828266079E-01   2.3560321716741476E-01   1.4585613526069717E-02
  -2.6266438047048321E-01   6.4301830731889406E-01  -7.1939897114522022E-01   1.0984051212755787E-02
   5.9018748289364637E-01  -5.6419758842773539E-01   5.7737320361096564E-01   1.4599246304786528E-02
   1.5687780935552790E-01  -6.9783413761630423E-01  -6.9886827750951727E-01   1.4337087707803528E-02
  -2.1097832941508287E-01   7.8347083088928304E-01   5.8451826461016356E-01   1.1398970359397513E-02
  -5.8811569896391109E-01  -5.9692309029113861E-01   5.4571306463146669E-01   1.3487376440027980E-02
  -9.1640998935669166E-01   2.4624659093694583E-01  -3.1552392596949072E-01   1.3724810785618808E-02
   6.6627623149964758E-01  -1.1758817403438426E-01  -7.3637558668514220E-01   1.5622351424046789E-02
   4.1176966082086350E-01   9.0961142488109878E-01   5.5252168765112648E-02   1.5024967134110274E-02
   4.9368408002574311E-01  -8.5541171823033028E-01  -1.5667425264978785E-01   1.3124304412457816E-02
  -5.4518051153518669E-01  -4.4006175703517165E-01   7.1352915836519930E-01   1.5339155421432044E-02
   9.0941587658161751E-01   3.1745928648755619E-02   4.1467452228888648E-01   1.5117658416192096E-02
   6.0249305074930870E-01   7.8068454076978577E-01  -1.6593303348598049E-01   1.2208489546108700E-02
   5.0032848235772009E-01   7.9429628419402744E-01  -3.4462272510265674E-01   1.5313820204115615E-02
   9.3004657645862351E-01  -3.6430610824681721E-02  -3.6563120246025815E-01   1.5064488684351806E-02
   2.5237763002338260E-01  -8.0718586775484428E-01  -5.3362581155772401E-01   1.5396405751162767E-02
  -5.8783565840605334E-01  -1.1112216470197631E-01  -8.0131211348529394E-01   1.3277061018877307E-02
   6.0290631441704096E-01   3.8277807524227327E-01   6.9998922930990925E-01   1.4870212535984547E-02
   3.7072511011905362E-01  -7.9224247652148784E-01   4.8468005026235134E-01   1.3111214890509466E-02
   5.8258721004719253E-02  -4.6288399732835614E-01  -8.8450230437473518E-01   1.1786782998324552E-02
   8.6148490939843149E-01  -5.0676498131768434E-01   3.2140388747853778E-02   1.5307469536764877E-02
  -2.5458877863434272E-01   9.3389932229831025E-01  -2.5103109290331007E-01   1.3695492402933813E-02
   1.8952775267585826E-02   7.6999860738205576E-01   6.3776401351859854E-01   1.2946696445434455E-02
  -9.2979037885935067E-01   3.6747811688133547E-01  -2.1205777371574141E-02   1.5500741104587469E-02
  -1.0392690206628105E-02  -9.9550762492391200E-01  -9.4109301923990891E-02   1.3102288915615736E-02
   2.8952047122389593E-01  -6.5866854231424243E-01  -6.9450244643768126E-01   1.3336212137390921E-02
   1.3567032550303126E-01  -5.3247659222451435E-01  -8.3550119180697137E-01   1.5099881520729468E-02
   7.8694203398895234E-01  -6.1562436800862583E-01   4.1579714468843347E-02   1.3343164644159881E-02
  -9.2056130910643254E-01  -8.5217537748508824E-02  -3.8118872941934256E-01   1.2590336596100484E-02
   3.3894761497933538E-01   3.0503740535526904E-02   9.4031060618987041E-01   1.3157052827285653E-02
   7.3090018727205201E-01   7.6610681209443018E-02   6.7817086325667554E-01   1.1175945659608403E-02
   1.4990594677458228E-01  -9.5647688792831608E-01  -2.5036008064501729E-01   1.4822965442707789E-02
  -7.2273227543400668E-01   6.8605914802159002E-01   8.3551801068996169E-02   1.1947972728271638E-02
  -8.1227479424877930E-01  -9.9837400034575374E-02  -5.7466699242469054E-01   1.3305279292684843E-02
   3.2545913679086040E-01   3.6700400775162385E-01   8.7142665128718324E-01   1.5704274403040415E-02
  -6.7239215003939012E-01  -1.1615729358989546E-01  -7.3102413073117977E-01   1.2328680897969801E-02
   3.0503926649680401E-01  -2.4585449837875623E-01  -9.2005793922014600E-01   1.5348128409186116E-02
  -2.6146249021171517E-01  -8.6045019021300426E-01  -4.3733606800113529E-01   1.4652325292180609E-02
  -5.6518680663768980E-01   8.2364190744478928E-01   4.6667782284997576E-02   1.3821098251710295E-02
   2.6164276464915428E-01   4.6013127310104389E-01   8.4842340563020766E-01   1.0760606310947200E-02
  -2.0625346923147365E-01   4.4741259911087913E-01  -8.7021920950231237E-01   1.4441909630528124E-02
  -8.3270119563615736E-01   2.1244061482563867E-01   5.1134890628475835E-01   1.5334355879517183E-02
   6.3457263646920996E-01  -6.0733458360503806E-01   4.7797727205570232E-01   1.3834471407213526E-02
  -5.2293229163624532E-01  -7.4797554917826296E-01   4.0874735007769871E-01   1.4022997479970413E-02
   8.0905333053322028E-01  -5.6530936332164216E-01   1.6080432859218491E-01   1.5181892884184005E-02
  -9.3941552146785696E-01  -3.4207844089261985E-01  -2.1927569444618799E-02   1.5125694133953226E-02
  -6.8916842487802245E-02  -8.0927666379565845E-01   5.8337102281248096E-01   1.3143065298373712E-02
   5.3364101034070312E-01   8.4447441623113626E-01   4.5719059632013241E-02   1.3461801987791739E-02
   7.2811941303661340E-01  -3.3006479541115392E-02  -6.8465516332495397E-01   1.2804533918775300E-02
   1.0097164141266270E-01  -9.4458651510665596E-01   3.1234763182885845E-01   1.5862970831216003E-02
   3.6767864141514010E-01   4.7825365097344452E-01   7.9754991190375514E-01   1.5510943275927335E-02
  -7.9409128967865081E-01  -5.4631736016571856E-01  -2.6637636088447824E-01   1.2919187762943757E-02
  -8.9419203267421316E-01   1.7408385660316962E-01  -4.1245050560294638E-01   1.5036514551176189E-02
   2.7007364974481058E-01  -1.8252205286213714E-01   9.4538136428243007E-01   1.3128631150478253E-02
  -7.3980399749446812E-01  -2.9832975349000134E-02  -6.7216072398871311E-01   1.5495995001010385E-02
  -7.4757097997845392E-01   2.7098052997242532E-01   6.0638863962801750E-01   1.3738226025140023E-02
  -7.3032781605784533E-01   6.5593432228395931E-01   1.9071299363719532E-01   1.3546748003006334E-02
   6.7705126609811348E-01  -1.5984148290373831E-01   7.1836779118921771E-01   1.3863739299356592E-02
   1.7856233004161587E-01   7.2565220823020526E-01   6.6448804878698597E-01   1.4672732305917223E-02
  -7.9105561791267833E-01   1.5559559623572050E-01  -5.9162574301735828E-01   1.4804446072779642E-02
   4.2764566780356840E-01   8.6274929145899701E-01   2.6978295516180885E-01   1.4524470237144746E-02
   3.0669374661963715E-01  -8.6558808288887334E-01   3.9584872937168151E-01   1.4484041347792977E-02
   1.8319561630630051E-01   8.6188712874427686E-01  -4.7285298293560646E-01   1.4518039300197513E-02
  -4.8976018310527518E-01   8.7110097844603693E-01  -3.6304936235235105E-02   1.3891279223773736E-02
   1.1267790143610085E-01   2.4759453569123981E-02  -9.9332303908996024E-01   1.4122024201673468E-02
  -3.8720705758022653E-01   4.4996927564646451E-01   8.0473495359295714E-01   1.3188714378745318E-02
  -8.3367461565213805E-01  -4.9381078868013963E-01   2.4726006592322642E-01   1.3945037006824252E-02
   2.2986025447852553E-01   7.9130232474824886E-01   5.6657293816337928E-01   1.3988726486729159E-02
   2.2649512687096504E-01   6.4436319100446439E-01   7.3040812946068012E-01   1.3498198705351687E-02
  -6.0746970005963980E-02   7.1366226804418495E-01   6.9785096747452062E-01   1.3427717387811950E-02
   8.7344755879276299E-01   4.5694796372545471E-01  -1.6819013195227374E-01   1.2097364732974480E-02
  -9.1363404364781750E-01   4.7321400656245975E-02  -4.0377409442368765E-01   1.3810334288970402E-02
   9.6930106045140771E-01  -2.0729947270340338E-01   1.3222096212275655E-01   1.5242192371364115E-02
  -3.8936527026762487E-01   8.8980233306467919E-01  -2.3800524024078377E-01   1.5301223801539547E-02
  -1.5647197350881782E-01   1.4063502366983906E-01   9.7761869439144817E-01   1.3939760917855230E-02
   7.6971440013934708E-03  -5.6328814778206925E-01  -8.2622467679346609E-01   1.4070624724413773E-02
  -8.8764719420355007E-01   3.3034202139654409E-01   3.2086852061585964E-01   1.3487282784550611E-02
  -1.6231657256412757E-01   6.1561418979556128E-01  -7.7115011482420792E-01   1.4024243639456490E-02
   2.9967432880681155E-01   6.9462045241994747E-01   6.5398602717037803E-01   1.2498748783180801E-02
  -6.9418872024238922E-02  -4.7360416824294100E-01  -8.7799778589116854E-01   1.5513850858629780E-02
   1.2212659394474447E-01   6.0722002825349798E-01   7.8509167129659243E-01   1.4528200134351503E-02
  -7.0136375854944841E-01  -6.6671534443196716E-01   2.5214981200142587E-01   1.4096668216296013E-02
  -9.6260211099091996E-01  -2.5178629565141354E-01   1.0000418610220094E-01   1.5011093760293261E-02
  -6.9804005547422329E-01  -5.3632235725037862E-01   4.7444537100380763E-01   1.6628950158218871E-02
   7.9627534156007300E-02  -6.3940784195358268E-01  -7.6473333094124784E-01   1.2867436326598957E-02
   6.0389848221180217E-01  -3.2715643502085312E-01  -7.2682548813778389E-01   1.3306986441929204E-02
   1.7163982682826109E-01  -6.3523399748347433E-01   7.5300566949228873E-01   1.3380747229669409E-02
   8.1843327984113489E-01  -4.5151832176500041E-01  -3.5538454040517892E-01   1.3030390910783045E-02
   7.1466840957301362E-02  -9.7593805842479373E-01   2.0600339017022979E-01   1.0912219198407266E-02
   7.2685752819945079E-01   3.8115416054933213E-01  -5.7131395886650508E-01   1.3184906079232774E-02
  -6.2557068675622389E-01  -7.4986873652082399E-01   2.1530953035109625E-01   1.3576320513030470E-02
  -1.3006059289054874E-01   9.5413136568812166E-01  -2.6966197208186200E-01   1.5511330122773627E-02
   5.1539596361129884E-01  -5.7521468974427127E-01  -6.3521261117485909E-01   1.4084161139678796E-02
   7.1716659286147539E-01  -5.2921622318119299E-01   4.5343386199675972E-01   1.2704554361259727E-02
   4.3240582337365944E-03  -4.5242349372809744E-01   8.9179273648267258E-01   1.5997616645735668E-02
  -2.7487613302059310E-02  -5.7084835270970755E-01   8.2059526523345844E-01   1.5326445541380513E-02
  -8.4792690760978750E-03   6.2139610178742454E-01   7.8345069192599980E-01   1.4355342460495714E-02
  -4.7288640402938248E-01  -5.4393473943987089E-02   8.7944289119673051E-01   1.3486600013282985E-02
  -9.0395311322989719E-01  -2.8944861659098467E-01   3.1478288936271918E-01   1.4040953221354013E-02
   9.7378305843730821E-01   5.2184319176397737E-02  -2.2141217656799758E-01   1.2671949024010153E-02
  -7.7377764604730305E-02  -7.4148556678950052E-01  -6.6649218734177830E-01   1.3227480186489206E-02
  -7.8542995465146923E-01  -2.2736217958827871E-01  -5.7567892581634279E-01   1.6511980279338902E-02
  -2.8002867183404758E-01   4.1758201078989092E-01   8.6441263712160676E-01   1.5899299827071060E-02
   6.3888192099489433E-01   6.6143710855011681E-02   7.6645606562946708E-01   1.7133425252411305E-02
   1.0162672221276540E-01   9.7855701016058898E-01   1.7915966956281835E-01   1.5167609522786394E-02
  -1.2463613980419141E-01  -5.7035130522424681E-01  -8.1188990712023763E-01   1.3401444605939738E-02
  -1.9516792719808949E-01   9.6951349229385819E-01  -1.4816567906694211E-01   1.3505948303527179E-02
  -1.9035050450198610E-01   2.5057455092364682E-01   9.4919917818403742E-01   1.0614709505671744E-02
  -2.1777326198990683E-01  -2.9785416268715048E-01  -9.2943945694822520E-01   1.1720158609189532E-02
   3.7098751713134232E-01   5.7662295005542674E-01  -7.2792460846031223E-01   1.3489997614010524E-02
   4.7742932664719797E-01   2.0978225866928874E-01   8.5326000844104648E-01   1.4530107043783118E-02
  -1.4187024429779406E-01  -7.3576852782504449E-01   6.6220654424813032E-01   1.4760450931594471E-02
   7.7455772584826219E-01  -5.3125832658860403E-01   3.4325634700474854E-01   1.5280784125817583E-02
  -4.1745618835395710E-01  -8.9818257879006289E-01  -1.3783463266907156E-01   1.4005415367329085E-02
  -8.2037203881762597E-01  -4.5348334895172062E-01  -3.4834260455727115E-01   1.4351802777239952E-02
  -9.6833575353782617E-01   2.4961600771268526E-01   4.2091702164354920E-03   1.4385540457103010E-02
   1.3172194873474765E-01  -3.5247089219644331E-02   9.9065986641382774E-01   1.3705285990463200E-02
  -3.9825385070811734E-01  -6.5213046750545924E-01  -6.4507342508218998E-01   1.5305912721754673E-02
  -1.2778166689326195E-01   1.0506898473886863E-01  -9.8622125005088125E-01   1.4135813072118961E-02
  -2.3942257564750439E-01  -7.2315387206257382E-02   9.6821862977507517E-01   1.5729649895139128E-02
   9.8924376653757768E-01  -8.7805527744120634E-02   1.1699128029098098E-01   1.4069746546171398E-02
  -3.6108998134576975E-01  -5.6270112474608886E-01  -7.4362723832656785E-01   1.3532239786860220E-02
   5.1385400644196623E-01  -2.9532989249628954E-01  -8.0544044761960513E-01   1.3999771836636969E-02
  -8.6117621498679710E-01   2.8218544811248778E-01   4.2278469652361874E-01   1.4367694374293296E-02
   2.1445483854841786E-01  -3.1757893642860448E-01  -9.2366267725834223E-01   1.0139236630098902E-02
  -7.6182257458925182E-03   6.0702316624721204E-02  -9.9812684133474576E-01   1.3783122158294556E-02
  -4.8536291353121878E-01   5.7174869835433455E-01   6.6145768428419584E-01   1.2351084378124792E-02
  -5.5895250422525109E-01   5.3582008323423391E-01  -6.3282615023652368E-01   1.4555999222461759E-02
  -7.9608918941185580E-01   1.7682974164288173E-02   6.0492091625788511E-01   1.3930804375430327E-02
  -4.6108224199997884E-01   5.6226888182012064E-01  -6.8648151515465016E-01   1.0664721034262338E-02
  -5.4618387144839211E-01  -4.4851510708772837E-01  -7.0747252758232939E-01   1.3892908580036671E-02
  -5.9831524304407892E-01   6.7222367498609800E-01  -4.3604380597514467E-01   1.4282778181638791E-02
   6.5353080115191790E-01  -7.5608975885293787E-01  -3.5010976899232688E-02   1.2586177804026386E-02
  -1.3266683247594259E-01   9.7617326968634436E-01   1.7171272262319861E-01   1.0867678925168629E-02
  -9.6085819963453822E-01   1.3666326526485230E-01   2.4098687126526758E-01   1.3241441426837878E-02
  -3.8513923948037014E-01   8.6415634348227730E-01   3.2388513431743430E-01   1.4297845756977595E-02
   5.1392885272747879E-01  -7.2166868011392493E-01  -4.6375796540527796E-01   1.3493423853660349E-02
  -8.7137525762234844E-01  -3.0859709050336028E-02  -4.8964562569363847E-01   1.4831641059307322E-02
  -3.9055522221318469E-01  -7.0410078455625004E-01   5.9305033815797045E-01   1.3306284228896463E-02
   4.3303729580565715E-01   1.9092761367022790E-01  -8.8092300842895241E-01   1.6544580227293035E-02
  -7.4869580647309952E-01   6.6228903940186922E-01  -2.8771820549701875E-02   1.3964454201248861E-02
  -8.8691889390005389E-01  -3.9598447634322742E-01   2.3784694687610508E-01   1.4593374970305603E-02
   3.5086191793205685E-01  -8.7803566797827325E-01  -3.2549851044664741E-01   1.4116858617431404E-02
  -3.9522718377007631E-01  -8.8029803234119956E-01  -2.6243255793705735E-01   1.4341706449173770E-02
   8.1410826100950686E-01   5.4390881623647269E-01   2.0344763202435109E-01   1.3280703421705359E-02
  -1.8074742736664582E-01   3.3460167667645839E-01  -9.2486327933681202E-01   1.3025090394895850E-02
  -9.1876251573287319E-01  -4.7858472005216787E-02   3.9189922983023080E-01   1.4234307906025409E-02
   1.1285498465316543E-01  -7.2293506185496072E-01   6.8163674253938077E-01   1.4369001623262390E-02
   1.2200653265856520E-01   7.9762850433635872E-01   5.9068026465997478E-01   1.2401774779813989E-02
   1.1930645941516091E-01   4.5296802611549216E-01  -8.8350774533042635E-01   1.2601837970024196E-02
   3.1919780101540808E-01   8.0650835115786989E-02  -9.4425007631562003E-01   1.3432971096655998E-02
  -4.9927229433255435E-01  -3.1874802591332551E-01   8.0568410192101040E-01   1.5786514998161704E-02
   1.2337108840646824E-01  -4.6493644325659309E-01   8.7670615275433778E-01   1.2646712294579331E-02
  -3.2489550214224438E-01  -7.3046971310002870E-01  -6.0071366800772940E-01   1.3107482715000957E-02
   6.8732782311355302E-01  -4.6964953364426555E-01   5.5408463173211019E-01   1.5475212468776547E-02
   8.3338043822727705E-01  -4.2289338961403375E-01   3.5586265075287797E-01   1.4326310556241366E-02
  -7.9896682841428914E-01   5.5044890739887408E-01   2.4219415235921286E-01   1.4318639871680143E-02
   1.7902752664391796E-02   7.8700091243264136E-01  -6.1669202627991506E-01   1.4448661530819785E-02
  -3.4244061147036894E-01  -9.2159608411597169E-01   1.8274322246777433E-01   1.4586519164934214E-02
