     676    2704   68276 md025.00676
   0.0000000000000000E+00   0.0000000000000000E+00   1.0000000000000000E+00   1.6495370965529041E-02
   7.1700032467340610E-01   0.0000000000000000E+00  -6.9707283293658068E-01   2.0783663482660026E-02
  -8.3997661665746878E-01  -4.6653567180598658E-01   2.7709880981557559E-01   1.7791315169087644E-02
   1.1702566194421248E-01  -8.7129405464969007E-01  -4.7660430629466823E-01   2.2272537949793127E-02
  -6.0012988214934415E-01   7.9931207883673529E-01  -3.0729874342583585E-02   1.7534076664861606E-02
   7.9506897537998257E-01  -4.7425346563183472E-01   3.7808593563424004E-01   1.8355086086437859E-02
  -2.8210270592646198E-01   8.6895836422665855E-01   4.0660721162996820E-01   1.6904759477172297E-02
  -2.6471241008594175E-01   2.0021693378274134E-01  -9.4331358485560343E-01   1.8141007751496186E-02
   6.6513853146204819E-01  -6.7864605080951641E-01   3.1149682451857731E-01   1.7897512819032536E-02
  -4.7550347350729698E-02   5.5976304517774959E-01  -8.2728731267931205E-01   1.9005989583728293E-02
  -1.1489295309478413E-02  -9.9220563864026658E-01  -1.2408048494325052E-01   1.8021131601428708E-02
  -9.3788229329711363E-01   2.1452573249767556E-01  -2.7268207498125529E-01   1.7734695236220696E-02
   9.9177711481425170E-01  -1.0491328138515307E-01   7.3289548502621464E-02   1.9392916179147906E-02
   6.3609243552249061E-01   1.0597847978918295E-01  -7.6430031747516622E-01   1.8723445212376892E-02
  -3.3392662998180320E-02  -1.2589920901351496E-01   9.9148087184154043E-01   1.8299822867937667E-02
   4.6286876938260865E-01  -8.8630401404143945E-01  -1.4754559439756269E-02   1.8188762832653164E-02
   5.3465329736240203E-02   9.8935036234998676E-01  -1.3537842898388563E-01   1.8514387639182013E-02
   4.0599317718114988E-01  -8.7986885658940501E-01  -2.4698245947113073E-01   1.5453616328252188E-02
   7.5792983548066565E-01   4.6094430004315221E-01  -4.6159800340337220E-01   1.9641921067596504E-02
   1.6469243172450196E-01   9.1859229239673254E-01   3.5925562386967069E-01   2.1833808956751381E-02
   6.3161252719696463E-01  -7.5198629082873349E-01  -1.8863253667781512E-01   2.0429105713111317E-02
   5.3107725766098576E-01   5.9619169992723461E-01  -6.0209002925904799E-01   1.8472861942040502E-02
   6.2926955224464862E-01  -4.8402901014071728E-01  -6.0805900039388998E-01   1.4568282595728287E-02
  -5.9654098387345833E-01   7.4677648092031692E-01  -2.9404717666312327E-01   1.9232568373607543E-02
   9.3428178032813420E-01  -3.3787314707432702E-01  -1.1383888366011920E-01   2.0564412720259288E-02
  -7.0248929898504179E-01   3.5645242286586724E-01   6.1599549920803609E-01   1.9890020787959997E-02
  -7.1953704722347691E-01  -4.5218095361761578E-01  -5.2706624143307037E-01   2.0644371371826184E-02
   5.7917211522624274E-01  -8.1325471522533980E-01  -5.6359818205092251E-02   1.9011780928700563E-02
  -4.6504962342786422E-01   8.2978043083833021E-01  -3.0853408944127478E-01   1.7920373489358325E-02
   7.3882048171597416E-01  -1.9795365240635751E-01   6.4417283961368552E-01   1.4343479553218118E-02
  -9.0442521090800838E-01  -2.8166402630461302E-01  -3.2043784757715343E-01   2.1253511074412188E-02
   5.1893981402767295E-01  -7.0286841847640335E-01  -4.8649507266302673E-01   1.9022188634509706E-02
  -4.9640732796765130E-01  -5.5897955007823529E-01  -6.6416987837024823E-01   1.3551441915075230E-02
  -2.7643234740091160E-01  -6.3037260104567982E-01  -7.2540715543846534E-01   1.7706979941830926E-02
  -7.9862798328118165E-01  -4.4785497553561706E-01   4.0201898612904400E-01   1.5921974889934809E-02
  -9.5362908522626312E-01  -1.7362452868833595E-01  -2.4585786716774706E-01   1.9439388636422791E-02
   8.7401659064691852E-01   2.3232074893664451E-01  -4.2675762311580740E-01   1.7572198003504100E-02
  -1.5210780140706123E-01   8.1356594151708883E-01   5.6122515584613896E-01   2.0287945366563744E-02
   2.9530611177646903E-01  -6.6479705617696200E-01   6.8617721795896766E-01   1.6737926623944446E-02
   5.7606444192777317E-01   4.7613748415427599E-01  -6.6441166074180237E-01   2.1674072956841627E-02
  -7.0298940290070541E-01   4.1988883710771096E-01  -5.7402026434756088E-01   1.8898401800450066E-02
   1.7810586070650913E-01  -9.8329483151292311E-01   3.7544329824431716E-02   2.0036941223776554E-02
  -3.3402531732380991E-01   3.2093229843167230E-01   8.8624463169606393E-01   2.0267482882577483E-02
  -1.8874810003545459E-01  -1.7108838222753171E-01   9.6700719759460529E-01   2.2818363319653682E-02
  -4.5639269233123194E-02  -8.6802334792124717E-01   4.9442140383225305E-01   1.7103834747427302E-02
   6.3883486240181177E-01   3.6245894521427501E-01  -6.7861147324092110E-01   1.3994261819270334E-02
   2.7584511577921535E-01  -9.5163184684279578E-01   1.3530077669888276E-01   1.7331238036902545E-02
  -6.0609247057414563E-01  -5.3437593101079094E-01   5.8914707965810952E-01   2.2553442950138640E-02
   5.2472102149601038E-01   8.4348378229775651E-01   1.1490412786690598E-01   1.7978423288763128E-02
  -1.9867640779412973E-02  -9.6265733574262011E-01  -2.6999283470266490E-01   1.8513122019778684E-02
   7.3717874083845540E-01  -6.4871134895061022E-01   1.8905314014453447E-01   2.1337503594957087E-02
  -3.8560948815038065E-01  -2.8547885634958397E-01  -8.7738654265137618E-01   1.8398019085125197E-02
   5.3265130349119971E-02  -7.2889089400027051E-01   6.8255467951833548E-01   1.7871161747261988E-02
  -8.7051687306779452E-01  -7.9348882430724909E-02  -4.8569962791962710E-01   1.9190849402579736E-02
   8.0403743876664144E-01   3.1972143253327356E-01  -5.0130031182959653E-01   1.7660250654142267E-02
  -2.6352130879026898E-01   4.4886274334319846E-01   8.5386108791294716E-01   1.8233303673500497E-02
  -6.8073131824184347E-01  -3.9951492742687557E-01   6.1399730873011204E-01   1.9300615526706456E-02
   4.0029646645270995E-01   6.5257201386475474E-01  -6.4336032335385198E-01   2.0328454057060683E-02
  -5.6314657855841936E-01  -7.2354335223217987E-01   3.9918786116134059E-01   2.0743894532480302E-02
  -4.7581109247428239E-01   7.4174904317803473E-02   8.7641422161434299E-01   1.8219299712655372E-02
  -3.3734314669407945E-01  -1.8007368787776456E-01   9.2399841358772807E-01   1.9928318839432447E-02
  -7.5440532004254032E-01   5.4957411651889582E-01  -3.5894415100957894E-01   1.6323880121847906E-02
  -6.5295704142385710E-01   7.3918915020219930E-01  -1.6506514555881768E-01   1.8990889072517621E-02
   4.3360814446787641E-01   8.4715419647306813E-01  -3.0710542888264837E-01   1.8258190380230587E-02
   4.7789282015629046E-02  -7.0929164881273685E-01  -7.0329335376423092E-01   1.8784871322131094E-02
   8.9222133220754997E-01   6.3484312622502869E-02  -4.4711389645663324E-01   2.1045933793848714E-02
   2.3430761938865147E-01  -7.8257135168021987E-01  -5.7678593865126126E-01   2.0399215506312975E-02
   9.7097495499714057E-01  -1.1890985252177295E-01   2.0752851308085613E-01   1.6352985570278651E-02
  -6.3316889393729987E-01   6.8749940614915932E-01   3.5558644278820530E-01   2.2311679401283823E-02
   2.5859258679618242E-01   8.3469350094717640E-01  -4.8622693624541728E-01   1.7659994034137178E-02
  -7.5435139800158976E-01  -6.2319190868545080E-01  -2.0636330410717844E-01   1.9541514590351621E-02
  -3.6503841984573592E-01  -9.2260379137724495E-01   1.2469641603855838E-01   1.6789201743427923E-02
   2.0217846159847270E-01  -3.1099056306269199E-01   9.2865964666912521E-01   1.7394367044354240E-02
   5.4001713323014275E-01   2.1034847368742877E-01  -8.1494479287573042E-01   1.8364727954175011E-02
  -9.8388993478856363E-01   1.7481446428988154E-01  -3.7423245407071994E-02   1.7094319620418696E-02
   2.5567180917804304E-01  -3.7410300323876768E-01  -8.9144762547182825E-01   1.8251701573921423E-02
   6.9292778202643292E-01   7.1905366002251600E-01  -5.3036995617701476E-02   1.6388579305576453E-02
  -1.8955541275910846E-01  -4.1004673275649912E-01  -8.9214932743876698E-01   2.0047395316952485E-02
  -7.5774386321441316E-01   4.6334662966419370E-01  -4.5949334983188752E-01   1.7831872770878012E-02
   9.3790139284040705E-01  -3.4543793579724955E-01   3.1837239518522566E-02   1.7592324336214728E-02
   6.8377678851253307E-01   6.5846842858477501E-02   7.2671417818634695E-01   1.8341106430200209E-02
   7.4764548607714704E-01  -6.6241805347984890E-01   4.7207516058721763E-02   1.6840039969508328E-02
   9.0220496028782495E-02  -4.0335483754776184E-01   9.1058505210833491E-01   2.0705889339009191E-02
   4.8467785275110912E-01  -8.4242264491557428E-01   2.3539640266160035E-01   1.8194431908100483E-02
  -9.0126110621923967E-01   3.4693278083954415E-01  -2.5954973318309026E-01   1.5639256920365342E-02
  -7.4094565329281572E-01  -5.6519861958771686E-01   3.6269830339087860E-01   1.9701765727437017E-02
  -3.6646531990271240E-01   7.8046800361742247E-02  -9.2715255824588922E-01   2.1116949877749409E-02
  -8.4192919628099680E-01   3.4966419627100626E-01   4.1096250229891504E-01   1.9220283608448893E-02
  -1.8021743583248554E-01  -4.4305053741167323E-01   8.7819581934850461E-01   2.1277296826678320E-02
  -1.9159391978085826E-01  -1.5325782005438350E-01  -9.6943478919171468E-01   1.9632881089945325E-02
  -9.0872157199848722E-01   4.1674293887070925E-01  -2.3461191061043296E-02   1.7661488933254241E-02
  -8.9454178903944612E-01   5.1104945610758125E-02   4.4405323126425795E-01   1.8670580695982522E-02
   9.9102712540081423E-01  -9.9907942244366036E-02  -8.8789863139299285E-02   1.9092349420794445E-02
  -3.5439849192614207E-01   9.3313962812078603E-01  -6.0432965764369699E-02   1.8313635088505812E-02
   6.2734523878988266E-01  -5.5634318137504159E-01   5.4490385932305773E-01   1.8821323813330979E-02
   2.1719654188898092E-01   9.4115726357978690E-01  -2.5893757433496533E-01   1.4833105389687057E-02
  -5.1898341507360985E-01  -1.1303771284030390E-01  -8.4727722166618306E-01   1.8331445516024230E-02
   3.5834470562032110E-01  -8.9560655292695035E-01   2.6358674911343915E-01   1.7796001974694036E-02
   3.2450136303146175E-01  -2.4971927497262500E-01  -9.1232622953517559E-01   1.8904992308786640E-02
  -9.8326072653481677E-01  -4.7543237109810529E-02   1.7589196758051430E-01   1.9115332102570409E-02
  -6.0046096008729961E-01   4.3404954020684849E-01   6.7160079813626030E-01   1.5399227175711034E-02
   2.6703187984658920E-01  -5.6311028871256603E-01   7.8204908918280011E-01   2.0708932058952753E-02
   3.3403050726292669E-01   5.4665603757946570E-01  -7.6784815998710955E-01   2.1769065000644944E-02
  -3.9832879787220916E-01  -6.4279005715262673E-01  -6.5433562581553168E-01   1.9873467824538854E-02
  -4.6643334053911678E-01   5.2716258023447783E-01  -7.1030947680151923E-01   1.8892497310325698E-02
  -8.3907091133564701E-01  -5.2573579769511011E-01  -1.3986377934351958E-01   1.8016793687150942E-02
   4.7021860720985433E-01   1.1610029777485006E-01   8.7488009595041980E-01   1.9198876227105351E-02
  -2.4281892951226127E-01  -9.5187006656047561E-01   1.8703567535813860E-01   2.0682217664896289E-02
  -9.1801481240512288E-02   9.3056461441157729E-01  -3.5443192075076987E-01   1.8831668810858044E-02
  -7.5851779458067101E-01   6.3862782728993074E-01  -1.2963507825977251E-01   1.7243174529025555E-02
  -8.4226691580927255E-01  -5.3906064209487238E-01   2.5821967360270732E-04   1.9093017176635616E-02
   7.9153453002402018E-01   6.0894421312947022E-01  -5.1575508487884231E-02   2.1338588804107101E-02
  -5.7860203748784293E-01  -8.1453292806350123E-01  -4.1902163610202265E-02   1.8770454473716808E-02
  -2.5397091089871715E-01  -9.6295727453102166E-01  -9.0620438340709021E-02   1.7262777052843705E-02
  -3.3955610938945861E-01  -1.6868742920587751E-01  -9.2533572275375064E-01   1.9541484727316184E-02
  -1.2572841315335314E-01   6.8577916597257102E-01  -7.1686770163252901E-01   2.2392477689081169E-02
  -4.9663983415755161E-01   1.5609412493177146E-01  -8.5380530525977889E-01   1.9158898451556861E-02
   7.9781832937937497E-01  -5.6006330192798126E-01  -2.2319276677309702E-01   1.8925787721108688E-02
  -8.7534563254127615E-01   2.9939223075754126E-01  -3.7965025451451550E-01   1.9635243129779960E-02
   9.9988608837857970E-01   1.2016659384069034E-02  -9.1329165237794214E-03   1.8235847398546635E-02
  -2.9774099003784106E-03   9.2788167556269343E-01   3.7286288523430921E-01   2.1149190201847041E-02
  -8.3578224577790205E-01  -6.7575445216536316E-03   5.4901946526009837E-01   1.7147284538378729E-02
   1.6410193685301828E-02  -2.8304083360836656E-01  -9.5896746141539743E-01   1.8377287676082252E-02
  -3.3217944384733160E-01   9.2322605035557501E-01   1.9315920125669061E-01   1.9017667606655292E-02
   7.4041265575200609E-01   6.1090536826400878E-01  -2.8032789769924271E-01   1.6991346283234200E-02
  -4.0083140671178112E-01  -8.2116599175058446E-01  -4.0622727306980968E-01   2.0295735752471113E-02
   5.1369448012960923E-01   7.2210315252516492E-02  -8.5492903299367650E-01   1.9051464717881277E-02
   8.8306612754817734E-01  -4.6753356322367176E-01  -4.0082186023758366E-02   1.9278542986254407E-02
   5.1843220143945245E-01  -5.2845413207146227E-01  -6.7228288897400956E-01   1.8978162664661624E-02
   1.3443396612010225E-01   6.9580366704956153E-01  -7.0553863513885763E-01   1.8921048242378997E-02
  -4.0399668847705392E-01  -3.0509199657151904E-01   8.6238364393556210E-01   1.9312391455296360E-02
  -7.0895029971563019E-01  -1.6893768965093469E-01   6.8472587912866451E-01   1.8133893153755058E-02
   8.8801594786415343E-01   1.9980669983669244E-01   4.1413157213535303E-01   1.9416845330392487E-02
   5.4192962073387551E-01  -8.3461073370872949E-01   9.8677299058162617E-02   1.8981846699912850E-02
   3.4796071452650725E-01  -8.1096832056919136E-01   4.7037615179703546E-01   1.8021130728441217E-02
   8.8043523845923630E-01   4.0655075472846817E-01  -2.4402924969958168E-01   1.8192577504366473E-02
  -1.2967970578475966E-01   2.1130459984133866E-01  -9.6877940729222249E-01   1.9121497232902973E-02
   4.1210324314625443E-01   9.0806762445799567E-01  -7.4726878695363181E-02   1.6478079347137515E-02
  -5.1145945507109704E-01  -5.0656800156774064E-01   6.9411676655015472E-01   1.4878461450971258E-02
  -1.8176455332299187E-01   9.5018097523649771E-01  -2.5321485235647473E-01   2.0882558940280051E-02
  -1.3586282376707770E-02  -9.3273027278043123E-01   3.6031881878431311E-01   1.7694664585582677E-02
   4.6667445318879199E-01   7.0581536014652623E-01   5.3295368665782918E-01   1.8978498862246661E-02
   9.8816528940345289E-01   2.6879883981826355E-02  -1.5101931219322115E-01   1.9092897244371641E-02
   2.2885503706869538E-01  -9.6777101198584620E-01  -1.0509348394728053E-01   1.6919660819101290E-02
   3.5055112762780220E-01   4.6961067439593442E-01   8.1029607021894900E-01   1.8395809785353087E-02
   1.1915518960971762E-01  -6.1774790476199932E-01  -7.7729631862709345E-01   1.7772684291404841E-02
  -3.9512651676281285E-01  -5.1786453141827673E-01  -7.5874327861920143E-01   2.3548511311677220E-02
   1.2362402949953936E-01  -5.3827551338496792E-01   8.3365254814007876E-01   1.6635948120273303E-02
   3.8823112136588555E-01   8.0763174053520110E-01  -4.4385534589894106E-01   1.9246674621480215E-02
   3.3310420865160721E-01   5.8997709411417078E-01   7.3550568631329120E-01   1.7915130976172861E-02
  -8.7398389875799136E-01   2.0600459112782427E-01   4.4012981397087731E-01   1.7195478830492465E-02
  -6.8975800476533226E-01   6.8815645669967366E-01   2.2511016406350483E-01   1.7211489759786530E-02
  -1.1361793408829670E-01   4.5901933176272047E-01  -8.8113121504212585E-01   1.8187315134795479E-02
  -3.2362338020075540E-01  -6.7603854948093422E-01   6.6199681827268008E-01   1.9261558695683923E-02
   9.2213923841489648E-01  -2.0667514335384513E-01  -3.2702386777613345E-01   1.9535000756101045E-02
   4.6936326783722348E-01   6.1193857367157491E-01   6.3657623648543566E-01   1.7801227132245061E-02
  -9.3111611024932106E-01  -2.6593046937252724E-01   2.4960724086749102E-01   1.5497498120006600E-02
  -9.3091831254856831E-01  -1.7736973066743231E-02  -3.6479651197366989E-01   2.1379066288964159E-02
   6.9828266548362698E-01  -1.4275950756391189E-01  -7.0144211599047192E-01   1.8475770072852277E-02
   8.7915880842851112E-02  -7.9667073167558042E-01  -5.9798540382447544E-01   1.7804466770086673E-02
   8.0248661085969015E-01  -3.1858781456638327E-01  -5.0449682238914448E-01   1.6291224216407562E-02
   8.3924441755274514E-01  -4.5429791327592496E-01  -2.9880129450806229E-01   1.9917065515524756E-02
  -4.1247083845711927E-01   9.0790394255797686E-01   7.4687606134907502E-02   1.7101504664108539E-02
  -8.0052091255671040E-01   3.3814187066386658E-01  -4.9479929654690550E-01   1.7492439452493786E-02
   7.8577759279866015E-02  -2.4027685174724249E-01   9.6751876997864432E-01   2.3139937899962395E-02
  -1.4601807691992643E-01   2.0362614578843798E-01   9.6809871085749943E-01   1.8292969737670892E-02
   1.7512011812400986E-02   8.3122934742379150E-01  -5.5565376037933909E-01   1.8080017430140074E-02
  -2.6323305898751865E-01  -9.3627669505828166E-01  -2.3258182849658566E-01   1.9683302726192199E-02
   9.5753214332770255E-01  -1.0622030194156766E-02   2.8813081572232173E-01   1.9437469381507987E-02
   3.9649599255745373E-01  -3.5000782897774258E-01  -8.4869632233217959E-01   1.9458334488936881E-02
  -3.3004264240481577E-01   5.4561090328646564E-01  -7.7031201237509847E-01   1.8811695605741435E-02
   7.7468622160302507E-02   9.5897975507815083E-01  -2.7268377643496566E-01   2.2131589680019794E-02
   2.8464920499292084E-01  -1.4937942278218072E-02  -9.5851535615105873E-01   1.8069550593924700E-02
  -9.1072526106265758E-01  -3.7346071209402307E-01   1.7637061939160805E-01   2.2588791938639931E-02
  -8.1177302027929076E-01  -5.1628597181782787E-01  -2.7289807410599147E-01   1.8451934319301766E-02
  -1.2577515518440465E-01  -2.9007729095983414E-01  -9.4870215326399609E-01   1.9594724336629669E-02
   6.5250796154100454E-01   5.3914785081819927E-01  -5.3249690617290887E-01   1.8172985160307783E-02
  -6.0863906172891413E-01  -1.8534442062856291E-01  -7.7149590943802763E-01   1.6652631434853583E-02
   7.2843654506223023E-01   6.5202888442409712E-01   2.1032958349806323E-01   2.0501871757643606E-02
  -5.8463373238982914E-01  -8.0385430448723091E-01   1.0964331310794885E-01   1.8091724992092007E-02
   1.7025451756285347E-01   9.1068462424361378E-01  -3.7638665546975502E-01   1.7904562237780375E-02
   1.6600673034872310E-01   9.8609434806870428E-01  -7.7267189597777674E-03   1.9665636879542752E-02
   1.6315427436112692E-01  -3.6343805860610687E-02  -9.8593093598550822E-01   1.5138036050193736E-02
   9.8806455192537576E-02  -9.9310169733244233E-01  -6.3137177381533762E-02   1.5671825222871637E-02
   8.1248711635060590E-01  -3.6478470129152222E-01   4.5474916983754019E-01   1.7892063979988568E-02
  -5.5340056470140552E-01   5.4736219818210862E-01   6.2780764489564440E-01   1.7681564569415233E-02
   4.5692993496655107E-01   2.5302912220986772E-01   8.5275512185220403E-01   1.7048588173600283E-02
  -9.5606557025310614E-01   8.2457535994564921E-02  -2.8131722331614898E-01   1.5633176002681368E-02
   1.7154915158180356E-02   7.4680820481973366E-01  -6.6481818123442026E-01   1.8193671833094491E-02
  -5.4078672119096697E-01   8.2194032320660657E-01  -1.7878430375886580E-01   1.8956372909936913E-02
   9.6248094260857204E-01  -2.0810351010077030E-01  -1.7413605083110468E-01   1.7987787291346313E-02
   5.9085391896425978E-01  -3.9784057490828965E-01  -7.0186503218298135E-01   1.9074165138040592E-02
  -7.7732163271754863E-01   6.0993203377187512E-01   1.5412330611633264E-01   1.8794081455779025E-02
   9.1432129538157660E-01   2.7722392317729900E-01  -2.9523459355221675E-01   1.8505109534658023E-02
  -1.6003553940808541E-01  -3.1662634099966018E-01   9.3495261179994031E-01   1.7522794376818255E-02
   8.0531297756869673E-01  -2.5240116187234757E-01   5.3643700622247214E-01   2.0610153750807218E-02
  -3.3034119839149314E-01  -4.1568211150031411E-01  -8.4739782559545933E-01   1.8443101571307893E-02
  -4.8208986773908071E-01   3.3671704053578919E-01   8.0883310641697612E-01   2.0249596567207159E-02
   4.3308330016158196E-01  -8.2355927367002159E-01   3.6631813751609336E-01   1.9066886229352684E-02
   4.5806474403946779E-01  -4.4498392867210769E-01  -7.6952322479025507E-01   1.8359392004105529E-02
   8.6870043795329525E-01  -3.7851566324055383E-01   3.1950812475008589E-01   1.9011123658960727E-02
   7.9674810287492894E-01   5.0388355412151941E-01  -3.3360729076425688E-01   1.7483214043032065E-02
   8.4983958247860797E-01   1.9405932484403320E-03   5.2703787164721820E-01   1.6450598604415757E-02
   7.0662543793783445E-01  -5.6206101441080038E-01   4.2984637550951330E-01   1.8379475386077203E-02
   5.5977329619803146E-01   2.8795584182342466E-01   7.7700404762353318E-01   1.6861231736831694E-02
   6.4879102559938264E-01   6.3429938051133678E-01   4.2039802685625886E-01   1.6629688232042967E-02
   1.7503872919568550E-01   7.8292540932332146E-01  -5.9698345598305238E-01   2.1063508700223754E-02
  -2.8468430992105835E-01   8.0485089412190689E-01   5.2073974489752341E-01   1.6090280279644320E-02
  -5.0140579214194156E-01  -7.3529030557787420E-01  -4.5600482248514477E-01   1.4588719587864281E-02
   7.3120706237472434E-01   2.8112039622479766E-01  -6.2153644684743856E-01   1.8848305073041478E-02
   8.0688082330697188E-01  -5.8654600870072464E-01  -7.0050814818334705E-02   2.2348452744185824E-02
   5.2740536553226675E-01  -6.5102668806680163E-01   5.4590093591470170E-01   1.4845974919416931E-02
  -7.9548436206338877E-01   2.7746041022259508E-01   5.3872103214160169E-01   1.9388421427557014E-02
   6.2870472593112278E-01   7.5554727410005071E-01   1.8406163150383816E-01   1.7415724509390894E-02
   6.9894300964877373E-01  -5.1145410385103975E-01  -4.9989335754443073E-01   2.0227465752453683E-02
  -4.0395071211032602E-01  -7.3873676887516426E-01  -5.3952924711960017E-01   1.7592142866926163E-02
  -4.9879916089991906E-01   6.5678646908368785E-01   5.6553596801098215E-01   1.6630848470348675E-02
   7.9226819732702304E-01  -4.3174264597428395E-01  -4.3117211314197181E-01   1.8206897140921540E-02
   3.3680650243594429E-01   7.4900064423445398E-01  -5.7057814088277067E-01   1.9007887009949913E-02
   9.2546958416921896E-01   2.5417218572409074E-01   2.8089597501902957E-01   1.8347036879154536E-02
  -1.5282894812748697E-01  -6.1256425494924240E-01  -7.7550521995195182E-01   1.6795727040499390E-02
  -9.3370001018229729E-01   1.3267913074596853E-01   3.3256659370729391E-01   1.8435249023908307E-02
   7.4875121749678710E-01   1.7181287751094931E-01   6.4019680522358637E-01   2.1528341819099843E-02
  -6.5404792736376986E-01   6.4634966159577960E-01  -3.9300562803371935E-01   1.9262050431063599E-02
   3.6285357598385226E-01  -4.6085844925306238E-01   8.0990540938296824E-01   1.6133661961765972E-02
   1.9816886035147739E-02  -6.1080336243235038E-01   7.9153429708964919E-01   1.9973633001522465E-02
   3.2092282190399847E-02  -2.5153152195481709E-02  -9.9916835636365242E-01   1.9146148396142322E-02
  -6.0730274355695605E-01   6.2144803660528609E-01   4.9496031706352887E-01   1.8109944168885734E-02
   4.7050215666269821E-01  -7.4353516757377935E-01   4.7516647099388400E-01   1.8991155194821709E-02
   8.1875647199599743E-01  -5.6747123999131598E-01   8.7259563071251715E-02   1.7720361477124988E-02
  -8.8101673201890591E-02   9.5777285238638611E-01   2.7369555789357069E-01   1.6884959602461013E-02
  -8.8707034074140942E-01   4.3134968297779030E-01  -1.6444957151625465E-01   1.7900307771200658E-02
  -2.7901183552384472E-01   2.1018855777015423E-01   9.3700222295366923E-01   1.6352466070788902E-02
  -2.3337047885448933E-01   7.3716596156064753E-01  -6.3413292353858450E-01   1.5853003184590274E-02
   5.0292911487458837E-01  -7.2426538834746283E-02  -8.6128781593836691E-01   1.9229354271224220E-02
   7.2171317987429750E-01  -4.4542160709207596E-01   5.2983929443864603E-01   2.0074200872712220E-02
   4.7159982647373519E-01  -2.8069237838882102E-02   8.8136582731411081E-01   1.9396521619036173E-02
   7.7172899955196658E-01   2.3838413904968493E-02   6.3550458792444297E-01   1.7893798445700516E-02
   2.0998103075889535E-01  -9.0260944884631335E-01  -3.7577140601007155E-01   1.5528055247594640E-02
   9.8866543942104474E-01   1.3968423562535732E-01   5.5036017408168191E-02   1.5874282153154430E-02
  -6.0732794704997425E-01   1.1353565872233675E-01  -7.8629664817456053E-01   1.8576509341397384E-02
   6.5194837587438039E-01  -7.5492994311796612E-01   7.1021800728100492E-02   1.7579482917250204E-02
   6.0193365291100153E-01  -6.6900106831043277E-01   4.3602000882151887E-01   2.0090269254208101E-02
  -3.8772945715328699E-01   4.2688292037191839E-01   8.1696807792615722E-01   1.4010836145397336E-02
  -1.0938975036273614E-01  -9.8765493802481998E-01   1.1212317294282634E-01   1.6288827148564624E-02
   5.2062954838160138E-01  -5.6218141366089930E-01   6.4257056537488752E-01   1.7597935070666734E-02
  -4.5366088928596104E-02   9.9024472554390392E-01   1.3174711195240997E-01   2.1105997330364871E-02
   8.5484226829117488E-01  -1.9012498871704465E-01  -4.8280139292274482E-01   2.2154016922008814E-02
  -6.6541417380319591E-01  -2.7950091163803536E-02   7.4595091641859738E-01   1.8253022164765688E-02
  -4.0223391510617254E-02  -4.0400257216018085E-01  -9.1387307677999878E-01   1.7958829446182957E-02
   3.8352199410220908E-01  -7.5914280800734417E-01  -5.2594018394736652E-01   1.9316005068986994E-02
   9.3702501366680586E-01   3.2036531490665871E-01   1.3910495594147480E-01   2.0488444080490180E-02
   8.7801817034044606E-01  -2.4356622811390065E-01   4.1201891349109525E-01   1.9267603288061362E-02
   9.1088868806095248E-01  -3.2540182756614406E-01  -2.5376258309532255E-01   1.8349228934295940E-02
   1.1721338679266373E-01  -9.7181193967812689E-01  -2.0455457916074641E-01   2.0365285614567514E-02
  -5.3635245427027120E-01   8.3941834463029465E-01   8.7766095369411285E-02   1.8762244674663612E-02
   9.2194874990435824E-01   3.8724123072293160E-01   7.3980928610253888E-03   1.7602565453956313E-02
  -6.5011417495281831E-01  -7.1440681089242232E-01  -2.5879425819738575E-01   1.8287612545127476E-02
  -9.7808396958722507E-01   1.8652877787455521E-01   9.2513585278709182E-02   1.6009507838896559E-02
  -6.9763463905813054E-01   7.1561438016731280E-01  -3.4669428665391857E-02   1.6417610376978277E-02
   9.8896149665389305E-01   3.2054312736127235E-02   1.4466402168855296E-01   2.1359501749206084E-02
   9.2660745967587097E-01  -2.6109240067833807E-01   2.7060926440358885E-01   1.7573397032560407E-02
  -7.0808916029634483E-01   4.2848275383360210E-02  -7.0482179759673222E-01   1.7593720242335213E-02
   5.8959013201902568E-01  -1.6808454851984344E-01  -7.9001965847355233E-01   1.9197115181637375E-02
   3.4916335548530375E-01  -1.0263299081197669E-01   9.3142440400884503E-01   1.7668527894107315E-02
   2.3332977342392129E-01  -2.0790099154649537E-02   9.7217538984027012E-01   2.0691886012932969E-02
   3.2857137402717500E-01  -3.5341053226121443E-01   8.7586634131968992E-01   1.8183445572654356E-02
   2.1033689255623388E-01   6.0208131324765821E-01  -7.7023144824641018E-01   1.7406720808213513E-02
  -3.4507034441172477E-01   7.5757683146085543E-01  -5.5407923787244044E-01   1.9496421655793623E-02
  -3.6862505209439575E-01   8.2738974577284647E-01  -4.2372370662773697E-01   2.1210271905885891E-02
  -5.2884725693134679E-01  -7.8256809401480662E-01  -3.2849316136903459E-01   1.8028419023940349E-02
   5.3255206562796866E-01  -3.1048038804214037E-01  -7.8739458090374592E-01   1.8651213726859712E-02
   8.7362189808830681E-01  -4.5598005960817094E-01  -1.6990280874756860E-01   1.6146456407986109E-02
   2.6019137345186833E-01  -5.9924716533073594E-01  -7.5710189804563832E-01   1.9952714998150668E-02
  -1.4521189363476791E-01   9.8881573043294466E-01   3.4014073489762042E-02   1.6285329621856796E-02
   8.8338870370911326E-01  -1.0762662023915887E-01   4.5611501704617039E-01   1.7816027397990794E-02
  -2.3963479415398869E-01  -9.6958503252690118E-01   4.9799900909375010E-02   1.9166078560575636E-02
   4.5185924342779228E-01  -7.9950588828138133E-01  -3.9574430979138867E-01   2.1397680253049067E-02
  -1.5969818834409958E-01  -9.3419794490500667E-01  -3.1901518517912981E-01   1.9210592770411135E-02
   1.9097606985044171E-01  -5.0315250367535666E-01  -8.4283195169007409E-01   1.8313252140355567E-02
  -5.8019732435416146E-01  -3.9839513101035667E-01   7.1038889659081299E-01   1.9427754422914107E-02
  -9.7696363169708639E-01   1.4002379630857570E-01  -1.6104471058862593E-01   1.8840146924972302E-02
  -5.2907317737383099E-01   3.9234795514802019E-01  -7.5242584689438061E-01   1.9304260107251707E-02
  -4.5863133399561952E-01  -4.1491404315114071E-01   7.8581399597701988E-01   1.8583513594740185E-02
  -9.0709245676840986E-01   1.4286984636287780E-01  -3.9594378625519354E-01   1.8724276619411575E-02
   5.2655774326604580E-02   4.4120241329835439E-01  -8.9586148478979374E-01   2.0870676196347108E-02
  -9.4752240862051468E-01  -3.1679664154228488E-01   4.2908892662327549E-02   1.7702053260052985E-02
  -1.4748412089251148E-01   8.9359455452105205E-01   4.2395425014367473E-01   2.0483458208146960E-02
   2.1123434954148989E-01  -8.3526066266799361E-01   5.0766098429287245E-01   1.8010483626994046E-02
  -3.7634731671958192E-01  -9.2632887675477526E-01  -1.6658610032267273E-02   1.9870549726308619E-02
   6.4127080251225834E-01  -6.3735556483115374E-01  -4.2725828467572757E-01   1.9020667090012949E-02
  -2.6665744260523291E-01  -4.8404222756928643E-02   9.6257510850973844E-01   1.7944266800586891E-02
   9.5435926244830806E-01   3.3887623647923352E-02  -2.9673224823503492E-01   1.8201052663941668E-02
   7.3405721035674833E-01  -6.5893093671730431E-01  -1.6422555391937187E-01   1.5407370385062961E-02
  -8.8693854169172094E-01   3.7952633634416139E-01   2.6324852000142744E-01   1.7146926079890105E-02
   7.1813806991676027E-01   6.9176777055150440E-01   7.5730206406897817E-02   1.6982940034555989E-02
   9.2010796331947979E-02   7.1916690324112186E-01   6.8871835944813870E-01   1.7820139880336509E-02
  -3.7439142918864005E-02  -9.1523857513604163E-01  -4.0116911790471752E-01   1.6998247914013209E-02
  -6.6847822102888718E-01   7.3743538149737499E-01   9.6570834758095092E-02   2.0917503851162382E-02
  -5.2866196623710051E-01  -6.4310954346276645E-01  -5.5400960331156259E-01   2.2714596056911431E-02
  -7.6762320814806503E-01  -5.9884626558034614E-01   2.2833694513360249E-01   1.9147211661558102E-02
  -6.4824054234661785E-01  -2.8701805061885812E-01   7.0526933711675958E-01   1.7276452782892910E-02
  -4.2096538915770604E-01   8.8732558838869302E-01  -1.8825897408081505E-01   1.8718797137820386E-02
  -3.7244063060445968E-02   7.6372390108224896E-01   6.4446775146818682E-01   2.0081450958025262E-02
   3.0331383682477772E-01  -7.5369289996303070E-01   5.8305036569403601E-01   1.7949423994894728E-02
  -5.9174033783767665E-01   8.2053368446734324E-02   8.0194177924728222E-01   1.8271013294447266E-02
   7.8827088324489844E-01  -1.0337636734155357E-01  -6.0658250988927449E-01   1.8340128244128148E-02
   1.0661590012593722E-01  -8.9555865564925269E-01   4.3198118492827832E-01   2.1544590954685101E-02
  -1.9870083292068272E-01  -7.4292678893441159E-01   6.3920088022485632E-01   1.8802399171508978E-02
  -2.1437368452806420E-01  -6.4637622675393817E-01   7.3228525648766371E-01   1.7985420923451858E-02
  -2.3403144294229032E-02  -8.5346760594324742E-01  -5.2062014794151547E-01   1.8878851642957934E-02
  -9.4444344449027894E-01   2.6501015797091169E-01   1.9441243872646072E-01   2.0096875820656046E-02
   9.0512508126936168E-02  -9.3505105970320414E-01  -3.4276376941048840E-01   1.8464726216056350E-02
   4.4270085660022164E-01  -1.9110897261068771E-01   8.7606695643262195E-01   2.0372863304862729E-02
  -7.6857553221418859E-01  -6.3699514926406326E-01  -5.9403965319919445E-02   1.8389129166493550E-02
   3.5438948214652254E-01   6.8709877316398806E-01   6.3427389262089466E-01   2.0250748996181480E-02
   7.2180283711335926E-01   6.7142246404446854E-01  -1.6790634029589153E-01   1.6394324439588416E-02
  -4.0279336885538032E-01   8.0345087113245625E-01   4.3843380307935984E-01   2.0000135998424504E-02
   3.9573396011501111E-01  -5.7350089487646567E-01  -7.1728052837616038E-01   1.8604752359190058E-02
  -6.6886185575247338E-01   4.9564194413083786E-01   5.5404230988035640E-01   2.0497255858326899E-02
   4.6831006952557876E-01   3.8278699406478459E-01   7.9634150711600746E-01   1.8725824901074920E-02
   5.4899456997189979E-01   7.9082129758070616E-01  -2.7056725122256928E-01   1.5254195764270164E-02
   1.0572187885449955E-01  -9.4644665600770014E-01   3.0506001321595181E-01   1.6829710516538951E-02
  -9.5398335783479168E-01   2.9891484381093489E-01   2.3783799606878437E-02   1.9146445956175934E-02
   4.0357655868550406E-01   9.1282724139870303E-01   6.2228519506733910E-02   1.9932774054400816E-02
  -6.0417068820608834E-02  -7.8709513428307307E-01   6.1386564277782884E-01   2.0507049075027432E-02
  -8.4397577249671549E-01  -5.1623388854716942E-01   1.4562783990034731E-01   1.9270210208242710E-02
   3.9726004810809234E-01   2.9533741415608250E-02  -9.1723073013018492E-01   1.7054014580378684E-02
  -1.3196323645415581E-01  -1.4266718440947210E-02   9.9115193838758699E-01   1.9407165921371705E-02
  -6.4887983599700396E-01   3.4764418470252160E-01  -6.7682972694690377E-01   1.8336469321162510E-02
  -8.6943718672229834E-01  -3.4469310238565258E-01   3.5392886787060664E-01   2.1406579992250103E-02
  -6.6299869809661649E-01  -5.7837063327627413E-01  -4.7531056887659577E-01   1.7975532890994461E-02
  -9.0893073229048209E-01   2.6389322778437582E-01   3.2280843890368080E-01   1.6438027112836417E-02
  -8.5728684660971907E-02   9.9204411053027268E-01  -9.2190430026655203E-02   2.0996223657178947E-02
  -2.2796315096913977E-01   8.1779008342871932E-01  -5.2844316747013531E-01   1.8105659004279972E-02
   1.7948690550364059E-01   9.5796326029967424E-01   2.2380983595174299E-01   1.6582680587642359E-02
  -9.7535459607255710E-01  -3.2624045892549387E-02  -2.1821797256353518E-01   1.9370058870194204E-02
   1.0611308473847298E-01  -8.2252006387546074E-02   9.9094632583834165E-01   1.6284463155946948E-02
   3.5590226964704929E-01   4.1148168057902543E-02   9.3361683935410972E-01   1.8048168793259051E-02
  -7.5033038354795325E-01   5.9047282839474917E-01   2.9723081006565701E-01   1.7962088089474807E-02
   7.0853658335595408E-01  -3.3155974992600301E-01   6.2293181189860380E-01   2.1204390510608193E-02
   5.9323813280615445E-01   1.5532459569539513E-01   7.8990049231325931E-01   2.0047381305431288E-02
  -8.4419083557050349E-01   5.2970269960631117E-01  -8.2200262582068237E-02   1.8889123755071919E-02
   8.3754293323920077E-01   1.3250159570755795E-01   5.3006147012966939E-01   1.7830890516134147E-02
   2.6710661714569079E-01  -8.8468577919585094E-01   3.8208000100190435E-01   1.9246247535869120E-02
  -9.5132971701103485E-01  -2.7699618148857063E-01  -1.3507362796806456E-01   2.0697276769103476E-02
  -5.8990290810212622E-01  -3.2559416191713745E-01  -7.3892015856798174E-01   1.8272168191352209E-02
  -8.4186460277633266E-01   2.0512120520778802E-01  -4.9918862343442089E-01   1.9120223780318807E-02
   7.9782717000444076E-02   3.1614681513943079E-01  -9.4534962280905450E-01   1.5511231382742467E-02
   1.0101409309623428E-01   4.7018926088956760E-01   8.7676576800196048E-01   1.8927881599156686E-02
  -5.3818283284802879E-02  -1.5361761212620947E-01  -9.8666368212725767E-01   1.7807931645910681E-02
   5.8350637789077222E-01   2.3500066539869211E-02   8.1176847304721864E-01   1.7328591245228972E-02
  -3.2457477997127366E-01   3.2650990349287489E-01  -8.8771757621873899E-01   1.8719763102768265E-02
  -9.0907963127480009E-01   3.9944881237192273E-01   1.1838441745404586E-01   1.9827511298692195E-02
  -2.1748488806140962E-01   9.7280342004932798E-01  -7.9710911456629629E-02   1.8581402208454536E-02
   7.0385720689315061E-01   4.1626560029779007E-01  -5.7559359127190878E-01   1.8630379408913199E-02
  -7.3169767055174537E-01   2.2174015663477999E-01   6.4455397124269797E-01   1.6496770294821070E-02
  -6.1111941779754790E-01  -5.2165241935553749E-01  -5.9532496216041588E-01   1.8998169055205384E-02
   9.6819465425746660E-01   1.7403612454351899E-01   1.7975132494960222E-01   1.9624113638203603E-02
   2.0757088457098449E-01   4.8689542499168716E-01  -8.4843807847160146E-01   1.8949601184444386E-02
   6.9233927425346140E-01   5.9628144162832619E-01  -4.0634316986487597E-01   1.8387414772954514E-02
   8.7115891947055956E-02   5.5784403282974261E-01  -8.2536104609226494E-01   1.8115156515382949E-02
  -5.1404859507106497E-01   7.8976009321296967E-01   3.3471336554387236E-01   1.9500006073079088E-02
   9.7444659843714056E-01  -2.2326676580379016E-01  -2.4612559432156433E-02   1.8327575073617961E-02
  -1.1731973486967313E-01  -9.9259612429987367E-01  -3.1448590349636482E-02   2.1167495668986671E-02
  -8.0678826783282850E-01  -1.3693337679338044E-01   5.7475380921509877E-01   1.7720403941030637E-02
  -2.9836191727749024E-02   4.0578338449742732E-01   9.1348215446663107E-01   1.9125883108020175E-02
  -9.1343577745463839E-01  -1.5645320081707025E-01  -3.7570929775550405E-01   1.6113388714144736E-02
   3.1520806772298604E-01   2.5849687976765629E-01  -9.1313922114468795E-01   1.8678630931299046E-02
   3.3740607521638250E-01  -8.7066592593063134E-01  -3.5790778956378295E-01   1.7974702755417199E-02
   8.1989354185779834E-01   1.8287248427640498E-01  -5.4252394833265258E-01   1.9927108649696489E-02
  -2.8296629464515694E-01   6.4507500918338598E-01   7.0979455381247094E-01   1.7852825833955401E-02
   2.1762616657117956E-01  -4.4873562878033519E-01   8.6676132071444573E-01   1.8958432659011689E-02
  -2.8315356107205854E-01  -8.1940400749528503E-01  -4.9839856877089747E-01   1.9903602899212193E-02
   3.4230622364874170E-01   3.4077442052916189E-01   8.7561363829279841E-01   1.8286305864694163E-02
  -1.4707112702258950E-01  -8.9956001333283399E-01   4.1129291995965235E-01   2.0766242894991568E-02
   6.8936946422448333E-01  -6.6123153634569398E-01  -2.9587598269674103E-01   2.0920946114766918E-02
   3.1055455828288818E-01   8.8406751896087811E-01  -3.4925705182297699E-01   1.9293989519258079E-02
  -6.0832315483622858E-01  -6.8369550480155760E-01  -4.0311709961776776E-01   1.9995736442928549E-02
   2.7616362090231656E-02   9.0820670103818663E-01  -4.1760977566890762E-01   1.8639994550695211E-02
  -1.0441242498345573E-01   8.7147294858845363E-01  -4.7920031864307084E-01   1.9001161909253099E-02
   6.1733876630558546E-01   7.7137238338557025E-01  -1.5452344083135907E-01   2.1626760734106156E-02
   4.6475791908302577E-01  -2.1396681207119954E-01  -8.5919629886406276E-01   1.8160759346209552E-02
  -7.0806211911672516E-01   5.6112523819115409E-01   4.2870328029635276E-01   1.8803342915852754E-02
  -9.7860621607785205E-01  -2.0531535525770641E-01  -1.3246839215086958E-02   1.6924830662648185E-02
  -2.8668592382338315E-01  -3.9997833999260086E-02  -9.5718929912369006E-01   1.7757802348291971E-02
  -8.4880873034875090E-01   5.2444722428291594E-01   6.6924197609580957E-02   1.7888387186528476E-02
   1.0628593584528089E-01   9.8767716067164386E-01   1.1487874533216495E-01   1.7934292180562909E-02
   4.0584971190645511E-01   8.5513200999409146E-01   3.2254496869260318E-01   1.6744657757215433E-02
  -3.8471869242775467E-01   7.2163429165657237E-01   5.7553060457459226E-01   2.0321258310158096E-02
  -1.8428651114735163E-01   5.7814160935277536E-01   7.9485266643832810E-01   2.0947900898730948E-02
  -9.4547178523307024E-01   2.9702212453426280E-01  -1.3364490587128265E-01   2.2099465003952523E-02
  -9.7143820828991707E-01  -1.9990893426393082E-01   1.2784453635543062E-01   2.1639979101583715E-02
   5.2959873048350676E-01   8.4760906598308451E-01  -3.2925004685512209E-02   1.9285229822117432E-02
  -6.6684259017741034E-01  -3.8716316313042176E-01  -6.3673043357478107E-01   1.6197936654015028E-02
  -2.0574665804354328E-01   8.0149846420002273E-02  -9.7531754563463248E-01   1.9536069723074332E-02
   1.3475484222707143E-01  -9.7584775297456722E-01   1.7193689397812617E-01   1.6514651428806297E-02
   6.8748071068961769E-01  -7.2417609207057953E-01  -5.4214943540335962E-02   1.7971351281125905E-02
   5.2424037506857255E-01   8.0803765905753195E-01   2.6878833808925945E-01   2.2251285373346765E-02
  -9.7299986803532174E-01   1.0827710069582230E-01   2.0383161253385928E-01   1.9520777513351854E-02
   5.6718091711028009E-01  -1.0927026207068337E-01   8.1631232815200451E-01   1.9120582309857352E-02
  -1.8463398889453975E-01   5.6195362359510721E-01  -8.0629920939637518E-01   1.8847145698410152E-02
   5.1123287984109344E-02  -5.0861541164415138E-01  -8.5947470728564443E-01   1.8458142501616020E-02
  -4.8555546168596404E-01   8.7289005199222220E-01  -4.7946332080210662E-02   1.9791549241727299E-02
  -5.4928114999147537E-01  -4.2100295394585547E-02   8.3457640955860430E-01   1.7871071138628482E-02
  -4.6192606220632894E-01  -3.7701910907504929E-01  -8.0279568038624304E-01   1.6800056039749346E-02
  -7.5889682198406926E-01  -2.6986341552593939E-01   5.9266293164256023E-01   1.9081403740595918E-02
  -9.0507170939340380E-01  -2.1263515377184099E-01   3.6828181089503653E-01   1.5674159566717889E-02
  -4.7882829714518013E-01  -8.7029038381485825E-01  -1.1540411471188407E-01   1.7653334640640037E-02
   4.1346086288866104E-01  -6.7506707649966966E-01   6.1101109407731115E-01   2.0914138053983566E-02
  -2.5002079119017683E-01   7.3937846215609503E-01   6.2514725759002249E-01   1.6668279041031515E-02
   5.3843537440090605E-01  -2.4390101752254498E-01   8.0659757081534984E-01   1.5324888863701248E-02
  -4.6790026630368020E-02  -7.6932867455999289E-01  -6.3713741367753149E-01   1.7943083190273208E-02
  -4.6141409642889392E-01   3.0224155520308935E-01  -8.3411454484688434E-01   1.8189926784466130E-02
   8.0690817682413911E-01   5.8329877043717122E-01   9.3068461794680672E-02   1.8950602695115374E-02
   4.5192706793244639E-01  -6.5443920779774424E-01  -6.0619406840305121E-01   1.9247880494973575E-02
  -7.7861321061190844E-01   1.2443725409445636E-01  -6.1504214331543778E-01   1.7541661504050658E-02
  -6.8098601977763166E-01  -7.3210194291697892E-01   1.6875605014450512E-02   1.9630682173936641E-02
   6.4536561748820382E-01  -2.1744631733028776E-01   7.3227065955394197E-01   1.8965344726239631E-02
  -7.6731981203171173E-01  -3.0834580963424396E-01  -5.6226610047611895E-01   1.9272625826736501E-02
   2.2019852056713422E-01   7.4755883664591937E-01   6.2663258556561274E-01   1.8484108282223058E-02
   1.1918022145919349E-01   9.1510162514497075E-02  -9.8864653186541247E-01   2.1036862517991630E-02
   1.2853603151803183E-01   8.6010203598802945E-01  -4.9366281639479590E-01   1.6454245657822799E-02
   6.2136331943197022E-01   7.8252330416548350E-01   3.9558863765501314E-02   1.9040924833294818E-02
  -3.3828102610824477E-01   5.4178962965603183E-01   7.6943482152313134E-01   1.8931454405655486E-02
  -5.7007403702131407E-01   6.5867295292660958E-01  -4.9108607534439610E-01   1.6090923826639851E-02
  -6.9626213508906555E-01  -2.4721306918773273E-01  -6.7387293881264964E-01   2.0747349117888949E-02
  -6.7372333697442492E-01  -6.6977003239741828E-01   3.1225785645585761E-01   1.7570724492655916E-02
  -7.1401405722908855E-01  -1.0198293451474558E-01  -6.9266399296268961E-01   1.8905864836808568E-02
   1.7395857598342381E-01  -7.5263546017022777E-01   6.3504194974518712E-01   1.9113777220211574E-02
   1.5852485042042347E-01  -6.5132538189722977E-01   7.4205466018050874E-01   1.9401640318433647E-02
   1.0984145255143240E-01   7.4715517922424536E-02   9.9113694648266204E-01   1.8791053089371217E-02
   4.8735806713051488E-02   9.6802702935079611E-01   2.4606603095571939E-01   1.7081770070468298E-02
  -2.0256899412799711E-02  -6.2256025060514339E-01  -7.8230965249870259E-01   1.8999195361768922E-02
   8.6520082834773059E-02  -1.6420503847048082E-01  -9.8262453694540514E-01   1.9476032879836971E-02
   6.1186834057139147E-01  -2.5867527314764084E-02  -7.9053652972967132E-01   1.7309302466788782E-02
   8.1315965030428909E-01   5.3350442802902158E-01   2.3268951070134873E-01   1.7864770924394990E-02
  -1.8469750653854807E-01   9.6750033035837326E-01   1.7271346743922895E-01   1.8102636767727485E-02
  -1.5698004545234248E-01  -7.0953896378028353E-01  -6.8695831329665253E-01   2.0171914044598917E-02
   5.8639829447987512E-01  -3.4485074196686489E-01   7.3294952486238527E-01   1.7897771285613480E-02
   4.3560737660048634E-01   3.1391512325521686E-01  -8.4362521823550533E-01   1.8999314581237749E-02
  -4.3255483809418997E-01  -7.7963252207287947E-01   4.5284593690082983E-01   1.9699617769409346E-02
   5.7897338155518971E-01  -7.3550759771922145E-01  -3.5187838403040427E-01   1.6045637194260535E-02
  -4.7465572652214298E-01  -8.1469221092792345E-01   3.3313442141740372E-01   1.6065756648176073E-02
   8.0810263520505802E-01  -1.1039789954520824E-01   5.7860386686458191E-01   1.8946976631160246E-02
   4.7125328728392803E-01   7.1178061080060235E-01  -5.2085381952368647E-01   1.6963710581654671E-02
  -7.8736999914925487E-01  -1.5845584543400173E-01  -5.9576860397934527E-01   1.6258028167317119E-02
  -4.0278208180558152E-01   4.3558494954971553E-01  -8.0500456290764805E-01   1.8384414884102429E-02
  -2.6338798510906080E-01   4.4378886398203452E-01  -8.5655018154555566E-01   1.8544709448831317E-02
   2.0113472442527537E-01   3.5901487053099501E-01  -9.1140174751202955E-01   1.9823825369267922E-02
  -5.4443079625653378E-01  -4.4791597139725141E-01  -7.0920123424507188E-01   2.0910925665806376E-02
   7.4127725141642786E-01   5.8188546956721918E-01   3.3454048609853299E-01   1.7360381108316498E-02
  -5.1974503029902221E-02   9.7173249459542105E-01  -2.3029244447474770E-01   1.5767498587186549E-02
  -2.9394977254127834E-01  -7.2949044829379960E-01  -6.1760603710702337E-01   1.7991521968667716E-02
   2.2086021649752640E-02  -9.9825136997674199E-01   5.4830739437331192E-02   2.1114708462568287E-02
  -8.4690614883608326E-01  -2.2109880742495926E-01  -4.8359620802782830E-01   1.9847701859955366E-02
   9.6416803060368376E-01   1.6235690073616102E-01  -2.0981002250884466E-01   1.8609021125106119E-02
  -2.6526284596113387E-03  -9.7928116920882342E-01   2.0248791370167040E-01   2.0943252040502522E-02
  -8.3266374528690807E-01   4.3665612689950510E-01  -3.4059141816244054E-01   2.0960597685816071E-02
  -5.3414454997231564E-01  -6.5958394257944377E-01   5.2880868225307109E-01   1.8493141558691053E-02
  -2.3064419676052723E-01   8.8344115171043853E-01  -4.0784186391936909E-01   1.7907998626049296E-02
  -3.8210762393389718E-01   8.7047327411533377E-01   3.1027414133717674E-01   1.7143124797465478E-02
  -8.1044994973979882E-01   5.4107672379908846E-01  -2.2451471651008287E-01   1.9978620902226907E-02
   4.2066401141785334E-01   1.7122761904580521E-01  -8.9091127053918501E-01   1.8893303377825262E-02
  -4.6032134918605054E-01   7.0732155687431310E-01  -5.3647038190792226E-01   1.5924253033435156E-02
   7.1262828819241210E-01   5.2275458763014910E-01   4.6785528102136995E-01   1.8783238420132015E-02
  -6.8161120605841896E-01  -7.1317353870299502E-01   1.6367549440718103E-01   1.8734969943569590E-02
   7.4207498734267405E-01   1.3978950712794464E-01  -6.5557883344209368E-01   1.7434879282490438E-02
  -8.9927945383138698E-01  -4.3394498783094768E-01   5.4664535606926101E-02   1.2801519194292339E-02
   5.2220654929905325E-01  -8.1044009317241556E-01  -2.6549420944318491E-01   1.8615968896902048E-02
  -5.9522782970089602E-01   4.7797746705660664E-01  -6.4594223560293029E-01   1.9191513220841009E-02
   7.5952551846698712E-01  -5.7626353279324877E-01   3.0173055458487878E-01   1.6799589582259430E-02
  -4.6075072925768747E-01  -6.1189664050595862E-01   6.4287733419839190E-01   1.8524524768555458E-02
   7.7055283133645176E-01   3.9706853289258340E-01   4.9858290615093192E-01   1.8649067260114126E-02
   1.9187952211197758E-01  -7.0728277272326227E-01  -6.8039204022605472E-01   1.7574320410141883E-02
   9.1384550579016536E-01  -3.6216382721035129E-01   1.8364028372736607E-01   1.8568176144026136E-02
   6.9409501218609896E-01  -8.1244118209814182E-02   7.1528421436145839E-01   2.2769230505529822E-02
  -2.2928257798302311E-02  -4.9233446611330489E-01   8.7010405611700356E-01   1.9545416750330792E-02
   8.1562006516960199E-01   2.6570165703728982E-01   5.1397134038813172E-01   1.7611338002964000E-02
   2.8151190220759044E-01  -8.3601060444009327E-01  -4.7099609146910550E-01   1.7129307801181901E-02
  -6.0260987418435316E-01  -1.6651505891260720E-01   7.8047041884420504E-01   2.1047728670378940E-02
   9.4341333869924994E-01   2.9809132043282300E-01  -1.4530257068252591E-01   2.1389150384203161E-02
   5.3876570194429937E-01   3.5922095412730299E-01  -7.6203138027533778E-01   1.9590781541938111E-02
  -1.3234370457898161E-01  -9.7541290004220098E-01  -1.7622377333826051E-01   1.7000361499392120E-02
  -3.5351604304170209E-02   6.5403818867307403E-01   7.5563503877888411E-01   1.9978856420991061E-02
  -2.4467091091429695E-01  -9.1596942593551204E-01   3.1801911279628507E-01   1.3114551069455344E-02
  -8.4424464701001902E-01  -2.3640688437012431E-01   4.8100183057587111E-01   1.8413412566383920E-02
   4.3690613289429673E-01   7.8885093499587615E-01   4.3223515983256532E-01   1.8239196341709982E-02
  -7.1101061817974215E-01  -4.9490961357846439E-01   4.9952815258329117E-01   1.8141695099467277E-02
  -2.8311453210319431E-01  -3.1015400458548523E-01   9.0755201236710174E-01   1.6983291146800443E-02
   9.3205708808186127E-01  -1.3666380776787891E-01   3.3554819058183849E-01   1.8375902798842464E-02
  -7.7764443850127662E-01   6.2850503573466864E-01   1.5828686748974172E-02   1.8570553242420702E-02
  -9.9680567818363403E-01   2.9847919913821403E-02  -7.4077942855370126E-02   2.0647475736934026E-02
  -5.8362989229474475E-01   2.5777606209165693E-01  -7.7001795474686360E-01   1.8001992879387675E-02
   3.8040103388107255E-01  -1.1712640747479721E-01  -9.1737476425627644E-01   1.7860015533732671E-02
   2.0298510125022510E-01   8.4105084272058334E-01   5.0142848805131956E-01   1.9405207110505216E-02
  -3.1861647318886738E-01   8.9741117855340011E-01  -3.0518309196298085E-01   1.9220035134645641E-02
  -6.2748010567843781E-01  -3.6703032538876341E-02  -7.7776706305951703E-01   1.8437860617197301E-02
  -3.5146154483078411E-02   1.2818453594486558E-01   9.9112737454358050E-01   1.9414490295107295E-02
   3.2645443227298476E-01  -4.7964522894083430E-01  -8.1447403764860286E-01   1.8527570304752705E-02
   3.5274872760203268E-01   1.9292666516001874E-01   9.1561325735562668E-01   1.9409221491732754E-02
  -4.1635446415551715E-01  -7.0978222159139301E-01   5.6820608769227280E-01   1.5137502409671284E-02
  -9.1002607287308006E-01  -4.0732772208958598E-01  -7.7049811865497277E-02   2.1299887107925781E-02
   6.5147251533382437E-01  -2.7365958692169196E-01  -7.0759733765077790E-01   1.8217959099584943E-02
   2.6908342435983700E-01   6.8470246525800355E-01  -6.7733052847512809E-01   1.7565157670190229E-02
   9.4488648225942597E-01   1.1902999069083866E-01   3.0499409331911060E-01   1.5811629569098879E-02
  -7.6332150272730157E-01   4.2175583216322820E-01   4.8934885461236845E-01   1.7203811738335856E-02
  -8.5403765492491814E-01  -4.0318452472443242E-01  -3.2872773383619442E-01   1.6149145467563199E-02
  -2.9249118595836947E-01   9.3876864104692430E-01  -1.8210531217835981E-01   1.5468108313918936E-02
   8.8554023117940303E-01  -4.5554796944959541E-01   9.1074400865885341E-02   1.5603994470525521E-02
  -7.6776901277631672E-01  -6.3464693273815893E-01   8.8056878132981317E-02   1.7768347095466651E-02
  -2.5155446592900383E-01  -5.4010029048750087E-01   8.0312640778802109E-01   1.6710229112093273E-02
  -6.4102344647065869E-01  -6.1495380821955434E-01   4.5926109657921836E-01   1.8018432998782596E-02
   9.2670007449213809E-01   1.4894513141648689E-01  -3.4502510019358174E-01   1.6262384447492179E-02
  -1.5014521234767892E-01   6.9522246013374422E-01   7.0293822355499706E-01   1.7708694939627886E-02
  -5.9163193546377108E-01   7.7806871334701552E-01   2.1114149343488102E-01   1.7944033097477496E-02
   8.7808426911353638E-01   4.5917136741701547E-01   1.3464646924347838E-01   1.8918324772465989E-02
  -3.6716789383442591E-01  -9.1660925214650781E-01  -1.5816199485531114E-01   1.5619159310357167E-02
   8.8258785713641376E-01   3.9395177362148805E-01   2.5659437736598418E-01   1.8408174042738554E-02
  -8.0083607714444795E-01  -1.4158288710152366E-02  -5.9871622694285777E-01   2.0135200271040551E-02
   2.2973594106000088E-01   2.7742422362442087E-01   9.3287576746942200E-01   1.8407235517492852E-02
  -4.8034408041375700E-01  -8.5342170171168305E-01   2.0233873445041892E-01   1.8475573824992423E-02
  -5.0709439294571803E-01   7.5667399229765051E-01  -4.1267389791862161E-01   2.0794262205925990E-02
  -1.8569373792659373E-01   3.4129951227170836E-01  -9.2142958418858214E-01   1.8499760076330431E-02
  -6.0740072980357409E-01   3.1601108867729705E-01   7.2883560921999084E-01   2.1001255932836850E-02
  -8.2329399937088858E-01   1.3263801710929796E-01   5.5190048651654670E-01   2.0497863838128607E-02
  -3.8839279367005442E-01   6.5012893026753024E-01  -6.5305697443206849E-01   2.1571339717940873E-02
   3.1960359339859989E-01  -2.3246967581940936E-01   9.1859207100383848E-01   1.7010611920904452E-02
  -5.2668984289990570E-01   5.9448542449584786E-01  -6.0760586686442072E-01   1.9253935029530083E-02
  -2.5150183482499945E-01  -5.1911275572633410E-01  -8.1686521159972897E-01   1.8064346782625349E-02
   8.6046343444369810E-01  -5.3826967271396375E-02  -5.0666096709705152E-01   1.5882531982506109E-02
  -3.2377842535040479E-01  -4.3532552024886577E-01   8.4003525086609727E-01   1.8480095336365586E-02
  -7.1024748163206936E-01  -6.1301898877333451E-01  -3.4605813707904879E-01   1.7799163619069147E-02
   4.5803896496915106E-01   5.4316613315853530E-01  -7.0368377724628059E-01   1.5526928094636359E-02
  -4.2537876434956638E-01  -8.6416452975959625E-01  -2.6883558608527242E-01   2.1691377741406392E-02
  -8.0380294961239844E-01   4.7587147867486825E-01   3.5699741452593509E-01   1.9800924076696585E-02
  -8.2441303015462672E-01  -3.4978003625778582E-01  -4.4496863029518012E-01   1.7197730420576647E-02
  -8.4262114917625581E-01   4.9468751316458074E-01   2.1277655716720498E-01   1.8931238479844465E-02
   1.7432594054824184E-01   2.1981203829413202E-01  -9.5984016079394702E-01   1.7389448896883800E-02
  -3.8699218703622761E-01   2.0815493693783535E-01  -8.9828089671400839E-01   1.5015746021543403E-02
  -2.8864638447410042E-01  -8.8628291684181483E-01  -3.6219588076674020E-01   1.7332764742570914E-02
   5.6086013577993192E-01   5.1473648464562904E-01   6.4844603435257166E-01   1.5972928402903314E-02
  -9.9665167582725615E-01  -7.7507509773831557E-02   2.6038874771799358E-02   1.7794675062992610E-02
  -2.2075477936253427E-01   8.9417982068942141E-02   9.7122178305025528E-01   1.9142922863540597E-02
  -7.1300488759043165E-01   6.4769086458753193E-01  -2.6855274007541094E-01   1.9185338857724097E-02
   4.0289886009479705E-01  -5.6119574849703246E-01   7.2300196431487560E-01   1.9052075806244468E-02
   4.9151444987884538E-01  -8.5839170731226062E-01  -1.4689187308302096E-01   1.7639316014781501E-02
   9.6407969264523316E-01  -8.9670467412188337E-02  -2.5001910627620533E-01   1.9030260048831470E-02
  -2.2610449124260374E-01   9.2640874207847669E-01   3.0107075852778848E-01   1.9608386724701016E-02
  -1.5891286422620196E-01  -8.7492892586307675E-01  -4.5743423163500533E-01   2.0080743087494168E-02
  -7.5749816888352139E-01  -3.8709759445394675E-02   6.5168863628407072E-01   1.6586677720119993E-02
  -7.2384698795752173E-02  -6.9122413380890455E-01   7.1900601681792473E-01   1.7052294487006607E-02
   3.3993225153295081E-01   9.1998743995741758E-01  -1.9511323555396128E-01   2.2204168050780204E-02
   2.7502620466613270E-01   9.5328695838400374E-01   1.2491822013588376E-01   2.1642031201153404E-02
  -6.5691643705419489E-01   5.5455487647376795E-01  -5.1081276776054256E-01   2.0962174183541271E-02
   4.1331681513086442E-01  -9.0230609533151326E-01   1.2252722414907211E-01   2.0173461848342091E-02
  -1.1902320208118801E-01  -5.7928583008382892E-01   8.0638787467969148E-01   1.8370590708530233E-02
  -5.3851951926599816E-01   2.1275979597406529E-01   8.1530975499290594E-01   1.7707451610569043E-02
  -4.1102193492421221E-01  -5.9705379599312173E-02   9.0966820141085431E-01   1.9404465285064967E-02
   5.0567621832784981E-01  -4.5986138652669392E-01   7.2994456460706071E-01   1.9771828253374730E-02
   2.1451784285319188E-01   5.3987489697155339E-01   8.1395158991033849E-01   1.9026958384521687E-02
  -4.8291986335542160E-01   4.7677030234701032E-01   7.3449199068248631E-01   2.2100796779451750E-02
   2.4124757573761828E-02   9.9970003012878727E-01   4.2244328032521822E-03   1.7506451777980425E-02
   5.9100819160715918E-01   5.9997214276843271E-01   5.3920566146424224E-01   2.1133450669542379E-02
  -3.0946504087114048E-01  -7.8393275140899474E-01   5.3822005699058319E-01   1.8664389064749101E-02
   3.2543488167663108E-01  -9.4550923115476308E-01   1.0219177522956019E-02   1.8266386438948167E-02
   8.9224400011610729E-01   4.3570045516422508E-01  -1.1859914682026588E-01   1.8505605443922663E-02
  -3.6856892551698012E-01  -8.8718755870806766E-01   2.7758815323582846E-01   2.1352692840890212E-02
   2.9553938799956398E-01   9.5500310670034700E-01  -2.5010724370338550E-02   1.6749215891146580E-02
  -4.1551438416868453E-01  -5.6659248403237825E-02  -9.0782020583334617E-01   1.7941925436349350E-02
   2.3732980783291437E-01   1.2856689085712213E-01   9.6288375045450038E-01   1.8178993831270787E-02
  -6.8840481575681984E-01   1.9704129358811375E-01  -6.9804981073268805E-01   1.9480590464622816E-02
   5.7907023981583964E-01  -5.9781021729837959E-01  -5.5434700454975862E-01   1.8268279538785208E-02
  -1.2496523207453598E-01  -9.5537769168581654E-01   2.6765118531708087E-01   1.8949015227279165E-02
  -4.9838555552332284E-01  -2.4117243070140297E-01  -8.3273506994438868E-01   1.9072713257315088E-02
  -7.5396093920362119E-01   2.6655316493554521E-01  -6.0041012018289414E-01   1.8632708814946708E-02
  -5.9071355053617047E-01  -7.6551607492384992E-01   2.5503458637238569E-01   1.9036123545554659E-02
  -7.7261165951186141E-01  -4.8863946406505940E-01  -4.0534269173692907E-01   1.9108909556975701E-02
  -4.8041117639166301E-01  -8.7524155330079267E-01   5.6190078960561731E-02   1.9593979580997283E-02
   9.1797790757490922E-01  -7.8371704239630624E-02  -3.8881157027404338E-01   1.8028522149265398E-02
   1.1073762708972736E-01   2.1115380688144163E-01   9.7115974370131894E-01   1.9017949598416972E-02
  -5.2500878142041704E-01  -2.8690108548047179E-01   8.0128243870783517E-01   1.7113402428051108E-02
   3.1717205073112939E-01   3.9874439276575103E-01  -8.6046777945073706E-01   1.7228742102940744E-02
   8.5971975340911050E-01   3.3604861910070042E-01   3.8464694357123230E-01   1.8043104866542137E-02
  -5.1975559499617460E-01   7.2507326065396702E-01   4.5179961061824398E-01   1.7558285844378122E-02
  -1.6602342120394255E-01  -7.9850169086705014E-01  -5.7864606910805163E-01   1.7016332917830830E-02
   6.6703497158064264E-01   4.5887522169331500E-01   5.8693941561657139E-01   1.8946909272992504E-02
   2.2801117983333201E-01   4.1418090549309791E-01   8.8117255937525058E-01   1.8216943720047582E-02
   7.4741433037479172E-01  -5.5006855969266954E-01  -3.7255388655607064E-01   1.7209698977468354E-02
   8.6346827104487751E-01   5.0433785789632388E-01  -8.1160329790685796E-03   1.6131577360775965E-02
   4.5290874102883531E-01  -3.5069954053346559E-01   8.1968500325996664E-01   2.0136446620932502E-02
  -1.7511514950237813E-01   3.4344737907776967E-01   9.2270178401224018E-01   2.2212234146002609E-02
   6.4445599631124173E-01   2.3562023133163916E-01  -7.2743355394545119E-01   1.9257350519230922E-02
   2.0782367766266189E-01   6.5330583031596667E-01   7.2801154597844899E-01   1.9463058756465322E-02
   7.2738681312914046E-01   3.1739696647793369E-01   6.0841399536535831E-01   1.9112538259321624E-02
  -9.3425882980574783E-02  -5.1793343340272155E-01  -8.5030380626748254E-01   1.8477434744146252E-02
  -5.6433634971271562E-02   8.6185135084452717E-02  -9.9467952996651334E-01   1.7190406781088174E-02
   8.4007183468111357E-01  -4.9879854901485902E-01   2.1325881007869025E-01   2.1019331756254402E-02
  -4.1183050789165722E-01   2.0423359950977633E-01   8.8807897711914112E-01   2.0136280994817092E-02
  -4.7115548411886214E-01   8.5682348482026391E-01   2.0944217733107124E-01   1.9254616545474975E-02
   9.0946701368316666E-01   4.3468663095397515E-02   4.1349755301684822E-01   2.0181521275352678E-02
   2.0504700449022039E-01   9.6962140293527951E-01  -1.3337938716086443E-01   1.9525983411559584E-02
   2.7663590105333857E-01   1.2496319019174608E-01  -9.5281518635331838E-01   2.0952200868137289E-02
   5.8937206884628059E-01   6.5244213242225255E-01  -4.7640301038528169E-01   1.9682315115002291E-02
   4.5601706751299850E-01   5.0714316920825890E-01   7.3133729568664058E-01   1.9422053469333899E-02
   6.4265574271489800E-01   7.0171607243693134E-01  -3.0755186560846956E-01   2.0426310396969760E-02
  -2.6010277573586431E-01  -2.8474605977432849E-01  -9.2264089845263921E-01   1.6838898367432824E-02
   3.5832552838704563E-01  -9.2572331861473191E-01  -1.2099236785463876E-01   1.9232583139804530E-02
   8.5794636840532589E-02   6.0178037582409000E-01   7.9404008687371572E-01   1.7498047062772100E-02
  -1.2472874260423525E-01  -3.2313678940054253E-02  -9.9166454354369530E-01   1.8815475008163772E-02
   3.0651969153439546E-01   8.5672149357530607E-01   4.1481798556445887E-01   1.8666641925874841E-02
  -9.5303557390824664E-01  -1.3025483097529753E-01   2.7341703288744820E-01   1.8917579090210935E-02
  -2.8316735370524073E-01   9.5681133742305366E-01   6.5789926085066010E-02   1.9296121220197576E-02
   2.3252792025307087E-01  -9.3550687094044455E-01   2.6600312164709634E-01   1.8496663014938532E-02
   1.6899662702340432E-01  -2.7478026013381322E-01  -9.4653893142094602E-01   1.8026771195155987E-02
  -1.0017994762219311E-01   7.9003730202374908E-01  -6.0481818714837789E-01   1.7951422013323902E-02
  -1.8257473287610155E-01  -8.2991137491773123E-01   5.2717509112000096E-01   1.7695726084532125E-02
  -9.8544094267948025E-01  -1.2172211833393020E-01  -1.1870077674252161E-01   1.8104981846904404E-02
  -4.2105504160008138E-01   6.1289596798299603E-01   6.6863381934609034E-01   1.9296756632897846E-02
  -6.7661863073488994E-01  -7.2605592141014483E-01  -1.2259701271934888E-01   1.7544949042956705E-02
   8.2368980087117389E-02   8.1059897308020740E-01   5.7977983404109645E-01   1.9656034925079987E-02
  -2.9850650928319698E-02   2.6731412683716886E-01   9.6314697540533114E-01   1.8287969304234060E-02
   9.6392559499536929E-01  -2.3417233373217181E-01   1.2653365333875263E-01   2.0089248172981482E-02
   6.0221238982539890E-01   3.9272567967820215E-01   6.9505883064822358E-01   2.1121891253308642E-02
  -4.9742807826872841E-02   3.3855676051237102E-01  -9.3963023204921825E-01   1.9276545473772099E-02
   3.2370005436402959E-01   7.8018112741360194E-01   5.3529027941142857E-01   1.7141848386179542E-02
   7.1109005753940994E-01  -3.8100421015008073E-01  -5.9092023312500625E-01   2.0884991202287728E-02
  -9.9627592659878221E-01   4.8808898351031135E-02   7.1077208171794374E-02   1.8559213856661978E-02
   2.0475880343892787E-01  -1.6507543224834799E-01   9.6479217144537372E-01   1.8060745151410957E-02
   9.6431390159817382E-01   2.6464524536355069E-01   7.8481393319446164E-03   1.8737278454516966E-02
  -2.6792315078386250E-02   5.4190255660547954E-01   8.4001416118847984E-01   1.8781472038488185E-02
   4.2768845131548784E-01   4.4437021235841136E-01  -7.8715799111734874E-01   1.8159454653901915E-02
   1.1773317087632140E-02   6.5223851336452494E-01  -7.5792236455245767E-01   1.6102094250746940E-02
  -5.1598641698306293E-01   2.2280883893328593E-02  -8.5630694245808420E-01   1.7360592601185842E-02
   1.1242471852642030E-01  -3.9606820319361229E-01  -9.1131260338219775E-01   1.9485025745749783E-02
   6.6125827095804794E-01   2.5109168585646690E-01   7.0688787256772922E-01   1.6096231191905678E-02
  -3.5399343753900049E-01   6.9189842361260511E-02   9.3268505503913026E-01   1.8093214045365538E-02
   3.2477808913888530E-01  -6.8774588903428419E-01  -6.4924940117934371E-01   1.7947862041709498E-02
  -5.7170138457027608E-02  -2.4797463279383018E-01   9.6707815442164211E-01   1.4840254163417982E-02
   2.6072340668884494E-01  -9.3418586958126361E-01  -2.4355711091910539E-01   2.2104386274900540E-02
   2.3791043704618872E-01  -1.4996737784932783E-01  -9.5963972902620504E-01   1.8655116462059417E-02
  -4.0285393815681960E-02   8.5939976771037063E-01   5.0971474993811636E-01   1.7369602003581574E-02
  -4.7791151693977678E-01  -1.6839422209380005E-01   8.6211598288266610E-01   1.7956020820963085E-02
   4.8738363328791409E-01   8.5641568826417184E-01  -1.7032135185606289E-01   1.8605264829470884E-02
   8.1892856764861576E-01   5.4246546517362297E-01  -1.8731583003833801E-01   2.0983669055032154E-02
  -7.3149278029781195E-01   8.7546627377566874E-02   6.7620551639792942E-01   2.0704576050887606E-02
  -8.6392272123945730E-01   6.3604948103214455E-02  -4.9959177565588328E-01   1.8229269697652036E-02
   5.2411549099278884E-01   7.5270694541866660E-01  -3.9841587119477100E-01   1.9972496571005533E-02
  -9.4950864455575469E-01  -9.8870986173005501E-05   3.1374085506739741E-01   1.8208532906548551E-02
   6.3169531508217415E-01   7.1006819333628836E-01   3.1106942909159718E-01   1.8116186457670590E-02
   4.1471169648844865E-01   8.8894364543232047E-01   1.9440525723644931E-01   1.7446028120035439E-02
  -5.6748698122386800E-01  -8.0116751275213289E-01  -1.8997142588290081E-01   1.9631046063702136E-02
   8.3279983258785197E-02   8.8293693973349274E-01   4.6204632326474710E-01   1.4177825461248203E-02
  -8.9792575261432698E-01  -3.8907253639973342E-01  -2.0579578278349819E-01   1.7610905951783182E-02
  -3.8978339434536636E-02  -3.7302485522284403E-01   9.2700223648106820E-01   1.6947104349165725E-02
   8.6645339718413705E-01  -3.1869796969890975E-01  -3.8430471584129790E-01   1.8068804763009820E-02
   1.8339102401531574E-02   1.9739090407131204E-01  -9.8015330857627382E-01   1.9564427519458099E-02
   8.1122574175478252E-01   4.6707143263689978E-02  -5.8286468299473090E-01   1.8527662963723001E-02
  -3.0794652603654877E-01  -8.5544188777564897E-01   4.1639898383744311E-01   2.0769527738586668E-02
   7.5579294493920770E-01  -2.4589158187754929E-01  -6.0688907910908760E-01   1.9095396058511369E-02
   5.4958949371941532E-01   7.2142199078604871E-01   4.2130950571228611E-01   1.8456416256418822E-02
   8.4543380230381348E-01   3.8000249630258359E-01  -3.7528627569619614E-01   1.9006169846739597E-02
   6.2668588877953350E-01  -4.4365840967790086E-01   6.4064967987714007E-01   1.8033808943124466E-02
  -7.8170604999341977E-01  -3.6747386241776109E-01   5.0388353003790218E-01   1.8650257818144069E-02
  -8.9428647741196858E-01  -9.5358750925715991E-02   4.3721665675038021E-01   2.1989074816284053E-02
   6.1684972406113232E-01  -7.6133280628937125E-01   1.9967167048245855E-01   1.9707187496822049E-02
  -3.8154205497979196E-01  -5.4766468955512070E-01   7.4464021385921039E-01   2.1835242096693572E-02
   9.5019740209085199E-02   3.4162782832852673E-01   9.3501961256549730E-01   1.8329181231369327E-02
   9.8434074793528356E-01   1.5838112812722031E-01  -7.7386757312575076E-02   1.8747043917186152E-02
   7.2390467435679504E-02  -8.2789597405715618E-01   5.5619050366254612E-01   1.8867823436107627E-02
   5.5683875602509171E-01  -7.6125540544385756E-01   3.3229626460575256E-01   1.8079238294587529E-02
  -2.6183010416176069E-01   6.4358841383850879E-01  -7.1919326340523648E-01   1.6828086589789606E-02
  -6.5039305927006898E-01   1.8044367693832787E-01   7.3785428636438563E-01   1.6275969033933598E-02
  -1.3693051551771842E-01   4.7358331091942131E-01   8.7003958619056547E-01   1.5658616269282099E-02
   2.9228266009121046E-01   9.1639394428228122E-01   2.7348306253362233E-01   1.7987816927918252E-02
   8.0850295180406543E-01   4.6031989631385759E-01   3.6664501903300501E-01   1.9548790920536788E-02
