400
   0.0000000000000000E+00   0.0000000000000000E+00   1.0000000000000000E+00   3.3424204565205068E-02
   9.7720482519538549E-01   0.0000000000000000E+00   2.1229868020045747E-01   3.4100357728103549E-02
   6.0300203626694344E-01  -3.7440026653505853E-01   7.0442386719673057E-01   3.2477876330487194E-02
   4.2226925019872814E-01  -7.8919757523306355E-01  -4.4593258188077822E-01   3.0527516826198133E-02
   8.4040808597671041E-01   5.0997555610362823E-01   1.8340987214912122E-01   3.2498159255563074E-02
   4.1045910009548798E-01   6.2706603647451739E-01   6.6205098976509448E-01   3.1229985980293513E-02
   8.1166640975341390E-02   7.1324787916035887E-01   6.9619640854146176E-01   2.8863804023589704E-02
  -7.2678147026758139E-01   6.0459608742430370E-01   3.2596359543193837E-01   3.2169846065979799E-02
   4.7283763323036511E-02  -5.7808959014645893E-01  -8.1460215534352116E-01   3.1052652644248164E-02
   7.7733412507612786E-01   2.4873919871340590E-01   5.7782390831077892E-01   3.1404514457272063E-02
   1.1485206367895004E-01   5.7557460776206710E-01   8.0964367123335740E-01   2.9901019206576142E-02
  -9.5883661563095579E-01  -3.7482016780491331E-02  -2.8147369849320167E-01   3.0350577813127053E-02
  -1.9021874301951811E-01  -7.2989016644547906E-01  -6.5656467673052993E-01   2.6657926389719635E-02
   1.7610877241119807E-01   4.2911537538749104E-01   8.8591517364015928E-01   3.0924698314384064E-02
   7.9502874918415402E-01   6.0457456559186741E-01   4.9182137103670839E-02   2.4423062563338100E-02
  -8.7042916891564665E-01  -3.3179432977615030E-01  -3.6368335764674708E-01   3.0032785022721046E-02
   3.8983776947770802E-01  -8.6826473182148742E-01   3.0682709946092727E-01   2.9038693991291113E-02
   7.6233506219267095E-01  -2.5071547306154604E-01  -5.9664646527003037E-01   2.6925034945325747E-02
  -8.4527592738942693E-01   2.4311035342745648E-01   4.7582135579681734E-01   3.2599682798824538E-02
  -5.6103686198897122E-01  -3.6533409675574759E-01  -7.4281130661644487E-01   3.2698659039614925E-02
  -2.3833057728802757E-01   6.3566191532278697E-01   7.3425640299402328E-01   3.0128472896128339E-02
  -4.8683746584332237E-01   6.2073853042780067E-01  -6.1455102204258533E-01   3.8040142910286824E-02
  -6.1378042328806303E-01  -7.8136490757175920E-01  -1.1288256377183398E-01   3.1178757126020024E-02
  -8.0227513280613198E-01   4.3102672269816650E-01   4.1300190750283594E-01   3.2448025725673499E-02
  -7.4334132729749891E-01  -6.6215775454510090E-01  -9.4819719612444153E-02   3.0634350724280969E-02
   7.1382691061939240E-01  -6.9800405602286641E-01  -5.6933992053965685E-02   3.5868983231156210E-02
   7.7045450164646176E-01  -3.9731296425848100E-01  -4.9854013812815631E-01   3.1503609989564513E-02
   9.4037274238866785E-01  -3.3863741199285279E-01  -3.1997008785178184E-02   3.5502353487004407E-02
  -8.5763369946874359E-01   5.1326997909351321E-01   3.1911848848057013E-02   3.2999387993364535E-02
  -1.0188051681687557E-01  -9.1514530747343538E-01  -3.9003772446069579E-01   2.5526103944399971E-02
  -4.2996395101125788E-01   7.4647585632659314E-01   5.0784327971557141E-01   3.0829235417371507E-02
   3.5468136666602285E-01   7.7927998544075816E-01   5.1664671917217663E-01   3.7986955829875665E-02
  -6.9030565217602548E-02   1.6841365330061330E-01   9.8329630450219802E-01   3.3005968760912920E-02
  -6.8275302004402114E-01  -4.9003382070638794E-01   5.4195495032767055E-01   3.2429478368831450E-02
   2.8328785445644664E-01   3.1050166586820560E-02  -9.5853214795978214E-01   2.3536941580424546E-02
  -1.3433804454448345E-01  -7.3057086258700918E-01   6.6949197495327599E-01   3.3538405223073990E-02
   3.4639754143991163E-01  -1.5354828398978286E-01   9.2543593390800289E-01   2.9982620657721099E-02
   7.8782221098040006E-01   5.3531717319603009E-01  -3.0458445128956528E-01   3.0213939743561573E-02
   7.8681090575902725E-02  -4.0688316475205628E-01  -9.1008536754918640E-01   3.3613548428525610E-02
  -4.6354221577274934E-01  -1.0846558320740435E-01   8.7941107080589304E-01   3.0193981650200583E-02
  -9.7473551568052680E-01   2.2216287974080088E-01  -2.3115564805819297E-02   3.2601720954352666E-02
  -7.6622799255288729E-01  -3.1213781190346541E-01   5.6166239842853045E-01   3.2341646098430993E-02
  -8.0933221079971158E-01  -5.3987453178347415E-01   2.3133711871125615E-01   3.2874182529381061E-02
   1.1373251938618094E-01   9.9155687397212446E-01  -6.2288680453996994E-02   3.3627652401500536E-02
  -8.0304477204307218E-01  -5.2747143849772148E-01  -2.7729582698525199E-01   3.7642147451773371E-02
   2.2192877791424292E-01  -5.3769206262493405E-01  -8.1340940695546084E-01   3.1093908192787864E-02
  -1.6274929865154859E-01  -9.5779833069710065E-01  -2.3692830878195345E-01   3.0376011642935867E-02
   6.6010068552790146E-01   6.3584696490479721E-01  -3.9995715043858396E-01   3.0894866476942524E-02
   2.0232999142640299E-01   8.8417985551441695E-01   4.2105647800728167E-01   3.0871904719585954E-02
   8.8652125122728140E-01   4.6268743285019340E-01   6.4078460733583346E-04   3.0783007167844931E-02
  -9.9803008136422786E-01   5.7724104792319863E-02   2.4574059860709707E-02   3.0096820585741315E-02
  -2.1177586505704848E-01   9.6972935877501580E-01   1.2155638078330404E-01   3.0601552101959708E-02
  -7.7499553476436666E-01   5.3416196497203527E-01  -3.3771721346787675E-01   3.0477989625412651E-02
   5.3647751805509349E-01   2.7121100108914957E-01   7.9914733654668967E-01   3.5284270614359680E-02
   8.0122654397226931E-01   5.8405076121032006E-01  -1.3007972003313521E-01   3.4269698673911457E-02
   4.0263178106145254E-01  -2.8411172457108406E-01  -8.7015411097145705E-01   2.8293406425685381E-02
  -3.2014345567760811E-01   2.2117869704731925E-01  -9.2118844530272383E-01   3.3482616201783619E-02
  -2.0511858833859126E-01   8.6906818963255307E-01  -4.5016313319371263E-01   3.3792570177862262E-02
   4.1983896152000426E-01   8.0153839131874899E-01  -4.2575985441555728E-01   3.2348169063974627E-02
  -8.6654347763811152E-02  -8.3448078438882760E-01  -5.4418089317747586E-01   3.4403909261450156E-02
   3.3706124059687252E-01   2.6918470916014887E-02   9.4109782488901814E-01   3.6396168605425307E-02
   1.6601003968384954E-01   8.0155182118603089E-01   5.7441739586952262E-01   3.0315195513783659E-02
  -1.6884950760035972E-01   3.3022163049198418E-01  -9.2867837195572260E-01   2.8124100843026141E-02
  -8.1342212250221042E-01  -4.1665924657556159E-01   4.0588116840657226E-01   3.0599403387538517E-02
  -6.4561256536558833E-01   7.5387706793684392E-01  -1.2187609232745839E-01   3.1991426205865729E-02
  -9.7677147843995317E-01   1.1651903629155835E-01  -1.7983546115245081E-01   3.3572039176637633E-02
  -7.0575139118836327E-01  -1.8444227506681796E-01   6.8402925449418185E-01   2.9980361115375014E-02
  -6.4023891107306010E-01   7.6567689046702556E-01   6.1911518740287174E-02   3.1078164119378217E-02
  -3.1338530938119935E-01  -3.0002069188571072E-01  -9.0098681028329679E-01   3.1292947190568209E-02
   7.6545324766718856E-01   5.4093514978503440E-01   3.4852616740037767E-01   3.1462361399024523E-02
  -4.8814550202082429E-01  -5.2593146774354551E-01  -6.9649842791922900E-01   2.5917692561685261E-02
  -8.9616519360971942E-01  -1.4504479242746361E-01  -4.1934467202067589E-01   3.6227516795928069E-02
   5.4630242678278762E-01  -8.0606525137471134E-01   2.2762352474526972E-01   3.2187287375402355E-02
   6.4427495934659892E-01   1.5130441860410983E-02   7.6464426139744681E-01   3.4633546413980420E-02
  -2.8911817364025402E-01  -1.2675821026519720E-01   9.4886407762191531E-01   3.3208487054704520E-02
  -3.3949876398130687E-01   4.0141842780986323E-01  -8.5064906693055419E-01   3.1694400184670126E-02
   3.2033611179201786E-01  -8.1917441577418959E-01   4.7574998898895080E-01   3.2822813376537598E-02
   1.9049126101043809E-01  -6.4551416805299703E-02   9.7956428786837754E-01   2.8770586875634727E-02
   1.3762033939500231E-01   1.2803553827898437E-01  -9.8217490454725790E-01   3.3439190927040516E-02
  -2.4438003126938907E-01   1.2648325355684597E-02  -9.6959704010607890E-01   3.2441124021523686E-02
  -8.4209145238981051E-01   4.8217814184309792E-01   2.4163241781838133E-01   3.1233851953577191E-02
   5.1912735729371686E-01   6.7277377335660615E-01  -5.2714536590276086E-01   3.2675270649828447E-02
   3.9409746332910566E-01   1.9242511215968002E-01   8.9869892934614021E-01   2.8035541934365992E-02
  -8.0542825790640808E-01  -5.8982558931292761E-01   5.8233113925894990E-02   2.9069420176103960E-02
   1.2730490856986356E-01  -9.8630614405958709E-01  -1.0485061012854302E-01   3.1620667340589956E-02
   5.8713310918273098E-01   3.4265164316433267E-01  -7.3339250305562995E-01   3.2225604251419430E-02
  -5.6117662181490155E-01  -2.5276710715576919E-01   7.8815581496841016E-01   3.3410192265665847E-02
  -8.5373163073689344E-01   5.6099017178635950E-02   5.1768253104669827E-01   3.1379775316947378E-02
  -3.9465793004107791E-01  -2.7360554989226857E-01   8.7714600912495797E-01   3.0695602306631557E-02
  -6.4549709486251893E-01   6.9904854253683250E-01  -3.0767618643824024E-01   3.2599841542992300E-02
  -6.3647562591190460E-01  -3.7852578930267464E-01   6.7202455643587626E-01   3.1024490121863887E-02
  -5.4457852151329486E-01   6.2380067875809066E-01   5.6063084742755577E-01   2.6380698157692368E-02
   8.6846161062271054E-01  -2.4087869562451942E-01   4.3330345586994525E-01   3.3119335633131732E-02
  -5.1781104202717918E-01   5.7222991654689439E-02   8.5357908478407225E-01   2.5508112659592017E-02
   7.8165017849438012E-01  -5.6713496247348285E-01   2.5957837506214764E-01   3.3773790080854357E-02
  -2.5986345906712857E-03   4.2484289285886749E-01  -9.0526336691902713E-01   3.3815574799460450E-02
  -4.5400037557974046E-01  -8.8333629117842722E-01  -1.1662184898463663E-01   3.0281904905174195E-02
  -1.7516338474765915E-01  -9.8245748219506960E-01   6.3992845870987231E-02   3.2629958012113826E-02
   7.2323935336166336E-01   2.2077578430268878E-01  -6.5435685280627700E-01   3.1494946576346176E-02
  -6.8696162642346534E-01  -7.2179412424974200E-01   8.4243492450011068E-02   3.4351717391530360E-02
  -7.3857610023060846E-01   3.6588342698125559E-01   5.6624611436070662E-01   2.8927084807406924E-02
  -2.5653519254534886E-01   7.6311178218925865E-01   5.9316953973518753E-01   3.1703857761984295E-02
  -7.6476463540863282E-01  -4.4693274191250305E-01  -4.6409716292482663E-01   3.2857942543590081E-02
   8.0458550392665486E-01  -9.1899451146835779E-02  -5.8668275733142269E-01   3.1356891459713867E-02
   3.6013474929814961E-01  -6.0052319247696841E-01  -7.1391516137789707E-01   3.0530086487922640E-02
  -3.6335420826873194E-01   6.0112426501884046E-02   9.2970974799313506E-01   3.2571133226626338E-02
  -1.9106032192036295E-01   3.0569270038088602E-02   9.8110217261864498E-01   2.9178607716075951E-02
   2.9700713519943571E-01  -9.4286596911111928E-01  -1.5096531367428120E-01   2.8460758356942958E-02
  -2.1625874987731705E-01  -3.0440025996163462E-01   9.2767054218444897E-01   2.9360290391916446E-02
   9.3878575685219143E-01  -3.1375688413050415E-01   1.4226004496054242E-01   2.3504021115279432E-02
   1.5285395113275006E-01   3.1449143708385838E-01  -9.3687288658816267E-01   2.8187398970069331E-02
  -3.7353258395296813E-01   7.6965578668855485E-01  -5.1778700132606712E-01   3.0404118745925372E-02
  -4.9978854454041368E-01   8.5509738151906731E-01   1.3791257689351454E-01   3.1433809518993687E-02
   7.9318223197971704E-01  -5.6355817438539137E-01  -2.3079023149838677E-01   3.3070900325500076E-02
  -2.0942555726815301E-02  -1.5546489593294894E-01  -9.8761939809431993E-01   3.0659642106647413E-02
  -3.6598884942745901E-01  -1.0586139987495455E-01  -9.2457856675962357E-01   3.1886807172328106E-02
   6.7332742541804542E-01  -4.6875381000273792E-01   5.7175173264960328E-01   3.0187829650804789E-02
   5.7367777020873145E-01  -6.3681517438566128E-01   5.1513129359465015E-01   3.1323928766868869E-02
   4.8166936972047267E-01   4.4587691014334982E-01   7.5444575634972057E-01   3.0673501458871617E-02
   2.4373704879292641E-01   2.5896319121641111E-01   9.3462843774450128E-01   2.9624902336645364E-02
   8.7290159473114830E-01  -2.2833574811755017E-01  -4.3116770756564886E-01   3.7758241682810194E-02
   6.9381167519828146E-01   7.1983309480854380E-01  -2.1579503629795389E-02   3.2072924063234768E-02
   5.8097380419498643E-01  -8.0140380205128476E-01  -1.4220191593980286E-01   3.0779697819821554E-02
  -2.2065953877359474E-01   9.7096570727973912E-01  -9.2384864750566944E-02   3.2567663815713561E-02
   5.5926487394838542E-01   7.9480603746627744E-01   2.3559746088328474E-01   3.2252080555295421E-02
   5.3204431018689604E-01  -7.8889473265900207E-01  -3.0752878366200397E-01   2.9455647257607102E-02
  -8.1791646174226357E-01   2.2425324222396900E-03  -5.7533262784180045E-01   3.2834573117433776E-02
  -9.6772033713349863E-01   1.8058983405289019E-01   1.7579721537890580E-01   3.2454609578379325E-02
  -1.6792645810061146E-01  -8.9954915009499796E-01   4.0325182111572699E-01   3.3112197169194153E-02
  -1.3998413403064051E-02  -7.2742350091786054E-01  -6.8604598587456235E-01   3.3541864383641795E-02
   8.7348145692206653E-01  -3.8576928636735274E-01   2.9700539070684769E-01   3.7250705884543973E-02
  -4.6859563011220171E-02   9.8512752313294260E-01  -1.6531165875506506E-01   3.3842105520753902E-02
  -7.2761864040346502E-01  -5.6519736743866797E-01   3.8874548226032468E-01   2.6696069278730454E-02
  -6.7998232759846022E-01  -6.8535677124232812E-01  -2.6059572188750808E-01   3.3270483199773428E-02
   9.4372747645568964E-01   2.4081501731018279E-01  -2.2668607725326292E-01   3.0164355941369023E-02
   1.4856479281617884E-01  -6.0585055372914169E-01   7.8158403827200704E-01   3.1294561850662949E-02
  -4.5919589354725971E-01   8.2500075327403443E-01   3.2941294517157264E-01   3.0480908931503383E-02
  -7.7542371195372679E-02  -4.7175128301116355E-01  -8.7831538051358304E-01   2.5508003194052637E-02
  -5.9535962733980500E-02   9.8001706828317196E-01   1.8979466540183542E-01   3.0243367281220439E-02
   7.1166546239705361E-01   4.4888050944591419E-02  -7.0108297120496629E-01   2.8918278423376001E-02
  -2.1275268018763746E-01   9.3666274144536529E-01  -2.7820712762441890E-01   2.9465279405996431E-02
  -5.9510671561307004E-01  -6.5345203666387439E-01   4.6781239061407839E-01   3.0574009154859047E-02
  -3.4521047194337812E-01   5.5144794869164517E-01  -7.5943063537390091E-01   2.9412128077722762E-02
  -3.0518061530378326E-01  -4.3555522994829178E-01   8.4685089225169676E-01   3.2997803070883522E-02
  -1.6199902855604286E-01   1.6163983393125405E-01  -9.7346231505568567E-01   2.6952187262729139E-02
   5.2943846292767284E-01   6.6602374258616761E-01   5.2545912142077968E-01   3.0105493496852004E-02
   3.4611203649246262E-01  -3.2057228910712720E-01   8.8172550470747790E-01   2.7343357280977267E-02
  -2.4656920721488000E-01  -4.6488541789698460E-01  -8.5034415049447567E-01   3.1673963120084613E-02
   7.8307929481242410E-01   7.4829817111433021E-02   6.1740369006602655E-01   3.2155964521399065E-02
   6.7096864093233232E-01  -1.5261818227552028E-01  -7.2560924286032557E-01   3.7645833236887851E-02
   5.1108472324734570E-01  -7.7864965244686681E-02   8.5599617572196411E-01   3.3913859915407469E-02
  -4.9363533459639796E-01   4.4703842284446633E-01  -7.4597641044381184E-01   3.2816544482227238E-02
  -1.1167193103283499E-01  -3.1554790108340844E-01  -9.4231571245589087E-01   3.5350970674112525E-02
   4.9567080365163933E-01  -1.4608675555887630E-01  -8.5613615404187850E-01   2.8054685131187167E-02
  -7.6144403498585200E-01   6.4789668321258364E-01  -2.0805515292769611E-02   2.9195156061155284E-02
   8.1262454733355653E-01   2.8395778557934745E-01  -5.0892958361624609E-01   3.0872227880831042E-02
   9.4673431015992104E-01  -1.2371172524567579E-01  -2.9730380926378469E-01   2.6360671211283452E-02
  -6.9978233023188725E-01  -3.2970694362336421E-01  -6.3371761978168912E-01   3.0915513519915380E-02
  -7.5090028396240366E-01   2.7047500337148902E-03   6.6041006039614247E-01   3.1621987767989621E-02
   1.9971535263182111E-01  -9.0762776956889830E-01   3.6922298117876439E-01   2.9485600017152888E-02
  -9.1997693671852509E-01  -6.7881562561082127E-02   3.8604990528462082E-01   3.0746507081694969E-02
  -4.3119420145051137E-01   8.1460263046868846E-02  -8.9857430754489673E-01   3.1901884136114491E-02
  -2.5309293270617905E-01  -9.3981371293505500E-01   2.2955206902446283E-01   3.2842458058131409E-02
   8.2318037417213343E-01   8.4254583659995923E-02  -5.6149375482734189E-01   3.2298728814024855E-02
   8.6226797401497705E-01   3.5785638558035364E-01  -3.5837515020920758E-01   3.3984624679816950E-02
  -4.6392147894874042E-01   2.2132723732084276E-01   8.5778267375247025E-01   3.4153573229184726E-02
   5.5795199070633927E-01  -3.0974305179745176E-01  -7.6990182356585830E-01   3.4863488638183719E-02
   3.2417534348514216E-01   1.9821167386417394E-01  -9.2499863730724083E-01   3.5875805590144174E-02
   4.4427144478971696E-01   8.6324301459772705E-01  -2.3965471222716563E-01   3.0763643334196197E-02
  -7.6675171497744747E-02  -9.7315990642590186E-01   2.1698090837887389E-01   3.0002953693662091E-02
   4.4365673822541920E-01  -8.9345432269943021E-01  -7.0057632538391185E-02   3.3063489376547683E-02
  -9.5546073190412315E-01  -1.6683857561863639E-01   2.4343311088424672E-01   3.2173789210360403E-02
  -9.4813091180141775E-01  -2.2323117116963158E-01  -2.2630867925213764E-01   3.1136062456317050E-02
   4.8730151135783081E-01  -7.6630194344994269E-01   4.1871060231765655E-01   3.2434574151204271E-02
  -7.3600417062208389E-01   4.6797549274027661E-01  -4.8917972057454885E-01   2.8769712769967412E-02
  -3.4127641191694597E-02   8.4390796283081801E-01  -5.3540139556918369E-01   2.9810903603042007E-02
  -8.9779394271892147E-01  -3.5834188466902068E-01   2.5604126641826328E-01   3.3785472644009253E-02
   5.7378386528918809E-01  -8.1825031029305428E-01   3.5192408828030341E-02   3.0945699830320592E-02
  -2.5385357602544047E-01  -8.5437643833078116E-01  -4.5343054987980755E-01   3.5959587629847482E-02
  -4.7245140371191292E-01   2.6541780256528162E-01  -8.4044218195665330E-01   2.9435360602798272E-02
   4.9465745632194773E-01   7.7206258462094146E-01   3.9904055725393616E-01   2.7399025445213474E-02
   9.8777215650141538E-01   1.2345938021881499E-01  -9.5204770240411136E-02   3.0649565623105079E-02
  -1.7254739620231376E-01   6.4975544081391314E-01  -7.4030079237869195E-01   3.2396560165609078E-02
  -5.0890717900264519E-01  -6.4359860840513958E-01  -5.7165926426371980E-01   3.5865147030129858E-02
  -9.9194138116847767E-01  -1.1651570101785384E-01   4.9763317231581245E-02   3.3579591614300277E-02
   9.6155079142501769E-01   5.7849700082878303E-02  -2.6846505863937553E-01   3.4828803539224328E-02
   3.8484621749941428E-01  -4.4664606421905954E-01  -8.0771324255209364E-01   3.1408434823252027E-02
  -3.9878089555772259E-01   6.3845650694834557E-01   6.5829103447753105E-01   3.3148735142834286E-02
  -6.2308709708550562E-01  -6.0927931013046192E-02   7.7977577332719647E-01   3.2166932860065200E-02
  -2.5903394593164854E-01  -7.9964835264046820E-01   5.4172310913829875E-01   3.2160595242257192E-02
   4.7935299221838381E-01  -6.4884014441397805E-01  -5.9095446173806829E-01   3.1734188838547305E-02
  -4.2517916557530828E-01  -8.8063398931244396E-01   2.0906088593597536E-01   3.2622473698779366E-02
   5.8496127141556097E-01   1.6247938184435648E-01  -7.9461988486279793E-01   3.4479247992099173E-02
   3.1646827850700152E-01  -7.3536745736495747E-01  -5.9923495504469057E-01   3.2873360735439645E-02
   9.8751181285985403E-01  -9.4910761564211050E-02  -1.2574723377293763E-01   3.3914675531261178E-02
  -5.2474291505886814E-02  -9.9557031603066175E-01  -7.8014066485240824E-02   2.9990039906889887E-02
  -5.2977545510504473E-01  -8.4719936276206571E-01   3.9889934868239862E-02   3.3912095937113253E-02
   2.7370797256455734E-01   9.6125429821277705E-01   3.2773768810756847E-02   2.9313118957184730E-02
  -7.4379593072522176E-01   3.2532135839054685E-01  -5.8389521937718447E-01   3.0997161370368981E-02
   6.4071641193333794E-01  -1.9578419761773833E-01   7.4239546566668055E-01   2.8194800450078854E-02
  -9.7573298491011843E-01   7.7863007904643835E-03   2.1882530858744648E-01   3.1325172047140248E-02
   7.9469557195986793E-01  -3.9149354360852580E-01   4.6388765150650179E-01   2.7310803214594381E-02
   6.7710011784114261E-01   5.3492495417569605E-01   5.0536197306449581E-01   3.2316305208920059E-02
   2.8610481156384555E-02   8.7931185781118426E-01   4.7538626092961910E-01   3.5022062073441841E-02
   6.9778061718034996E-02   2.8412312609910346E-01   9.5624529871709533E-01   3.1146208368706922E-02
   2.8770456676175175E-01   9.4455151261082956E-01  -1.5826724957813176E-01   3.2653638339003143E-02
   6.4320331011514451E-01  -6.8459293586006104E-01   3.4296065959148052E-01   3.0024667550384505E-02
  -4.4090745036677585E-01  -7.3561451229311973E-01   5.1426832443270775E-01   3.1018901538595375E-02
   1.4413937514087260E-01   7.8258093125563563E-01  -6.0563266636556249E-01   3.1636874648726180E-02
  -3.3874665984939222E-01  -8.5891259445881349E-01   3.8408313621000038E-01   2.9083374231846633E-02
  -6.1385739434445412E-01   3.0723114301195875E-01  -7.2717819286073384E-01   3.3615241282478414E-02
   2.5659798758992415E-01  -9.4646595709362166E-01   1.9585623510027946E-01   3.3215723628691651E-02
  -8.1417199900440238E-01  -2.7350246613145285E-01  -5.1217219473258115E-01   2.7399274350236835E-02
   8.9992446452894743E-01  -2.6797591191051477E-02  -4.3522160705627248E-01   3.1571225219612060E-02
   8.9810231608981858E-01   1.7070038604225432E-01  -4.0530680729433683E-01   3.0032538436175872E-02
   7.8399972849334922E-01  -6.1445016474719169E-01   8.8291680041233639E-02   2.5003865490554826E-02
   6.3231874258055897E-01  -5.4450746136905925E-01  -5.5107588614887079E-01   3.1093770513846825E-02
   9.5068039796988799E-01  -1.8580581147644004E-01   2.4836058732696923E-01   3.3753105646270062E-02
  -9.2414184696795835E-01   1.2924055274604426E-01   3.5952569617281544E-01   3.2224752762366422E-02
  -6.8175859188413836E-01  -6.7884113854290992E-01   2.7272684322215607E-01   3.4608867484026166E-02
  -9.0360590730328098E-01   3.3638924304375130E-02  -4.2704190316438399E-01   2.7010727899850399E-02
   4.2819835155650780E-01   9.0260130787142252E-01  -4.4238566354336539E-02   3.2043660481958067E-02
   7.2921964448702158E-01  -5.5786416067409518E-01  -3.9626542661404258E-01   3.1687380808367135E-02
  -4.8821902525015286E-01   3.8652425299422370E-01   7.8245842396324674E-01   2.9665780753434223E-02
  -4.1582467902423179E-01  -8.0374233692715861E-01  -4.2554446553240996E-01   2.6738116255466017E-02
  -5.0745224555108938E-01  -8.1645745630432866E-01  -2.7548038138898780E-01   3.1308657635794019E-02
   4.4559216507557124E-01   5.9929719975886968E-01  -6.6504923786471801E-01   2.5574774369723431E-02
  -2.6039518258807756E-01  -9.6038125423289759E-01  -9.9308586753453784E-02   3.1491902932437523E-02
   4.3008964745128235E-01  -4.4140377319056698E-01   7.8751863734667395E-01   2.8993480714795435E-02
  -6.8459292882298363E-01  -5.9342421668677483E-01  -4.2329684720684728E-01   2.7980736201672091E-02
   3.8334830596422936E-01  -8.7868563429045867E-01  -2.8452703282101325E-01   3.3784194260440290E-02
  -2.2131812989368704E-03   7.2321461834677149E-01  -6.9061980686776678E-01   3.3775737687519300E-02
   5.1830189280284075E-01  -5.3999030330667752E-01   6.6315429596116990E-01   3.3134509541776608E-02
  -3.3126480216420972E-01   9.1335548186955968E-01   2.3673908546315560E-01   3.3005391501977636E-02
  -8.2869501562745497E-01  -1.3038021500873619E-01   5.4430282987367224E-01   3.3469114322258963E-02
  -8.9617084218349845E-01  -4.3699148566758037E-01   7.6917248222746845E-02   3.3832658577149294E-02
   8.5124440688493390E-01  -7.2648174220660122E-02   5.1971646359291101E-01   3.0904998485738661E-02
  -3.7932173092003380E-01   8.5029620099645857E-01  -3.6484434355327395E-01   3.1788533486327525E-02
   1.9451711215325431E-02  -9.6511050888861333E-01  -2.6111939139703439E-01   3.4378530757819767E-02
  -6.1412043832223126E-02   6.3524947959759483E-01   7.6986145477178808E-01   3.2372443531034136E-02
   5.3658555484111696E-02  -9.9594859369850734E-01   7.2160641164862013E-02   3.6910798420777477E-02
  -6.9941079178264908E-01  -1.2727528752147534E-02  -7.1460657312246365E-01   3.0659826167627102E-02
  -2.1379284013532737E-01  -5.9362249924645924E-01   7.7582533465674972E-01   3.1290780515699876E-02
  -5.6969788101248788E-02  -8.3683229210619689E-01   5.4448705965522039E-01   2.8697899582868423E-02
   9.9958424135640697E-01  -1.6858998103623157E-03   2.8783713689621395E-02   2.9241427037607866E-02
  -6.1943229963589985E-01   7.4860470194715134E-01   2.3642044410413753E-01   3.2124532156758318E-02
   2.7492187233715648E-01   9.0283824915323904E-01  -3.3060710817607334E-01   3.2224820394097970E-02
   7.4782065877438324E-01  -9.2513068477224464E-02   6.5742345141558189E-01   2.7582397896334089E-02
   8.5125464281101042E-01  -3.9740943638078757E-01  -3.4268246667754063E-01   3.2702943669606847E-02
   7.0101353644431867E-01   3.8452131079956131E-01  -6.0060251686353858E-01   2.5129780991191017E-02
  -2.5823297841384924E-01   2.0908694093339992E-01   9.4318523100747579E-01   3.2236532589311375E-02
   8.8818942625761962E-01   4.1862237109222704E-01  -1.8940658252891431E-01   3.1400141773553396E-02
  -3.3225321030735872E-01   3.5956305070135767E-01   8.7196457313975024E-01   3.1795983880488756E-02
   8.7665740553870712E-01  -4.6796959045830490E-01   1.1169716075366178E-01   3.2477327055231568E-02
   5.9881090609395641E-01   5.2150902767611846E-01  -6.0782714055498079E-01   3.5786722971449100E-02
  -6.3174273852611806E-01   1.4418970432365629E-01   7.6164981552323478E-01   3.3018759579749006E-02
  -3.2611141217688470E-01  -6.1752873886813919E-01  -7.1575806214105863E-01   3.8410097534333873E-02
   1.0377166484126685E-01   8.9677469669610481E-01  -4.3014716660891858E-01   3.4914433335033523E-02
  -1.1215114420259189E-01  -4.6194011373955916E-01   8.7979170953830472E-01   3.2714164258432090E-02
   5.1863422236580856E-01   9.5570298735718530E-02   8.4963807670712263E-01   2.6972520380814546E-02
  -4.0715265670124161E-01  -4.2357359857384233E-01  -8.0920462228803806E-01   3.1120167470333015E-02
   4.1575214462482046E-01  -9.0112374380650557E-01   1.2298842460983725E-01   3.1219101566914662E-02
   4.1487896070280330E-01   8.9698561729494556E-01   1.5261798823260384E-01   3.3919409669806146E-02
   3.0376865776634076E-01   5.3729736970242694E-01   7.8678849703696691E-01   3.4859359178107811E-02
   8.9496510128654449E-01   8.7840779210219661E-02   4.3740309210944845E-01   3.3827853919647501E-02
   2.5279534823011093E-01   6.8672602842883732E-01   6.8154374312407313E-01   3.0282716024592035E-02
  -1.3166721594524355E-01   9.3012867987505316E-01   3.4281829460972361E-01   3.4676698330640194E-02
   5.2875244709438673E-01  -4.8429645737449869E-01  -6.9704934622034331E-01   3.1367746478015172E-02
   2.4672304172040959E-01  -4.6528898801441318E-01   8.5007876006682607E-01   3.2356784417195965E-02
   4.4805936410213034E-01   4.5917857314908685E-01  -7.6707095121713688E-01   3.3250527032478194E-02
   3.6296533132663344E-01   3.6778836004851140E-01   8.5614711963994452E-01   2.9846944911453224E-02
  -4.8848722073925356E-01  -4.1784691450194051E-01   7.6601840135576884E-01   3.0517865965529127E-02
   9.2784313781905574E-01  -6.7987856039037479E-02   3.6672164243919920E-01   2.6226129363749142E-02
  -1.1581515950319660E-01  -1.5990369955006265E-01   9.8031507980824841E-01   3.2086309314221397E-02
  -3.8511237466229086E-01  -5.5184836460182289E-01   7.3969712813303853E-01   2.6224364157316624E-02
  -3.6493643815390157E-02  -6.2000021916268668E-01   7.8375247508336194E-01   3.0221912774638393E-02
   1.3153352728349843E-01  -2.4342330145109252E-01  -9.6095995104427309E-01   3.1301923493621499E-02
  -5.9450327454308284E-01   1.2367370881506407E-01  -7.9452543716704173E-01   3.2746871349362862E-02
   1.6659154398059595E-01   4.9720332963834197E-01  -8.5149052048200015E-01   3.4991737268687899E-02
   2.4670053305039045E-01  -3.6034882876453067E-01  -8.9960411770994248E-01   2.9552900574432655E-02
  -6.7721615897695208E-02   9.9758599680405914E-01   1.5361045558708267E-02   2.7923167126957704E-02
  -9.2300983212627318E-01   3.8030546341631769E-01  -5.8485932444724859E-02   2.3758583432895261E-02
   9.4211799284141921E-01   1.8770649256328702E-01   2.7781281506446835E-01   3.5689205353342967E-02
  -5.2530610435275608E-01  -5.7260956531631848E-01   6.2942178420991137E-01   3.8242330537882374E-02
   5.5972221450067927E-01   5.3523721816955704E-01   6.3263904628197709E-01   2.7123905071104839E-02
  -9.0086376417774047E-01   3.1335450572147660E-01   3.0042208995937977E-01   3.0648124958689271E-02
  -3.6366754732183736E-01   5.1250251721337338E-01   7.7787343756865432E-01   3.0595605537229642E-02
   8.7010483509164249E-01   3.8871665508849888E-01   3.0301309873824724E-01   2.9920908645521503E-02
  -7.5895030424622635E-03   4.5926633607638240E-01   8.8826619433058677E-01   3.2676957925187939E-02
  -6.2671344374994912E-01  -1.8903490151424321E-01  -7.5597358778768182E-01   2.9771215742668616E-02
   9.5233846621926225E-01   3.0182681770028607E-01  -4.4181646371105660E-02   3.2674149306183770E-02
  -8.4585478813398946E-01   3.5888206481182249E-01  -3.9463063863213463E-01   3.5615804750306270E-02
  -3.2518637759931041E-01   6.8338659885628425E-01  -6.5363336537196339E-01   2.6352859030925648E-02
   2.5145249579459667E-01  -8.4855045973901823E-01  -4.6554673195649094E-01   3.2209050376679768E-02
   3.2900175351834026E-01   7.2382611280815991E-01  -6.0649287266948670E-01   3.8032179158663787E-02
   1.3095276778610203E-01  -6.1795856449083270E-02  -9.8946078483934041E-01   3.1975893166278983E-02
  -3.3424359362080018E-01  -9.0407706500896924E-01  -2.6631913308701897E-01   3.4456542718637690E-02
  -5.2219915726063304E-01   7.3986994184169123E-01  -4.2414680160936875E-01   3.0635412502249779E-02
   6.4897049199995322E-01   3.8326229428269771E-01   6.5722698841001765E-01   3.4781219178530871E-02
  -9.2721604751990867E-01   3.0508347144470415E-01  -2.1724289786505504E-01   3.2401636936118674E-02
   3.0662857417444251E-01   5.6865657650220384E-01  -7.6328802918724036E-01   3.0041476581436863E-02
  -8.9866675988400874E-01  -3.9085424899249225E-01  -1.9907538954901580E-01   2.7619968693599692E-02
   6.2000482032248145E-02  -7.4063580158641419E-01   6.6904002095257242E-01   3.3813112492410914E-02
  -7.5812684321047951E-01   6.2302550084694328E-01  -1.9256924702072366E-01   2.7032741017703139E-02
  -7.2760826034006100E-01   1.6773335723669653E-01  -6.6517045962295764E-01   3.0509796979394794E-02
   1.5763644713030691E-01   6.5237423591738874E-01  -7.4132220177689074E-01   3.1124714945471541E-02
  -5.6496845876517278E-01  -7.1578486419404558E-01  -4.1044204072099734E-01   3.1293770876325441E-02
   1.1716199654035233E-01   9.6211084718527875E-01  -2.4620273007240132E-01   2.8270407720185350E-02
  -5.7350369234854259E-01   4.8682838465550943E-01   6.5885631116070797E-01   3.5084733800844807E-02
   9.4102314905766970E-01  -2.6833249415685629E-01  -2.0609004225616427E-01   3.4638355758271877E-02
   3.7221352381027230E-01   8.6647422613204820E-01   3.3268529895624805E-01   2.8975014910978851E-02
  -7.4923246841026021E-01   1.9076957854047673E-01   6.3423787034783494E-01   3.2239829099124999E-02
   5.8641192678763829E-01  -6.7846679163906387E-01  -4.4249730481010258E-01   3.1389116751331145E-02
   1.5097405509442385E-01   1.1675632269550932E-01   9.8161845734428201E-01   3.3099141866764396E-02
   2.6659015982923683E-01  -9.6361140036495775E-01   1.9564144982766293E-02   3.1167787110680986E-02
   6.8410579893782577E-02   9.5046231180659379E-01   3.0321838069922724E-01   2.8776975717203661E-02
  -1.0842265707351572E-02  -3.2790375992077258E-01   9.4464891335572467E-01   3.1354567721867683E-02
  -3.3561945969088262E-01  -6.8364038774877853E-01   6.4807051970869631E-01   3.0553322064709438E-02
   1.4175995301756127E-01  -8.3613146772601609E-01   5.2989459744254503E-01   3.2066081703625286E-02
   6.7451690707633051E-01  -6.9120345783434444E-01  -2.5935443305643883E-01   3.0470475316171223E-02
   9.0899769143116628E-02  -9.6630006697493389E-01   2.4083482417201711E-01   2.6610236088129348E-02
  -6.3490493035527650E-01  -5.0287019944360524E-01  -5.8652987300060868E-01   3.3998441646987247E-02
  -1.8269597814636316E-01   7.7720828908362760E-01  -6.0213740537259763E-01   3.0705758278517936E-02
   6.9812475101201005E-02  -4.7117866425723704E-01   8.7927065495728342E-01   3.1892714026773121E-02
  -3.4569217340242506E-01  -7.4322361291665011E-01  -5.7281374150017496E-01   3.0743173895261497E-02
  -1.4109357653201906E-01   8.5528145335814027E-01   4.9858423380908325E-01   2.4517231733018349E-02
  -5.0166093259229249E-01   8.6339150998726772E-01  -5.3771825266930584E-02   3.2443345887484396E-02
  -7.6611225655489958E-01   6.2483424484574321E-01   1.5051304536288377E-01   3.1087933826424012E-02
   6.4312329427386671E-01   6.7436972270086306E-01   3.6279182111328056E-01   3.1075054617182327E-02
  -9.2734368423590378E-01   3.5455422427007974E-01   1.1968706429695004E-01   3.3238755885341677E-02
  -9.9084753999758152E-01  -6.5828559379480493E-02  -1.1784631199474662E-01   3.0416722732721530E-02
  -8.3974510017774619E-01   1.8264800938411010E-01  -5.1133929185570012E-01   3.2665677443493255E-02
   8.6832519685563056E-01   2.5597332535334653E-01   4.2483998071412774E-01   2.6823964384724288E-02
  -8.5793461471131280E-01   4.8107764384200937E-01  -1.8031222220241197E-01   3.6059552454194898E-02
   2.4449641032736311E-01  -7.2543298111757783E-01   6.4340383527291606E-01   3.0696311307314920E-02
   8.3549659919963765E-01  -5.4651344878991183E-01  -5.7170648217390649E-02   3.1110286500703225E-02
   9.8237770274719498E-01   1.6080128698090816E-01   9.5273266189563852E-02   3.0003701938635605E-02
   7.0853409811369436E-01   6.8148441158702990E-01   1.8318959734136988E-01   3.7631562086637515E-02
  -1.3198134812745361E-01   3.3753478955548041E-01   9.3201458657372810E-01   3.0556792988193786E-02
  -8.7612967515871993E-01  -2.5207653870171582E-01   4.1091874007209510E-01   2.9764425486722871E-02
   4.6217108094785288E-01   2.8012874581395227E-01  -8.4138325256935999E-01   2.7657118601579440E-02
   7.5276223646775539E-01  -2.6700355446259189E-01   6.0171265339230215E-01   3.7874133862425871E-02
   3.3705441426931477E-01  -5.9441117944450816E-01   7.3011620415722724E-01   3.3131071104364315E-02
   4.1469027886407499E-01  -6.9219590061889659E-01   5.9067487485251168E-01   3.0243539612380709E-02
  -4.9321549805678435E-02   2.9661117787530383E-02  -9.9834242763510765E-01   3.4686334753947023E-02
   5.0350403125693183E-01  -2.6365385886921584E-01   8.2278206908718551E-01   3.3128588941351835E-02
   9.8422387871163437E-01  -1.6976189171409945E-01   4.9842318319640259E-02   3.2279220800664871E-02
  -5.0894872699015367E-01  -7.8329005408386773E-01   3.5697042520129529E-01   3.4021769809998243E-02
  -9.2328167296844867E-04   2.3960815401256354E-01  -9.7086923943528251E-01   3.2120005450275712E-02
  -6.3211621372769339E-01   6.1185019690938338E-01  -4.7546653813335160E-01   3.1744241880114674E-02
   6.8289954477279906E-01   6.9586489724582998E-01  -2.2230667225738915E-01   3.0960400099453786E-02
  -1.7950392942738348E-01   4.9432186897992407E-01   8.5054349046261226E-01   3.3013912614174785E-02
   1.2063795050486245E-01  -8.0108924623162067E-01  -5.8626146425467915E-01   2.9337734487250424E-02
   2.0372329681063896E-01  -9.3191686107799078E-01  -3.0004630038570558E-01   2.9910581960427471E-02
  -9.5487646049374692E-01  -2.9129251151081628E-01  -5.7962211247112271E-02   3.6553165343255726E-02
  -3.5954768880651388E-01   9.3223764329804428E-01   4.0723898290837574E-02   3.1871347632972959E-02
  -6.8060075334752117E-01   5.3216394133099518E-01   5.0357139919761895E-01   3.2047269864510354E-02
   5.7370564691250915E-01   8.1095337840092902E-01  -1.1496281468726838E-01   3.2222720188901350E-02
   3.1007910539875926E-01   3.7386289915055757E-01  -8.7411525614980849E-01   3.1064633563392849E-02
   5.6678038790499094E-01   8.2115544387616363E-01   6.6811143373008752E-02   2.9048850241512798E-02
  -1.4092747206152740E-01  -6.0772058457471747E-01  -7.8154663245548636E-01   3.1536577658473423E-02
   5.8971220038034557E-01  -1.5504152397094750E-02  -8.0746463822325917E-01   2.5912652118032593E-02
  -7.6240957066304098E-01  -1.5685999758919937E-01  -6.2779502046266166E-01   3.1436436340061555E-02
  -1.7430185668471200E-01   4.9529747360031031E-01  -8.5105773917015294E-01   3.3411476214616300E-02
   1.8980462631791336E-01  -2.7859776303530048E-01   9.4146560758215898E-01   3.6051823979682549E-02
   6.7654465468820710E-01  -7.1889535513094813E-01   1.5961453124312471E-01   3.1565537876622924E-02
   8.8699429845774613E-01  -4.2834820608198374E-01  -1.7250776460726999E-01   2.3910986082179550E-02
   2.4915650653586136E-01   9.3886100446532267E-01   2.3761533945688504E-01   3.2877993186763361E-02
   2.6056172677063802E-01   8.3276323482240748E-01  -4.8848027725837930E-01   2.3442786685765706E-02
  -6.3020137607029234E-01   3.1969449756025145E-01   7.0756035348852632E-01   3.0597970370512381E-02
   7.8161903516932262E-02  -8.9621829371320025E-01  -4.3667320372609284E-01   3.2447175910805010E-02
  -3.6499966108835009E-01   9.1329652902444777E-01  -1.8073377514257176E-01   3.2727672287783504E-02
  -5.4078052320725831E-01  -4.8308488362612003E-02  -8.3977539596716184E-01   3.2511764942153011E-02
  -5.0326576293206723E-02   9.3466989694446844E-01  -3.5193666967853838E-01   3.0990803363581358E-02
   7.3408925267464697E-01   4.9072059336264635E-01  -4.6936794560066701E-01   3.3404769856859313E-02
   9.3289324515390550E-01   3.3211638794762547E-01   1.3931582107871869E-01   3.2006991980141430E-02
  -9.1929609807785688E-01   1.9136540430882945E-01  -3.4390982261712990E-01   3.0447757154817800E-02
  -6.1827211332039642E-01   4.8050000721738763E-01  -6.2198017408469006E-01   3.0224975436459140E-02
  -5.1298914348449899E-01   8.2494568089493434E-01  -2.3729045964773511E-01   3.0042716897378927E-02
   1.1607147679610594E-01   9.8594914086767566E-01   1.2013202693979392E-01   3.1815371272622003E-02
   6.7669401108912543E-01   1.9938532411952106E-01   7.0875292442561690E-01   3.0116711386778529E-02
  -4.7818135291183487E-01  -2.2636656511036470E-01  -8.4858751577403150E-01   3.0301252431391629E-02
   5.7069676062110454E-02  -1.7270789796137895E-01   9.8331837878477976E-01   2.6874007012194254E-02
   6.6441613741592329E-01  -3.8174182716586816E-01  -6.4251410391785892E-01   2.9263457327627445E-02
   3.1511461690143893E-01  -1.4103706542986069E-01  -9.3851548969102935E-01   3.7652788204211402E-02
   7.2385437845042854E-01  -5.4488551176467900E-01   4.2324297733936164E-01   3.1480258150671702E-02
  -1.9753705791697374E-01  -1.6139963364908580E-01  -9.6691740547341851E-01   2.9648776461604885E-02
  -9.5443043901370590E-01  -2.7703175913631126E-01   1.1097721168755934E-01   2.2310377886172889E-02
   5.5858757705442974E-01   7.5951955621530178E-01  -3.3333161039267262E-01   3.1218806933794658E-02
  -5.8813778952808251E-01   7.0145098435673967E-01   4.0256733234824446E-01   3.2824768529579051E-02
  -7.5674213238802288E-02   7.6885357543948273E-01   6.3493117184826566E-01   3.5016361568668821E-02
  -3.0183630200209776E-01   8.5801753653606791E-01   4.1557280203386239E-01   3.4309324837649231E-02
  -8.5324786975708697E-01  -5.1299223858768812E-01  -9.3845809196711744E-02   2.9651464778369845E-02
   7.8230072581846084E-01   3.9547194212577831E-01   4.8125618684352975E-01   3.1015619844654183E-02
   1.6526024355441927E-01  -6.8151207960018815E-01  -7.1290275441981627E-01   3.1345234106733119E-02
   4.4689973614263820E-01   3.9245174972338725E-02  -8.9372279934945773E-01   3.6522970474398563E-02
  -1.3291463508068570E-02   5.8224934687959537E-01  -8.1290161462264194E-01   2.7531119378757087E-02
   8.3264306415906297E-03  -9.1681542953493515E-01   3.9922442149678577E-01   3.3878023646707009E-02
  -5.7782339630034211E-01  -7.9146566839760730E-01   1.9925415537917018E-01   2.2452418283678490E-02
  -3.5545372689478060E-01  -9.3356758526933099E-01   4.5871688120248155E-02   2.9741848372063826E-02
