256
 0.0000000000000000E+00   0.0000000000000000E+00   1.0000000000000000E+00   4.4272923932092336E-02
 5.5614000834214891E-01   0.0000000000000000E+00   8.3108861809147320E-01   5.1212500095787465E-02
-3.2713494873939370E-01  -8.3265692365117267E-01  -4.4683909051138268E-01   4.9629077951865454E-02
 4.6122218888873565E-01   6.5045305679702565E-01  -6.0347735117408412E-01   5.6838992809874842E-02
-9.0020914423162707E-01  -6.3019522337999127E-02   4.3087357362230047E-01   5.0471097108353113E-02
 8.5070473799348373E-01   1.6712021488434405E-01  -4.9836962440787724E-01   4.4962140958441123E-02
-9.9407039227411964E-01   7.9171824664255598E-02   7.4537758104938784E-02   5.0389739060512663E-02
 6.6064008851930298E-01  -7.2010281422851036E-01  -2.1214761460216076E-01   5.0729019708078704E-02
-7.0562120024282526E-01   1.9231363212930387E-01   6.8199280690129686E-01   4.6401993838721793E-02
-1.5634379545207250E-01  -7.7500617287344599E-01  -6.1230878617875061E-01   5.1704225798304985E-02
-9.8330544480985366E-01   9.4257153398707771E-02  -1.5564700845332168E-01   4.7942949271510677E-02
-7.3713083127802594E-01   5.3598724836604567E-01   4.1152862253841044E-01   4.6132311660084805E-02
-1.7887127940557610E-01   5.5631195590590074E-01  -8.1149372956293603E-01   3.6848466462028302E-02
-3.7499143904316230E-01   1.1105481916636754E-01   9.2035224114697715E-01   4.7999875304334675E-02
-5.4428618925981426E-02   9.4423159904759561E-01   3.2475254087047717E-01   4.7042673332910078E-02
 8.2011017971166406E-01   5.7219736304946602E-01  -3.0774750266676371E-03   5.1836814651904692E-02
-7.8308448732035840E-01  -2.3345176579907063E-01   5.7643643080872948E-01   4.9034148317924168E-02
 3.3449988730921509E-01  -3.3493168824852692E-01   8.8086922389030810E-01   5.2147620230678013E-02
 4.0917891768344309E-01   4.7591764773176414E-01  -7.7850819257145298E-01   4.8922901419951214E-02
-1.4919247152626848E-01   1.7242287155534730E-01   9.7365905727030117E-01   5.1905450870321816E-02
-3.2007920507397380E-01   3.9768644036516192E-01  -8.5988068801950632E-01   5.0861152588227254E-02
 3.0192858891446681E-02  -9.6197608068078483E-02  -9.9490422226159118E-01   4.9072755170726072E-02
 1.5641120890555666E-01   9.3420684417334527E-01   3.2061363980401940E-01   4.9279302167832277E-02
 6.9489333870761429E-01   1.1334387033635469E-01   7.1012422496135174E-01   4.7337129171883143E-02
-5.6060652186424428E-01   5.9591119736008018E-01   5.7498710638078662E-01   5.2647581056394887E-02
 4.5389030516465194E-01  -6.8539398383661076E-01  -5.6940203529502673E-01   5.1646855618962597E-02
 8.5058270240030555E-01  -3.2544766330812331E-02   5.2483321594756748E-01   5.3887562722988562E-02
-1.5971604377150383E-01   9.8126943432113460E-01   1.0770832200466067E-01   4.6929637092458653E-02
-7.4167352793461720E-01  -6.6982628578325549E-01  -3.5399503313284812E-02   3.8138989695033682E-02
 2.5346089730136247E-02   6.0850158569881234E-01  -7.9314777685966113E-01   5.1282834035406708E-02
-9.6086276316366543E-02  -7.0536405411907683E-01   7.0230262612377778E-01   5.1450766699413081E-02
 1.4497918490951477E-02   5.7438306948279667E-01   8.1845824563685010E-01   5.0909498542462960E-02
-6.7910293328499262E-01  -6.0835315372101659E-01   4.1076227475440356E-01   5.3927984451948258E-02
-1.4202051937740627E-01  -9.8830029463223052E-01  -5.5612046407394268E-02   4.6816333735918087E-02
 9.0534264991146145E-01   3.9593241869724531E-01  -1.5359754580019200E-01   4.7863156422322621E-02
-5.6580138211324246E-02   1.5551260244254303E-01  -9.8621220761129038E-01   5.1846553923996347E-02
 2.3924009453699293E-01  -6.8556854487633085E-01  -6.8757541218551505E-01   4.6769080770053230E-02
-7.5769376237164989E-01  -2.4484016408381501E-02   6.5215082258907557E-01   5.2010069107030112E-02
-5.9710821913948706E-01   8.0027138791646876E-01   5.5022543728177133E-02   5.5639547620578699E-02
 3.1810321344223209E-01   9.3641589403781342E-01   1.4810678239394825E-01   4.4954764090945991E-02
 7.7752306176519336E-01  -4.3180201076590130E-01  -4.5717055014710172E-01   5.0913448591910510E-02
-1.1576416889436922E-01  -9.2730724914085236E-01   3.5594932629662467E-01   4.7909420331281493E-02
 3.9300397436085008E-01  -5.3872945931868496E-01  -7.4519691746462122E-01   5.2596769629875126E-02
 1.8242343502829481E-01  -1.3654264073362878E-01   9.7369286616158632E-01   5.6063030729016372E-02
 7.8458876726558628E-01   5.6219946327950376E-01  -2.6144259363941735E-01   4.9585177342166897E-02
-7.0407491370431598E-01   4.3128059794386333E-01  -5.6415916347201511E-01   5.4190107664121338E-02
-5.3685631657258694E-01   4.2362174116236541E-01  -7.2960942686527854E-01   4.4896568465760369E-02
 1.2353965557128188E-01  -3.0646521242767987E-01  -9.4383103735413680E-01   4.9767157199068661E-02
-7.5442721661747302E-02   3.9565784170953893E-01  -9.1529408828092932E-01   5.6965161757044722E-02
-8.2060352969056182E-01  -5.3866590587681209E-01  -1.9091592103673495E-01   4.8590465360467582E-02
 1.0752887154781505E-01   8.9607852757300214E-01  -4.3067483581729497E-01   5.0721532065870933E-02
-4.7550861452861692E-01   8.6647426234095163E-01  -1.5203259587923570E-01   4.7022835449453266E-02
 7.1135667843335337E-01   1.7498769018916400E-01  -6.8069889402769554E-01   4.8617018347906508E-02
 7.4695976673956332E-01   3.5393215904197083E-01  -5.6283490800435087E-01   4.4502079890281827E-02
 1.1022310272446984E-01  -9.9179206477977572E-01  -6.4802529778245370E-02   5.4376698373118088E-02
-5.0224280548037132E-01   2.6291121777423009E-01   8.2378993433500831E-01   4.9320805406275836E-02
-2.4017922847983008E-01  -6.2440234704788446E-02   9.6871830544118679E-01   5.1347051503886005E-02
 2.6520182902900319E-01  -1.1906581411536090E-01  -9.5681310703225506E-01   5.0162167960154446E-02
 6.9861760852667167E-01   7.0303150775779243E-01   1.3296667310374841E-01   4.8269011333636484E-02
-9.4493924772832933E-01   1.2466225760579041E-01   3.0257088364752888E-01   4.9796716205586228E-02
-5.7469507763214808E-01   4.0857811780700625E-02   8.1734705417091468E-01   5.1037608588443994E-02
-4.9787570418699234E-02  -2.0476781685843437E-01   9.7754352282178906E-01   4.9037066628278402E-02
 7.8692145830429911E-01  -4.4990583057409168E-02  -6.1541081067559222E-01   5.1170119275308660E-02
-6.9747080335678006E-01  -6.9486475621477437E-01   1.7520687496622406E-01   5.6821167495370730E-02
-8.6308472508375881E-01  -5.0412736980479424E-01   3.0665164939924083E-02   5.0541252491394237E-02
 1.1172711604506231E-01   2.8893125884340946E-01  -9.5080796126421649E-01   3.8755775152295175E-02
-6.1867132342631334E-01   3.9922857984919829E-01   6.7665525535646766E-01   4.8229693501772707E-02
 1.2692899382612841E-01   4.0079376102257917E-01   9.0733312055256867E-01   4.2439564188280121E-02
 5.1053265024863723E-01   2.2236919219857060E-01   8.3060722088786214E-01   4.9621135004225962E-02
-3.8508794181486489E-01  -6.9277160443085161E-01  -6.0973336891062048E-01   4.8694722020605096E-02
 6.5744839850676806E-01  -3.6833334383317826E-01   6.5733716700149820E-01   4.9354294613660423E-02
-3.9121899361499167E-01   9.1675296619833872E-01   8.0695092796406804E-02   4.9901620651424423E-02
 1.4201809448085134E-01  -7.0298103581360349E-01   6.9688487150063824E-01   4.6264585355793750E-02
-3.6917341923494504E-01  -2.2352398841247560E-01  -9.0207982636491710E-01   5.4427337571285230E-02
-7.5989995364277671E-01   6.4994141146920760E-01  -1.1323520261823249E-02   3.7494171462032599E-02
 3.6263257656938092E-01  -8.9617938118567526E-01   2.5565627539395965E-01   5.2722240252766319E-02
 9.1493919727759482E-01  -4.6337154598004088E-02  -4.0092285216583887E-01   5.5640941391150740E-02
 3.6023499951176951E-02  -8.4502712046799928E-01   5.3350864390825858E-01   5.0337595200182558E-02
 9.8544757506073601E-02   1.8670154264032273E-01   9.7746174592348786E-01   5.3308581311052742E-02
-8.5695311877859641E-01  -1.6025884021017882E-01  -4.8984533921445558E-01   4.6542755617891691E-02
-2.8421132103977338E-01  -2.9967552594698165E-01   9.1072416468501966E-01   4.8943852435368109E-02
 8.3580354275848538E-01  -2.2869442684882721E-01  -4.9913054108184091E-01   3.8130833787198309E-02
-2.4067291491045086E-02  -9.7169525073611566E-01  -2.3500873425718098E-01   4.4252020285367681E-02
-2.7655508546043310E-01   9.5332218187677941E-01  -1.2121923216911292E-01   5.0729677429089763E-02
-2.9174315057851107E-01   3.4901340195509749E-01   8.9054790962993877E-01   5.0137218934417315E-02
-2.7194564084209966E-01   1.8428178340235570E-01  -9.4450293421091444E-01   4.5754342485435115E-02
 3.5821266029240250E-01   8.6688975355466286E-01   3.4667830215947406E-01   4.5296247929369926E-02
 1.3295677816979420E-01  -9.1982140053652017E-01  -3.6912204791063691E-01   4.5681798760297018E-02
 6.7289417549106804E-02   7.8048239901287033E-01  -6.2154594288517142E-01   4.9488153500700056E-02
 1.8372758574736634E-01   8.4768390431351328E-02  -9.7931531909754294E-01   4.9495742381783029E-02
 6.3105382179358251E-01   6.9501847132698992E-01  -3.4455826577519133E-01   5.1275657020981837E-02
 2.5286503555369352E-02  -5.6594738820439252E-01   8.2405348523173600E-01   4.9892234478096630E-02
 6.7159756341479051E-01   3.4034786564355550E-01   6.5811856315347361E-01   5.0577123803741041E-02
-4.8914022667174510E-01  -6.9870682330279230E-01   5.2206380234760061E-01   5.2994174949092665E-02
-3.4898566377960165E-01  -8.5892044535724316E-01   3.7478617240184570E-01   5.6565560022867984E-02
 5.5925560057365437E-01  -7.9675281145501823E-01   2.2895006151020216E-01   5.0066909098592171E-02
-9.6970014770539485E-02   7.2193238688381287E-01   6.8513534794494592E-01   4.5688096416069283E-02
-4.2585667003629463E-01   1.5860698956878778E-03  -9.0478924671322467E-01   4.7308306271098494E-02
-6.3365335859523135E-01  -1.8390513365953474E-01   7.5144016591785387E-01   4.6123621915400310E-02
-6.5145492485680467E-01  -4.3203336896126316E-01   6.2366148589102090E-01   5.7219851023867072E-02
-3.2898250713469625E-01   8.8094480283663063E-01  -3.4015697016892025E-01   5.0706202217786193E-02
-2.5772896140361849E-01  -4.1067103333694330E-01  -8.7459995702708521E-01   4.5286998230234996E-02
-9.7340729028605181E-01  -1.1160968156218451E-01   2.0005380826056176E-01   4.6194782851697615E-02
 6.9579844837332691E-01  -2.5946408627271648E-01  -6.6973345980019161E-01   5.7431352559845487E-02
-5.5862357160407052E-01  -1.5242473560751519E-01  -8.1529528713423271E-01   4.4429186003306488E-02
-7.2285627737600064E-01  -5.5143684207995677E-01  -4.1640870722764091E-01   4.8208566615717343E-02
 4.2818942184951840E-01   5.2776664436865132E-02  -9.0214657495724814E-01   4.8955756062489390E-02
 2.7979288710915186E-01   5.1944805296398230E-01   8.0739684207646806E-01   4.8757211496196966E-02
-5.7175159524086200E-01  -3.5168658569201136E-01  -7.4122645580404435E-01   4.9172125649359115E-02
 3.0019715403550870E-01  -8.3132756115672226E-01  -4.6773513313647647E-01   5.1968134349325945E-02
 4.9528623167112497E-01  -7.8392038166912350E-01  -3.7437999935994508E-01   4.6275674395394812E-02
 6.8485458291704528E-01  -6.3681230705608706E-01   3.5418114833997571E-01   5.0136594227538626E-02
-3.5837613630135662E-02  -4.6904937137192215E-01  -8.8244453234461257E-01   4.9997014735873390E-02
 9.7444271623912488E-01   1.4585920248812422E-01   1.7084052744605092E-01   4.8230897138134984E-02
-8.7066801194630709E-02  -8.9750666504100884E-01  -4.3232066609948356E-01   4.7162264773839170E-02
 7.1695165265823295E-01  -1.2571283896986682E-01   6.8569425392718938E-01   5.0224852790403931E-02
 6.1278563563637984E-01  -4.9065722636565523E-01  -6.1947498010240895E-01   4.8246865013771191E-02
 9.2453034094091126E-01   3.7473616261498947E-01   6.9400699623811750E-02   4.9734716069207891E-02
-1.7219668702914940E-02  -9.8779008964675725E-01   1.5483611273024484E-01   5.0672273214297192E-02
-2.3769275053103280E-01  -9.5891815476700852E-01   1.5484872877498114E-01   4.8837988985991271E-02
 2.6769499758930717E-01   7.9953890626379466E-01   5.3765874459191662E-01   4.5730252723670021E-02
-3.1048326785513937E-01  -6.8616088766694360E-01   6.5786273387242850E-01   4.5515438247527457E-02
-2.1176662273793569E-01  -6.0746897538491513E-01  -7.6559541628654628E-01   4.6840498447256360E-02
-6.9838424240466325E-01   6.0103179531457397E-01  -3.8861321514045901E-01   4.5020435042411470E-02
 8.9977708308758490E-01   3.0362000125020607E-01   3.1339447281536769E-01   4.9853898525865645E-02
-2.6421461165449349E-01  -9.3044359093031943E-01  -2.5390030146685087E-01   5.2130507508251264E-02
-8.3427750350154674E-01  -4.8970618940980390E-01   2.5331580133295261E-01   4.9514406509375072E-02
-9.0184423120258436E-01  -2.6894704557133830E-01   3.3814859060044626E-01   5.1432581368591527E-02
 6.0665525730769118E-01  -7.9492941516981820E-01   7.5248706772928057E-03   4.9304073136807193E-02
-7.9011240589631848E-01   5.3448867435812044E-02  -6.1062722230388661E-01   5.3537279264105652E-02
-5.5290527767591139E-01  -7.6755366196366017E-01   3.2427940101754622E-01   3.8963479264038571E-02
 8.8560301204370244E-01  -3.2894137204811353E-01   3.2787936625263003E-01   4.6873077907635725E-02
-5.8335586588594781E-01  -8.1204209057994631E-01  -1.6839740586073337E-02   5.3725349734306337E-02
-1.2999424117215898E-01  -2.5476311608789812E-01  -9.5822609646328178E-01   4.8096631689416398E-02
 3.0287647635475103E-01   9.0868079079502841E-01  -2.8734136581956221E-01   5.0628789990681832E-02
 4.6345900338597871E-01  -7.7311155118456609E-01   4.3301764583613628E-01   4.8300976612577377E-02
-9.4275587797075388E-02   9.5162928848510777E-01  -2.9242744543363819E-01   4.8279325259754255E-02
 9.9774883794384212E-01  -4.2208986128779297E-02   5.2111974359960315E-02   5.3588722288659242E-02
 3.2032194281066934E-01   7.4623639931989460E-02   9.4436495345671271E-01   5.6920140612119691E-02
-6.5767827854232745E-01   7.2959478931857137E-01  -1.8748526697527498E-01   5.1282818860017336E-02
-1.9576996079737076E-01  -3.0855831192155172E-02  -9.8016429241777487E-01   5.1619874471130406E-02
 3.9438104309745455E-01  -1.2600442858821296E-01   9.1026725571203623E-01   3.7052075325925768E-02
-4.3851315827192465E-01   4.8928602376095824E-01   7.5386032988516706E-01   4.5409398202057138E-02
-7.8623725042618684E-01  -4.1854571308576744E-01   4.5458824456841808E-01   4.0889712845125556E-02
 9.4899415495719416E-01  -1.1013415299924786E-01   2.9543283873025893E-01   5.6287719756905216E-02
-5.3532783964502979E-01   7.5567416826838105E-01  -3.7733361301754664E-01   5.2006542209111668E-02
-1.5810520074487324E-01   7.2705312492100340E-01  -6.6812910357207684E-01   4.9828826466228823E-02
-3.6106763592199557E-01   7.6249560626303463E-01  -5.3687113232066083E-01   4.7876609482960912E-02
-5.3228961758944892E-02   9.9536092159506317E-01  -8.0145576244053327E-02   4.3807950039792373E-02
 9.7366759113636369E-01  -2.0675996454976646E-01  -9.6029886129736947E-02   4.4308104422491823E-02
-8.7076554914059638E-01   4.8354111202820151E-01   8.9192776660478099E-02   5.3278985144594095E-02
-9.4616102156037307E-01   2.8664754516069738E-01   1.5037455281122912E-01   4.1130305028228670E-02
 5.4211738216609965E-01  -2.4787416741775940E-01   8.0291166455615012E-01   5.0370843878333824E-02
-2.2791990794575007E-01   5.5913565136628760E-01   7.9713225937305924E-01   5.0714362297224244E-02
 1.3775221283115792E-02  -6.6267248186364309E-01  -7.4878262871095024E-01   5.0923552891628327E-02
 9.8299722167029095E-01  -1.6025924790547831E-02  -1.8291974175330722E-01   4.3345623080366069E-02
 6.7988070946991019E-01   6.4081933968009252E-01   3.5652881339754549E-01   5.1987747390768150E-02
 8.3115896419650070E-01   5.0506808820502868E-01   2.3255322511785858E-01   4.6073736937193858E-02
 9.4316480432676570E-01   1.6871171169916898E-01  -2.8631540338373389E-01   5.0038573270074193E-02
-9.2497449335609100E-01   2.6525356669173545E-01  -2.7214468945389298E-01   4.9411575681694799E-02
-4.7492889264854980E-01  -5.5379005536032988E-01   6.8392917872512581E-01   4.2539496684623605E-02
 7.6081452483883307E-01  -4.6126481237277978E-01   4.5650414199760005E-01   4.8190064406201233E-02
 1.8442361208369019E-01  -5.0468252430466744E-01  -8.4337623927134295E-01   4.8556614532200592E-02
 2.9584582161525311E-01  -9.3013745881437053E-01  -2.1753058990206568E-01   5.4187177020477070E-02
-8.3996585356129251E-01   2.4262912913785439E-01  -4.8537456726208434E-01   4.3705140612003443E-02
 7.7600766712258764E-01   4.3918608684105278E-01   4.5268938765140322E-01   5.1314297913692294E-02
 1.5344379244879613E-01   7.0195339274113095E-01   6.9549725878550106E-01   5.1036034367913707E-02
 6.2644460640540149E-01   7.2575278076204119E-03  -7.7943215445329379E-01   4.9013153921621510E-02
-9.4281127138071827E-01  -3.1749514710300013E-01   1.0150733039301975E-01   4.8452362188765123E-02
 8.1362819566789745E-01  -2.5310545693055845E-01   5.2339926144977955E-01   4.4580084588146631E-02
-4.7266088962363674E-01  -8.4484870250794568E-01  -2.5064387742538807E-01   4.5963343450266638E-02
-4.5427655884707363E-01  -8.7571922639836365E-01   1.6355012870160803E-01   4.6599482178124773E-02
 6.8093229461832036E-01   7.2597179657186527E-01  -9.6416599857323248E-02   4.9001941481377482E-02
 2.0004364581379947E-01  -9.7106410100886204E-01   1.3044942123817055E-01   3.9798036221147942E-02
-7.2175167883468773E-01  -1.7235607352719086E-01  -6.7034908668364678E-01   4.8903910413424318E-02
-6.8006948872056636E-01   2.4550647288548290E-01  -6.9081984792178419E-01   4.8646003980209702E-02
 8.5499740717316807E-01   3.6900086232729849E-01  -3.6444176123061140E-01   4.8934086444429159E-02
-6.5656884153397667E-01  -7.1280941714668610E-01  -2.4661729694758536E-01   5.2382006961931111E-02
-4.1710859783867313E-01   7.8365781580854285E-01   4.6032688964608601E-01   4.7530680281161075E-02
-7.7142625530073596E-01   3.5368695294737100E-01   5.2896793092538967E-01   4.6122135047705237E-02
 8.3866186856376607E-02  -8.0963089867476298E-01  -5.8091675015725527E-01   4.9785097717678397E-02
-2.7518074235764489E-01  -5.1467933283707631E-01   8.1202262492240784E-01   5.4951864675947872E-02
-4.7405144132751759E-01   2.3066883707188052E-01  -8.4974532571777601E-01   5.4099975173684793E-02
-4.9664097687156445E-01  -3.6312631218496624E-01   7.8834448148699856E-01   4.9041835133223221E-02
 3.3077057420293529E-01   2.6828389317511098E-01  -9.0477322015202581E-01   5.3300663245537256E-02
-1.9426606600948927E-01  -8.2271414976461993E-01   5.3423040289211867E-01   4.4072588050552434E-02
 9.8084899240758289E-01   1.8663975726161803E-01  -5.5685322144652396E-02   4.9007124381172397E-02
-6.0921261113539966E-01   6.9909295858681286E-01   3.7433812214083288E-01   4.5819395891188703E-02
-3.6764847924027828E-01   5.9549179655492592E-01  -7.1429973816885681E-01   5.3174355815062339E-02
 6.5673193458266085E-01  -6.1732814709509966E-01  -4.3313869014837083E-01   5.0703692940905620E-02
-5.4268232879863163E-01   6.0996003664739575E-01  -5.7744665875109326E-01   4.9326904063930836E-02
-1.8961083254047997E-01   8.4019397133435163E-01   5.0805690893512780E-01   5.1399817663770184E-02
 8.5162175958581123E-01  -4.9427864995023202E-01   1.7443908622594479E-01   5.7207703919260746E-02
 3.1364715607592641E-01   2.9969973512772991E-01   9.0100251400861921E-01   4.7374316975761745E-02
 8.0366601147230074E-02   9.9223329144824585E-01   9.4943692585777004E-02   5.7528388833113268E-02
-4.4497935144251368E-01  -1.4781572404025236E-01   8.8325754370752811E-01   5.1707273788496692E-02
 4.9259647871590619E-01   4.3952685669649014E-01   7.5110908089251111E-01   5.0547787684823175E-02
 1.9033891764699809E-01   4.6652300538515429E-01  -8.6378665298519905E-01   4.7344834722226769E-02
 4.8524751999336528E-01   7.3552785342102957E-01   4.7279342337022942E-01   4.9482247075502190E-02
 4.5094919459355917E-01   7.8924204081931144E-01  -4.1682349369821825E-01   4.5765351673609515E-02
 8.0478784323223742E-01  -5.3635122360496119E-01  -2.5425163189852817E-01   4.5863465453121889E-02
 2.4091201343933370E-01   6.3672112317124351E-01  -7.3249410447330998E-01   4.7214204038349008E-02
 9.5131362105197521E-01  -2.8193611156168207E-01   1.2455690827271495E-01   4.6643527038744725E-02
-9.9233940573201131E-01  -1.1502211111986233E-01  -4.5082344492815407E-02   5.2449361945672290E-02
-9.1587725687541219E-01   4.5369947984306140E-02  -3.9888647276922224E-01   5.1973605571939796E-02
-8.6633113979149722E-01   3.7064833498397291E-01   3.3479869772920833E-01   5.5047660679251295E-02
 5.4279282279089926E-01   8.0314561622651652E-01   2.4562791100120655E-01   4.6048171764295959E-02
 1.2086080702646564E-01   9.7198746716551891E-01  -2.0157636021634766E-01   4.5930111882898820E-02
-9.4971507195611817E-01  -1.4255583513986387E-01  -2.7878148426134967E-01   5.1467647530608191E-02
 5.1044902891403109E-01   8.3506605166139369E-01  -2.0519863119273802E-01   4.4216723393959043E-02
 3.4861897921508249E-01  -3.2441731896402812E-01  -8.7932827231201073E-01   4.6754483079884820E-02
 7.9567269541371477E-01  -6.0398902509068230E-01  -4.5849965573389592E-02   5.0745354980891290E-02
-5.4697713361218349E-01  -7.0983160798557767E-01  -4.4379624109495239E-01   5.1347415569685974E-02
-4.1432227039990019E-01  -5.0279050209666200E-01  -7.5864271383310502E-01   4.9859311182231289E-02
 3.8462299308123926E-01  -6.7449710088835868E-01   6.3017363804464903E-01   5.5266544962212975E-02
 2.6878482231995368E-01  -5.3584375920397029E-01   8.0039126995025906E-01   4.8825584701731994E-02
 7.2489919201034860E-01  -6.7299856430191216E-01   1.4694929013203408E-01   3.9906396231483176E-02
-8.5271012190514365E-01   1.3890851724331270E-01   5.0357707636247619E-01   4.6771934183145082E-02
 2.5591522145293015E-01  -8.2039350954748417E-01   5.1133344201319328E-01   4.6992044906983974E-02
 3.8208680393697269E-01  -9.2402744056013812E-01   1.3526394534742351E-02   5.3854363473368245E-02
 4.8988641909342014E-01  -8.5601365849117208E-01  -1.6508153398967698E-01   4.2059577920489141E-02
 1.1275630355455248E-01  -3.7478008543601148E-01   9.2023144021995335E-01   4.6805457192820014E-02
-5.7942905941550248E-01  -5.3693442901915613E-01  -6.1315853091899397E-01   4.8069140132213821E-02
-8.2724045822219256E-01   5.3311261991467997E-01  -1.7738139352266673E-01   5.6629429426794857E-02
-1.0364244964777324E-01  -4.1588766487416677E-01   9.0349083716245921E-01   4.2890322607498001E-02
 5.3078125777155502E-01  -3.5947639853753052E-01  -7.6749460929242534E-01   4.1263012501221014E-02
 6.1000439756158399E-01   5.5617903435320767E-01   5.6441076947686106E-01   4.6739579149170982E-02
-8.6063743815226203E-01  -3.7078145295159132E-01  -3.4903339983133117E-01   4.9845085499793029E-02
 5.0427430414174443E-01  -1.5599144560185226E-01  -8.4933744476586205E-01   5.1235365050885732E-02
-9.4518963034054266E-01   3.2044400539458544E-01  -6.2707273129863985E-02   5.1182284995802902E-02
-2.7134822782128384E-01   9.1531831518686317E-01   2.9759455832009198E-01   5.1478031508214918E-02
 4.0310916903198359E-01   6.3112579158571158E-01   6.6270901083179243E-01   5.0017806596085625E-02
 2.9724782153632096E-01   9.5288244613234329E-01  -6.0487820631540341E-02   5.0682806728273979E-02
 6.8322549286145406E-01   5.4382393166518632E-01  -4.8729709341678004E-01   4.7360978406137759E-02
-3.7948421600556239E-01  -9.2421995354482966E-01  -4.2534777209203831E-02   5.0461048248341242E-02
 9.1007761366008281E-01  -2.9009727140673756E-01  -2.9597687449720533E-01   5.7393065466078168E-02
 5.0700421373250375E-01   8.6171218028724787E-01   1.9971119199569699E-02   5.7116759609818732E-02
 8.1210609893805578E-01   2.1016463316355786E-01   5.4434778500039815E-01   4.9564218613667589E-02
-7.4064689381034884E-01   6.4129101023643393E-01   2.0046949613099727E-01   5.4187386937342285E-02
 4.7864285797916554E-01  -4.8166671452674156E-01   7.3409685370702328E-01   4.6736464408336706E-02
 2.7884257181490115E-01   7.8873181724604490E-01  -5.4785850418461459E-01   4.8152431413289837E-02
-8.0747275453037055E-02   3.8685802186631503E-01   9.1859716330097214E-01   4.4935816528138206E-02
-6.2822759887203263E-01   5.3181657655870910E-02  -7.7620989126940029E-01   4.6113491971516147E-02
-1.3740584585987170E-01   8.6040028399481709E-01  -4.9074533601978451E-01   5.1808814266428315E-02
 5.3456954755585117E-01   2.5567634806767527E-01  -8.0552157256321166E-01   5.1863446047743382E-02
-3.3833581989891090E-01   6.8781069904052403E-01   6.4221905550887958E-01   5.2049954117230630E-02
-8.2566837707412013E-01   4.2963060985266929E-01  -3.6563543342708459E-01   4.2581357863389204E-02
 9.2189604196412275E-01   9.6936720226850603E-02   3.7511459593375691E-01   4.0280833922026646E-02
 1.3861886454409830E-01  -9.2771828873339110E-01   3.4658849828304081E-01   5.1328120711036326E-02
-4.9324641363305037E-01   8.3167043319854858E-01   2.5501424662452123E-01   4.4204078966453934E-02
 5.9610125782705551E-01  -5.8564559099416078E-01   5.4925634467532784E-01   4.9116870039210791E-02
 4.6042431652632691E-02   8.4557166982703222E-01   5.3187277207377059E-01   5.3752900949695385E-02
 5.8919694831152815E-01   4.5254811449351981E-01  -6.6936324978948649E-01   4.8758373522428941E-02
-7.4996821523413110E-01  -3.6785477580076868E-01  -5.4975498184109081E-01   5.1655276963708214E-02
 9.0861316131202958E-01  -4.0948365010422724E-01  -8.2129552463642898E-02   4.9487145871603779E-02
-9.3509597958832397E-01  -3.2624537809910201E-01  -1.3841770922366458E-01   4.8485084542458878E-02
