169
   0.00000000000000000E+00   0.00000000000000000E+00   0.10000000000000000E+01   0.79671046193181220E-01
   0.99931225212492158E+00   0.00000000000000000E+00  -0.37081299235829909E-01   0.72841027542851763E-01
   0.73448174966091954E+00  -0.50372010531884860E+00   0.45475555512011345E+00   0.79781902597016989E-01
  -0.92605482291442786E+00   0.56739395510055716E-01  -0.37309932451571281E+00   0.64683187347482338E-01
   0.88096439270135338E+00   0.46722079016039304E+00   0.74876378346134586E-01   0.76545090054968092E-01
   0.87025194263684610E-01   0.68305450362810065E+00   0.72516423011393573E+00   0.78069984452470642E-01
   0.46805140689177875E+00  -0.70756830657626501E+00   0.52941002260575231E+00   0.76665472399908018E-01
   0.53657369785262254E+00  -0.47916793673688253E+00   0.69461266557418985E+00   0.78177274135064571E-01
  -0.77793714134469054E+00  -0.47888723634846845E+00  -0.40679333694024197E+00   0.75075531084417699E-01
  -0.12117986254076662E+00  -0.95250545563671380E+00  -0.27937214946536284E+00   0.79197696179599406E-01
  -0.45686171409199047E+00   0.40266493853542355E+00  -0.79318240113557241E+00   0.77612012079775194E-01
  -0.70786657616526627E+00  -0.30930714672867898E+00  -0.63502283370806971E+00   0.74562703636357294E-01
   0.47487124504737403E+00  -0.37592458553985537E+00  -0.79572483096472792E+00   0.79845527669361207E-01
  -0.71581973849016344E+00  -0.43206791044485424E+00   0.54856122971979290E+00   0.76753914351275014E-01
  -0.85624493250865327E-01   0.49181717147676202E+00   0.86647811051181768E+00   0.74270480864837038E-01
   0.50155499394486726E+00   0.67419102973991051E+00  -0.54213378742447275E+00   0.79256816505469895E-01
   0.77483632820196515E-01  -0.88946173338738319E+00  -0.45039328534570381E+00   0.59554587494870396E-01
  -0.14816067563006674E+00   0.69378934974640813E-01  -0.98652672420904377E+00   0.74958029049216943E-01
   0.18930021795911514E+00  -0.82628792236875430E+00   0.53048439828911000E+00   0.75444739080171654E-01
   0.33817793405131357E+00  -0.83598755856424133E+00  -0.43215794201493560E+00   0.75363055558537563E-01
  -0.54251766192412063E+00   0.58479552924831104E+00   0.60306614518771777E+00   0.73754794389467468E-01
  -0.61280311523521922E+00  -0.70669276364035562E+00  -0.35363495270740297E+00   0.79845527669358276E-01
   0.59843016858268027E+00  -0.79873204970053484E+00   0.62517566421664465E-01   0.81111416432815826E-01
   0.11702106985569986E+00  -0.73019483843949481E+00  -0.67314305101229967E+00   0.81586730643594513E-01
   0.80050244150930556E+00  -0.57339002823886922E+00   0.17441248995949183E+00   0.84862207296082896E-01
   0.20052526735236710E+00  -0.95589552212668138E+00  -0.21460048446222304E+00   0.77510473020668051E-01
  -0.26107581621732967E-01  -0.52678327771940294E+00  -0.84959859492413656E+00   0.82282669802614165E-01
  -0.66089432376512844E+00   0.43708555183997948E+00  -0.61006140116202569E+00   0.57054515777155057E-01
   0.24482004845284368E+00   0.82690120530607877E+00  -0.50625837330250789E+00   0.74755681959425297E-01
  -0.56691394277016202E+00  -0.81994679559798573E+00  -0.79346290911324359E-01   0.73309183174776721E-01
  -0.99031330120216605E+00  -0.55042311906262701E-01  -0.12747513232815985E+00   0.80344019488003244E-01
  -0.92257383135365262E+00  -0.41796307824284566E-01   0.38354998938039326E+00   0.76966630676687062E-01
  -0.29156079087879934E-01  -0.22747055999231635E+00  -0.97334837925020618E+00   0.79197696179598793E-01
   0.15726669225952125E+00  -0.35779278449148188E-01  -0.98690781268536280E+00   0.73531155660274807E-01
  -0.28370094585941814E+00  -0.95659410336238757E+00  -0.66644540142321382E-01   0.73531155660275588E-01
  -0.44449181247422044E+00  -0.88096509716010444E+00   0.16225759220779190E+00   0.72697931255411196E-01
  -0.33821628363306759E+00  -0.12483138202350114E+00  -0.93275230985912820E+00   0.77510473020666976E-01
   0.95204063341693494E+00   0.27307912226820847E+00  -0.13800878705468764E+00   0.76966630676695793E-01
   0.25216032199237647E+00   0.81531059537028731E+00   0.52123296623453194E+00   0.74270480864838344E-01
   0.94184015110803169E+00  -0.31784182747441880E+00   0.10914990823872361E+00   0.74073352639505252E-01
   0.83585556754290522E+00   0.50904890641926501E+00  -0.20546211592621683E+00   0.71841879473744807E-01
   0.22787224522047635E+00   0.48515576609853621E+00   0.84421450027793376E+00   0.74003130878645713E-01
  -0.40218045057239377E+00  -0.73827915448559844E+00  -0.54147463027312383E+00   0.63260147041136995E-01
  -0.83453191395058929E+00   0.30629514147906933E+00  -0.45797354825828451E+00   0.84862207296084459E-01
   0.23997544995438007E+00  -0.53485625326104333E+00  -0.81014848748038250E+00   0.63260147041129988E-01
  -0.92057941556343951E+00  -0.35416953762017335E+00  -0.16461311692203890E+00   0.76121863302042029E-01
  -0.47115217342980182E+00   0.87845941151090070E+00  -0.79527930944392215E-01   0.75714556775711496E-01
  -0.98885612089413719E+00   0.82069423551791373E-01   0.12421023262226209E+00   0.72841027542848006E-01
   0.46029100716994140E+00   0.83644633630959681E+00  -0.29747220910991627E+00   0.71410463747316539E-01
  -0.23890090713543421E+00  -0.37749086714702850E+00  -0.89466586041407154E+00   0.59554587494869455E-01
  -0.48223172672339904E+00  -0.52252409222706690E+00   0.70315086203719383E+00   0.79256816505473919E-01
   0.60174572458718449E+00   0.11021576623471618E+00  -0.79104650167631653E+00   0.77816709316224530E-01
  -0.28701927883882927E+00  -0.60410890241513497E+00  -0.74341937531760580E+00   0.81586730643590996E-01
   0.40594180739593896E+00   0.62169003119540056E+00   0.66986024969420325E+00   0.75593907686100081E-01
  -0.39421099556615475E+00   0.78246796391342998E+00   0.48201823246005153E+00   0.80205471916397126E-01
  -0.88284550127149561E+00  -0.31898774010034713E+00   0.34471820745408128E+00   0.74679307966542634E-01
  -0.93834428027613956E+00   0.34008554432215420E+00   0.62063147004947563E-01   0.65803659023739857E-01
   0.73544603957637182E+00   0.61620301022813395E+00   0.28180307496054052E+00   0.72644963102851871E-01
   0.36967942650731027E-01   0.53834358573766696E+00  -0.84191422063728289E+00   0.74549254929095463E-01
  -0.42406026418871620E+00   0.13801598211484717E+00  -0.89505557426177198E+00   0.77025127313523196E-01
   0.67465632132541140E+00  -0.19082076672762484E+00  -0.71304016933209632E+00   0.73644368833582776E-01
  -0.17060318168369203E+00   0.22190307055844487E+00   0.96002790671736981E+00   0.75540558599936300E-01
   0.23343276699584598E+00  -0.29360011745125952E+00  -0.92698873473482397E+00   0.70766664232575244E-01
  -0.15728761639437191E+00  -0.96705675924983367E+00   0.20015451560778325E+00   0.79065310302600968E-01
  -0.78668836147984091E-01  -0.86565090575708651E+00   0.49442868401930066E+00   0.74549254929094521E-01
  -0.76233943262491701E+00  -0.55952287351159579E+00   0.32522721823741376E+00   0.58284377253432770E-01
   0.32107573273757701E+00  -0.94633417786154101E+00   0.36905252446624974E-01   0.77025127313519998E-01
  -0.72584491816352247E+00   0.57150997584189067E+00  -0.38278649700504185E+00   0.79781902597017850E-01
   0.65198327768115165E-01   0.24425454244031747E+00  -0.96751687145677855E+00   0.79065310302601039E-01
  -0.48698763057173009E+00  -0.33200906875507767E+00  -0.80784467933787755E+00   0.75363055558541152E-01
   0.45083221282163759E+00  -0.91170371116107062E-01  -0.88794047059073566E+00   0.73309183174774084E-01
   0.87505874792677413E+00   0.25787007198417395E+00  -0.40960372758521526E+00   0.74679307966542136E-01
  -0.56470539889866264E+00  -0.54151039689093884E+00  -0.62279555434646463E+00   0.74022068340798927E-01
  -0.75850742359538383E+00   0.42613645063860818E+00   0.49302557112975593E+00   0.80022714957140106E-01
   0.23736070840291825E+00   0.94617358488652456E+00  -0.22003509122284947E+00   0.76001468273432113E-01
   0.73622786241365245E+00  -0.29259077570834373E+00   0.61021239955954165E+00   0.62375173087184512E-01
   0.55841455260661421E+00  -0.19354326052334142E+00   0.80666857738674124E+00   0.75714556775714463E-01
   0.51433840383543136E+00   0.73300612036905201E+00   0.44514945113021484E+00   0.77314490935360833E-01
  -0.85350319844967152E+00   0.50600346059970622E+00  -0.12447002891179039E+00   0.80941943650811492E-01
   0.85990738281064782E+00   0.36974455135972257E+00   0.35192081456989661E+00   0.80022714957138330E-01
   0.61061439898899267E-01   0.94336649325169084E+00   0.32608459020242053E+00   0.71474923170760122E-01
  -0.80651689036484199E+00  -0.29828908685535715E-01  -0.59045807790465154E+00   0.70030948790790343E-01
  -0.60189905172278290E-01   0.83097088570506407E+00   0.55305023499307326E+00   0.74003130878644851E-01
   0.93173224218989822E-01   0.26721031536844943E+00   0.95912324424410204E+00   0.71474923170759234E-01
  -0.20670237963023398E+00  -0.52771835857551971E+00   0.82388558688543511E+00   0.74755681959423201E-01
  -0.26491651623072489E+00   0.92625266261229466E+00  -0.26809558823638002E+00   0.76582514189087360E-01
  -0.27224245167586285E+00   0.79197313987826820E+00  -0.54650031401351686E+00   0.69814815938679304E-01
   0.29329669854670484E+00  -0.62671986733684423E+00   0.72194130959995064E+00   0.69814815938678647E-01
   0.84375318342991114E+00  -0.24883404426865602E+00  -0.47556512053008601E+00   0.76121863302042056E-01
  -0.21229598077713656E-01   0.90795403757523178E+00  -0.41853168316902022E+00   0.77654259755257317E-01
   0.71622979393265309E+00  -0.67882803094327890E+00  -0.16188695651243811E+00   0.70030948790783771E-01
   0.95268021101819524E+00  -0.24033711186965245E+00  -0.18611418052497004E+00   0.80344019487986457E-01
  -0.19504891282391611E+00   0.97939527622543653E+00   0.52352788975462782E-01   0.88223947891497527E-01
   0.62584824964898038E+00  -0.71215967218019295E+00   0.31802919635075599E+00   0.57054515777154160E-01
  -0.38180192022434983E+00  -0.87093871718934536E+00  -0.30934292397528131E+00   0.70766664232571958E-01
  -0.43417061673083576E+00   0.20407878282656417E+00   0.87740966826653661E+00   0.63507599000396499E-01
   0.31513855593148472E+00  -0.36820286789953526E-01   0.94833114313836812E+00   0.88223947891498060E-01
   0.67994027958760820E+00   0.49382473341933721E+00   0.54205013500380729E+00   0.73754794389471047E-01
   0.87168282422493099E+00  -0.48350131072724416E+00  -0.79972098111060274E-01   0.64683187347489941E-01
   0.29650112435873099E-01  -0.99955983950691980E+00  -0.99903825793102161E-03   0.74958029049217165E-01
   0.41316777176853918E+00  -0.64789756198949985E+00  -0.63993838886246114E+00   0.74022068340799549E-01
  -0.49774203415375515E+00   0.78395487800492666E+00  -0.37103586981417664E+00   0.78177274135064829E-01
   0.33718455425644338E+00  -0.35902601911565215E+00   0.87029126961543799E+00   0.76582514189085886E-01
   0.88502206133073286E+00  -0.25861416808153587E+00   0.38711065992219268E+00   0.80941943650817158E-01
   0.75368197160101626E+00   0.23113618288819925E+00   0.61525567908267033E+00   0.69750285820679618E-01
  -0.55664010542173718E+00  -0.70369693093654994E+00   0.44154549304296821E+00   0.87807156545361966E-01
  -0.65466142686218544E+00   0.74974973882157778E+00   0.96404073128387164E-01   0.76851610850167659E-01
   0.54506998918826452E+00   0.98217220202616104E-01   0.83261761003594934E+00   0.69554573526477607E-01
   0.12621511599748458E+00   0.99065338649865584E+00   0.51726321273472581E-01   0.79671046193182535E-01
  -0.60668281746258010E+00   0.67880898128900462E-02   0.79491501484898234E+00   0.88488995269181831E-01
   0.12278219201665876E+00  -0.95274417861841680E+00   0.27785439250136505E+00   0.76017076817366424E-01
  -0.63713272454185965E+00   0.68365049207168420E+00   0.35592681271296617E+00   0.69750285820680675E-01
  -0.88964255253104234E+00  -0.21663867593752610E+00  -0.40199976718163279E+00   0.75818690308296670E-01
   0.81872438759538415E+00   0.82537950434677878E-02  -0.57412738309885869E+00   0.79240913311173031E-01
  -0.24133643158347952E+00   0.67028574916791443E+00   0.70176473354890127E+00   0.75593907686100694E-01
  -0.32840170355516522E+00  -0.85692136358532629E+00   0.39728843141114813E+00   0.64124954380253100E-01
  -0.90866920761376270E+00   0.26275098605873350E+00   0.32447217208836258E+00   0.73623038155288940E-01
   0.28149369957024026E-02   0.76095640361152359E+00  -0.64879690807858070E+00   0.75562942238329391E-01
   0.69863083203292317E+00   0.71490527707145821E+00  -0.28729868575523941E-01   0.88488995269181103E-01
   0.58022294507142593E+00  -0.69255855223097428E+00  -0.42860702950882405E+00   0.74562703636360110E-01
   0.49895929675316326E+00  -0.84612007932641954E+00  -0.18740445977682165E+00   0.70812705867863767E-01
   0.79967361082124899E+00  -0.48952109011048223E+00  -0.34769414503720197E+00   0.75818690308298064E-01
  -0.29631422469869598E+00  -0.71977185863013097E+00   0.62779483254112369E+00   0.74879625277560855E-01
   0.35350422856761833E+00   0.16681008162142481E+00  -0.92043965421654156E+00   0.72697931255413159E-01
   0.31557027497147611E+00   0.91593323978698748E+00   0.24795503989179130E+00   0.75540558599936487E-01
   0.96709648589303380E+00   0.19584052759482927E+00   0.16239111652034421E+00   0.73623038155300140E-01
  -0.67937014638989392E+00  -0.71948428154771084E+00   0.14421710300775202E+00   0.77816709316221155E-01
  -0.33366159199148608E+00  -0.34326801146333711E-01   0.94206773257169089E+00   0.74691227854215460E-01
   0.52027887783455488E+00   0.41830026539601430E+00  -0.74453661914565385E+00   0.87807156545361984E-01
  -0.77711980456401716E+00  -0.61340775899655231E+00  -0.14076835779823310E+00   0.73644368833582856E-01
  -0.61242831475798089E+00  -0.27044215845294123E+00   0.74282743501705272E+00   0.62663763327025074E-01
  -0.80262413293033212E+00   0.14766628598728248E+00   0.57791796063157150E+00   0.76545090054972009E-01
  -0.21771176619431522E+00   0.60328771948153727E+00  -0.76723237313301497E+00   0.75444739080172764E-01
   0.39770131085271515E+00  -0.86701069738085365E+00   0.30021012303584595E+00   0.77612012079776304E-01
  -0.68284327856154858E+00   0.71160254273768632E+00  -0.16536891513393532E+00   0.62375173087188873E-01
  -0.61564669984985673E+00  -0.69750972456115096E-01  -0.78492925974600202E+00   0.70812705867862337E-01
  -0.36321915569690350E+00   0.45311801183504183E+00   0.81409822029377227E+00   0.77314490935360957E-01
   0.65787749813193849E+00  -0.46345228606572650E+00  -0.59364061181165261E+00   0.75075531084413782E-01
   0.27169541527715961E+00   0.41183777692919338E+00  -0.86981104086542373E+00   0.64124954380252052E-01
  -0.87780565291419581E+00  -0.47197840603116496E+00   0.81814546091529738E-01   0.79240913311173857E-01
   0.56259878792794646E+00   0.80394471509404539E+00   0.19275761695549116E+00   0.63507599000395309E-01
   0.54210236932582098E+00   0.37832081396849570E+00   0.75033218169657764E+00   0.80205471916394692E-01
   0.89257650451175507E+00   0.62403366986077051E-01   0.44655683107794672E+00   0.79452884116695585E-01
   0.95155475249469034E+00   0.57346911967679208E-02  -0.30742587126272629E+00   0.71847317711493126E-01
   0.44342991241154301E+00   0.89589046961023228E+00  -0.27389400144011055E-01   0.74691227854217157E-01
   0.12243858048812650E+00  -0.22967588064573214E+00   0.96553497288169740E+00   0.57578035393720448E-01
   0.76025947819834200E-01  -0.47786142140332268E+00   0.87513914161834396E+00   0.77654259755256900E-01
  -0.14905051533180325E+00  -0.25303321784848122E+00   0.95590696960769498E+00   0.76001468273432388E-01
  -0.39142289809790220E+00  -0.29590549114386345E+00   0.87133693549369759E+00   0.71410463747319390E-01
  -0.78860874297425720E+00  -0.13821197147428674E+00   0.59916083103433326E+00   0.71841879473745064E-01
  -0.47826228916863531E+00   0.62742382446124187E+00  -0.61449534356055579E+00   0.76665472399907574E-01
   0.72284731845018743E+00   0.48722688115345986E+00  -0.49000175559975858E+00   0.76753914351274907E-01
   0.28549249277348348E+00   0.63483286146824333E+00  -0.71797024629856673E+00   0.74879625277561991E-01
  -0.61548075007453633E+00   0.32539593668122259E+00   0.71784464243945986E+00   0.72644963102849349E-01
   0.74604774659230885E+00  -0.32465074422927955E-01   0.66510057791829639E+00   0.76851610850168174E-01
  -0.67643320321333337E+00   0.18649182947547238E+00  -0.71250187307082955E+00   0.81111416432812255E-01
  -0.26024147185325410E-01   0.98642584758841707E+00  -0.16213201711182652E+00   0.57578035393717561E-01
   0.72532166314873425E+00   0.26897305780695446E+00  -0.63368918180850366E+00   0.58284377253432531E-01
  -0.97526179065631062E+00  -0.19180953217801569E+00   0.10987967533396474E+00   0.71847317711488747E-01
  -0.42004836901966786E+00   0.88306850319702743E+00   0.20916353971301648E+00   0.69554573526477616E-01
  -0.14414715408677936E+00  -0.80953392299076938E+00  -0.56910141934092672E+00   0.82282669802610364E-01
  -0.95158485996474393E+00   0.24135630707496362E+00  -0.19035069561473836E+00   0.74073352639506042E-01
  -0.81527575170636517E+00   0.54432469359802473E+00   0.19757549599846020E+00   0.79452884116695949E-01
   0.97239608024374657E+00  -0.72815410410781575E-01   0.22168396228258533E+00   0.65803659023727156E-01
   0.34469201357458749E+00   0.24856724605247464E+00   0.90520811969832930E+00   0.65345072464978848E-01
   0.66475629562300628E+00   0.68116072447321576E+00  -0.30678842035628077E+00   0.62663763327030981E-01
  -0.19566895429247708E+00   0.92110405026946935E+00   0.33657241257011438E+00   0.65345072464979354E-01
   0.58067114220039517E-02  -0.69328570399127817E+00   0.72063944850651866E+00   0.75562942238332624E-01
  -0.19912086495680000E+00   0.35356741384428076E+00  -0.91396989283363314E+00   0.76017076817364204E-01
