729
   0.0000000000000000E+00   0.0000000000000000E+00   1.0000000000000000E+00   1.7672285057904115E-02
   6.4941111537682729E-01   0.0000000000000000E+00  -7.6043750777103644E-01   1.7886988889105919E-02
   5.2420951921939415E-01   3.3222048379667041E-01   7.8411346762166882E-01   1.9375897755953097E-02
   7.4275738228163445E-01   6.4761826079967468E-01   1.7000605678898197E-01   1.8115821475159686E-02
   5.5198239073987291E-01   8.1926325823544381E-01   1.5531630313183093E-01   1.9399160192712175E-02
  -5.0415222674443018E-01  -7.4004549834242556E-01  -4.4515524556242578E-01   1.7234427820073223E-02
  -7.4361228315353393E-02   2.2172852578548059E-01   9.7226892811424843E-01   1.6718811107977096E-02
  -7.7560547115805018E-01   5.3025410190144981E-01   3.4244231707892884E-01   1.8276680903678521E-02
  -6.1613564942839911E-01   7.8676988100904718E-01  -3.7013725028080335E-02   1.5589865591963660E-02
  -8.4074618982513698E-01  -5.2905029816146766E-01  -1.1511570835371194E-01   1.8043120395330731E-02
   8.8585888141036210E-02   4.5600241532533623E-01  -8.8555877142046508E-01   1.9459252644131533E-02
  -1.4651541235982468E-01  -3.1591856342464637E-01  -9.3740529933681209E-01   1.2142321233889434E-02
  -7.3536347308472738E-02  -8.7378915098539273E-01  -4.8071293434310060E-01   2.0413122865649246E-02
   4.8942839475512140E-01   7.7265246624729204E-01   4.0431177673845022E-01   1.7315305856820519E-02
   6.1015347288960111E-01   6.7907590000409969E-01  -4.0812824155451545E-01   1.8803346892908585E-02
  -4.6353799136857292E-01   4.7931258699655767E-01  -7.4524625091620286E-01   1.9471784819763954E-02
  -7.6527196825678167E-01  -4.8851209301259492E-01  -4.1918343190164986E-01   1.7037587632696262E-02
   2.2807565764027923E-01  -8.1216698381138545E-01  -5.3699747187363078E-01   1.7191338295092412E-02
   8.5157121414630196E-01   4.5018110689317527E-01   2.6863253383354135E-01   1.9765253859478686E-02
  -8.3769220177626220E-01  -5.5320620904263781E-02   5.4333360285003973E-01   2.0665230315747606E-02
   9.9835910594893135E-01   2.9131909546634521E-02   4.9299365259780012E-02   1.8667782546874221E-02
   9.1273715628352842E-01   1.8422092010679326E-01   3.6465536624937295E-01   1.8964491658008581E-02
  -3.9816105554684462E-01  -6.0985382441219275E-01   6.8523432977022169E-01   1.8622302044884403E-02
  -5.9118416759284020E-01  -5.3367407537779119E-01  -6.0472577360091097E-01   1.6463212051613975E-02
  -2.1333122764550402E-01   1.6716219638009322E-01   9.6257289979130682E-01   1.8372528071083291E-02
   1.0571722680276605E-01   1.0967788457764622E-01  -9.8832921113953968E-01   1.7664183213906385E-02
  -1.3684086500325451E-02  -7.9956806788008227E-01  -6.0041956214231051E-01   1.7863143872839479E-02
   9.6428425364552055E-01  -2.1785699900145525E-01   1.5064596296410126E-01   1.8081081088479272E-02
  -4.5962789698146409E-01   8.3705244535143670E-01   2.9679184632933663E-01   2.0574220108251544E-02
   8.1223697326844153E-01  -5.2748649340829008E-01  -2.4905641635490280E-01   1.7373371232630139E-02
  -8.3466288120719411E-01  -5.5050742608532177E-01   1.6716714982895409E-02   1.6194897100624521E-02
   1.2242823253687959E-01   9.7854477067451597E-01   1.6571499528846089E-01   1.8841356288276479E-02
  -3.4791498459313130E-01  -9.2417255588421181E-01   1.5767133679272338E-01   1.8166079782884597E-02
  -8.8389692724546957E-01  -4.2265526010374863E-01  -2.0022175983806000E-01   1.6602700940210297E-02
  -6.2754896669690110E-01  -6.6400624981526368E-01  -4.0654396392508562E-01   1.7136117392978564E-02
   6.2437708584110316E-01   1.1855508520267568E-01   7.7207379598659988E-01   1.5971355444729223E-02
  -5.6543019411621830E-01   7.9694629889637713E-01   2.1252127483398450E-01   1.3683248856654768E-02
   8.5006663768093417E-01  -4.6765990035463467E-01   2.4224146858480803E-01   1.6835949571678638E-02
   8.6188446184427220E-01   1.6098372943026073E-01   4.8087359387902948E-01   1.2465280750804035E-02
  -1.8384556044907110E-01  -9.1231030480324655E-01  -3.6591080559744959E-01   1.7736408463840853E-02
  -7.8092435320661302E-01   2.4154168946369258E-01   5.7603365077038528E-01   1.6393083400082701E-02
   7.7746445395902803E-01  -6.1165603932158196E-01  -1.4637592832028678E-01   1.7168175014746558E-02
   7.8202112503479543E-01   6.1723882975544679E-01  -8.6366585213491955E-02   1.7684444062414526E-02
   2.0220080798694342E-01  -1.8131656145821860E-05  -9.7934408300692261E-01   1.6269103471771080E-02
   2.9255270118428970E-01  -6.4198424653752770E-01  -7.0870949212453648E-01   1.3951007992434178E-02
  -4.6164957704728255E-01  -4.0136865211756314E-01  -7.9106439251769868E-01   1.7328783691591347E-02
   6.8296048545979095E-01  -7.1432991916776451E-01  -1.5263597833506290E-01   1.6989728755509537E-02
  -8.4226542885034447E-01  -4.1235915930042823E-01   3.4720148488246644E-01   1.8196730969265130E-02
  -8.8013483379249972E-01  -2.7576212419571493E-01  -3.8641677655624144E-01   1.6748075095981262E-02
  -4.2941326796959424E-01  -7.0935380454281213E-01  -5.5894671058367553E-01   1.7302184739874149E-02
  -2.7574587918906443E-01   3.6117946275758257E-01  -8.9079380655255686E-01   1.7650374333515901E-02
   5.7230193022100417E-01   4.7092027860975962E-01   6.7134535960220897E-01   1.5573993963199703E-02
   9.4362899477927300E-01  -6.0593282371453911E-02  -3.2541169976402466E-01   1.8904274393784374E-02
  -6.4846162745198032E-01  -7.1402072672021255E-01   2.6395438912105366E-01   1.5939923304228369E-02
  -5.5028689614305399E-01   7.9555961072752081E-01  -2.5351378209541044E-01   1.7547701185355688E-02
  -5.9418248473228754E-03   5.9002731665739229E-01   8.0736141864443897E-01   1.7099423687859802E-02
  -4.6789887771395584E-01  -8.7757379619440776E-01   1.0456994055155990E-01   1.6176080299801213E-02
   6.1693920154724768E-01   2.4060438336173759E-01   7.4933006899587484E-01   1.6404637346473897E-02
   7.1534146639772639E-01  -6.4412080754822138E-01  -2.7091506369225304E-01   1.7058531587271652E-02
   5.3600285633728743E-02  -4.6462089637564591E-01   8.8388598361501014E-01   1.6899484310511896E-02
   2.9012125422571649E-01   9.5309847325221159E-01  -8.6214605089859954E-02   1.8522216513899874E-02
   5.9087708175643225E-01  -2.7563317925489769E-01   7.5821542107031811E-01   1.7825188840682146E-02
  -5.9552207222675166E-01   7.8758501483923826E-02  -7.9946892368294228E-01   1.7487204417005548E-02
   5.0640337805325499E-01  -8.6027421435736197E-01  -5.9024527173673666E-02   1.6381494223309225E-02
  -1.6432440548501685E-01  -6.8975266742334619E-01   7.0515157770820779E-01   1.8748671878893564E-02
  -2.9973706809422996E-01  -5.7261208893265624E-01  -7.6306820508946291E-01   1.8725793958406317E-02
  -5.5235837017059292E-02   3.4511896821651157E-01   9.3693217475236458E-01   1.7530373878874289E-02
   7.5867896313433824E-01   5.3104633241890084E-01   3.7735397668745971E-01   1.8203923064913308E-02
  -6.9022648698179409E-01   6.3700688058492014E-01   3.4323407575041327E-01   1.7599218799991063E-02
   8.5172360955117873E-01  -5.0854519600059768E-01  -1.2628806973671236E-01   1.4657787728198665E-02
   5.1678271292630437E-01   1.6423080263449887E-01   8.4021656201633945E-01   1.9865415593529057E-02
   1.3399385390529818E-01  -9.0784663572443946E-01   3.9731616267076613E-01   1.6916017413203594E-02
   7.5025923419431581E-01  -5.4810347017238756E-01  -3.6972106714541630E-01   1.7450772220038186E-02
   6.9797756665038850E-01  -2.1848795149812421E-01  -6.8197531590443638E-01   1.7608835983467625E-02
   2.3056773846349973E-01  -4.8605206193035028E-02   9.7184157757875322E-01   1.6814841624117109E-02
   1.5964920627886005E-01   9.3463948349853183E-01  -3.1774386983878666E-01   1.5887502221781417E-02
  -6.3759249941836699E-02   9.9776290080006511E-01  -2.0098553029860202E-02   2.1891351749669549E-02
   3.4636704548283692E-01  -3.8172676671594679E-01   8.5692155147135817E-01   1.5484983147929871E-02
  -5.3579288779524727E-01   7.4990698032623370E-01  -3.8802770809056843E-01   1.7637854012766616E-02
   4.6505110312339530E-01  -3.2052759366237948E-01  -8.2522089962913440E-01   1.7021758429779043E-02
   8.7417669857136868E-01   2.5669696230989109E-01  -4.1221568288425993E-01   1.9162878266549714E-02
   6.0868538857701581E-01  -7.5889403734024432E-01   2.3147772640638901E-01   2.1276243135958479E-02
  -9.0059918796756193E-01  -4.3284611341800038E-01  -3.9564437707362669E-02   2.0034811991952001E-02
   2.4001821077824918E-01  -9.1734249885755190E-01  -3.1760667229230317E-01   1.7995644847496006E-02
   2.4467890564610841E-01  -2.4739149618074516E-01  -9.3751249631632909E-01   1.6588726519903933E-02
   9.5816848600941693E-01   2.7289455525270374E-01   8.6265370409283796E-02   1.8199998486394049E-02
   7.1419267775832215E-03  -9.7808671416288675E-01   2.0807540090061391E-01   1.6642196347780313E-02
  -3.6452279725058605E-01  -7.9914018354003788E-01  -4.7801474594012542E-01   1.6856800489080347E-02
   6.8154383379598240E-01   4.7697793685100853E-01  -5.5496851295549145E-01   2.1379831780325222E-02
  -6.0273032405048283E-02  -5.6395646572563808E-02  -9.9658752380930515E-01   1.7281876168175571E-02
  -3.6078047610897998E-01  -9.3257561341671983E-01   1.1839481365603619E-02   1.7781166016446716E-02
  -9.0132347545571285E-01   4.1108469822091624E-01  -1.3647477232460727E-01   1.8538346224185708E-02
  -4.7427294883562574E-01   2.6637628621238382E-01  -8.3911193779284172E-01   1.4733955495733088E-02
   6.6569749205974639E-02   9.9741133264969370E-01   2.7186430302919726E-02   1.6012153546694238E-02
   1.2329105606671708E-01   6.1204115424131071E-01   7.8115615660949497E-01   1.5410399651204869E-02
  -9.9628600896516417E-01  -7.7977076362802097E-02   3.6520732497783163E-02   1.7297081288960161E-02
  -3.6530187565903355E-01   5.8414504824788267E-01   7.2479590385671386E-01   1.7015164556024242E-02
   4.0706502755582025E-01   9.1254637097743191E-01  -3.9461172776520987E-02   1.5971992129408105E-02
   1.9208051164194220E-01   9.3925120138583366E-01   2.8445080021444457E-01   1.7146076294477124E-02
   6.6321088721904306E-01  -5.2294725710852691E-01   5.3542271651172761E-01   1.3506108479095120E-02
   1.6683200644289879E-01   8.8096235644041804E-01  -4.4280064155461946E-01   2.0018187989405964E-02
   6.1668577044048706E-01  -7.4007139921522000E-01  -2.6831508455517232E-01   1.7310533417785216E-02
  -1.4552143816360723E-01  -8.0304025732216661E-01  -5.7788394696058471E-01   1.7428203285778907E-02
  -3.2150079427715145E-01   9.3038220676418887E-01  -1.7614252358745982E-01   1.6324599904907897E-02
   6.1817492496989991E-01  -1.3494254134162142E-01  -7.7437088831820330E-01   1.7302700160670383E-02
   5.1178551362336541E-01  -2.0626120297478949E-01   8.3398555394722553E-01   1.2077298116887833E-02
  -8.8120023166453638E-01   5.4094825440880809E-02   4.6963805379769656E-01   1.5469833544262421E-02
   3.7069322078404138E-02   8.6039275628905329E-01  -5.0828158562550065E-01   1.5755430473462248E-02
  -4.7215098314575758E-01  -6.0935336757974392E-01  -6.3699444466472403E-01   1.8443162577260068E-02
  -9.0474276274054119E-01   3.5114982235351410E-01   2.4111062923419273E-01   1.7282778389654803E-02
   9.3801588135784683E-01   1.9422427640932140E-01  -2.8705946557070260E-01   1.7496533166382981E-02
   4.0085202000279736E-02   1.3360346364009951E-01   9.9022385907630265E-01   1.7165409785016798E-02
   8.7217123094172439E-01   1.2928158633003832E-01  -4.7180887587410431E-01   1.7850082582728365E-02
  -8.5495118845032109E-01   3.5125333887583676E-01  -3.8167991471383491E-01   1.8620839590318336E-02
  -5.4401845933608816E-01  -7.7424095964873327E-01  -3.2341127423730542E-01   1.7896995291870054E-02
   4.2269220466365196E-01   5.5915890694863525E-01  -7.1321288329403351E-01   1.7306177152789303E-02
   1.0081269119173408E-01   9.1229493439343194E-01   3.9693167418935439E-01   1.9051918775099776E-02
   3.1387559913947384E-02  -1.5587201159518233E-01  -9.8727844961992339E-01   1.6068695809997839E-02
   5.4432058286711768E-01   9.2707485933217945E-02  -8.3373882308498963E-01   1.9319355928151686E-02
   2.1341905445672089E-01  -4.1250197192575006E-01   8.8560399183391602E-01   1.9835164727854699E-02
  -8.9568221496780768E-01   1.0677925075991210E-01  -4.3168456238034940E-01   1.7543382949858798E-02
  -2.0124226181675934E-02  -2.9454142565618251E-01  -9.5542679682590652E-01   1.8027708246932796E-02
  -9.5494489292360178E-01  -1.2317007547178748E-02   2.9652747394501801E-01   1.8785945975169475E-02
  -3.5006685983083967E-01  -6.6185719235293225E-01  -6.6287121718993722E-01   1.7786361541897837E-02
  -1.3096857875574088E-01   1.8005469491646167E-01  -9.7489873228825221E-01   1.6272714677631492E-02
   9.4663993069060872E-01  -3.1501594040336722E-01  -6.8101387018633161E-02   1.7031783095555967E-02
  -5.7860640363321316E-01   7.4780414341004162E-01   3.2558192943315091E-01   1.7455181766322052E-02
   4.9278397678503385E-01  -8.4999488048355136E-01   1.8620594881925820E-01   1.6916297415222811E-02
   2.8902225152571894E-01   8.7938740473307728E-01  -3.7834366721253158E-01   1.5458580006604942E-02
  -1.0066106517308375E-01  -2.4976517695552993E-01   9.6306007410679903E-01   1.8115509130798839E-02
  -2.1438509891577002E-01   7.4892581342044177E-01  -6.2701607264519569E-01   1.8630055890930401E-02
   4.2488690409204057E-01  -4.5406578217689084E-01   7.8313177957938169E-01   1.7533122449647535E-02
  -5.0757150556242445E-02  -8.3309979506502003E-01   5.5078892792977649E-01   1.9175443321113348E-02
  -1.4357178656005329E-01  -9.5626705974536125E-01  -2.5483416676324304E-01   1.4246257649126443E-02
  -5.5089431513066937E-01   1.0904457511921627E-01   8.2742053044010237E-01   1.8550556468607153E-02
  -4.9232929062874921E-01   7.5672257024273772E-01   4.3009629302543093E-01   1.7399781955456199E-02
  -9.8146932054367219E-01   1.5173957953327068E-01   1.1701740398166780E-01   1.8442931775940426E-02
  -1.2542642180975602E-01  -3.2885109847583269E-02   9.9155775538407926E-01   1.3853349952952893E-02
  -3.1681023672631845E-01  -7.7787042798751038E-01   5.4272356791274649E-01   1.6991888955560630E-02
   8.2968978796527768E-01  -4.3862711264160667E-01  -3.4528410302505947E-01   1.7245701237685249E-02
  -3.1247697361758697E-01   2.3760550452537168E-01   9.1972918034497386E-01   1.5941121665456181E-02
   6.2376222004017813E-01  -7.8075262745617655E-01  -3.6688248402248135E-02   1.8622608383859244E-02
   6.8764051969584008E-01   7.2130475526678488E-01   8.2885256239929780E-02   1.5369145226151754E-02
   6.6871818689224564E-01  -5.4355096378172564E-01  -5.0731482956001281E-01   2.1233505709071551E-02
  -6.9057963071425714E-01   2.9634543262078087E-01   6.5975689326248243E-01   1.6438980546526789E-02
  -5.2003235234554701E-01   8.5405435656458532E-01   1.2550240914379913E-02   1.6561220559409585E-02
  -7.7482889322260284E-01  -3.9601704739481569E-02  -6.3092938686445982E-01   1.8162485673538768E-02
   3.0769284845315194E-01  -8.5546763923228024E-01  -4.1653358716571080E-01   1.6799149849476158E-02
  -5.3308695441179914E-01   6.5399714291164023E-01   5.3675509881077418E-01   1.7602152015239811E-02
   4.0263228221517346E-01   8.0577250586634185E-01  -4.3430163954108751E-01   2.0381895518219139E-02
   9.4901547466194653E-01  -1.7499519198052939E-01  -2.6219517851375178E-01   1.6227320883355112E-02
   9.4006599491954663E-01  -2.8325720956567629E-01  -1.8984540664706496E-01   1.4860091489266890E-02
   3.4577503003792475E-02  -7.0465004651214568E-01  -7.0871200655587438E-01   1.7110225035269848E-02
  -9.6926286145989877E-01  -4.3053554303000058E-02  -2.4223108152433185E-01   1.8026588630610479E-02
  -7.3049238894295243E-01   1.4751400267051559E-01   6.6679868679575360E-01   1.8482991338421697E-02
  -2.3463284694416648E-01   6.3223173252889086E-01   7.3839722610421043E-01   1.6809096309126942E-02
  -6.5440798031880111E-01   2.9678667758266810E-01  -6.9546233780450625E-01   1.9191474551526425E-02
   9.5332558010232588E-01   2.9773159864783306E-01  -5.0261650282989052E-02   1.6489783076802162E-02
   6.6889869793609113E-01  -7.3778380759287562E-01   9.0827226937523910E-02   1.6638293777467714E-02
   8.3398473557964614E-01  -2.3496252056902884E-01  -4.9926152940918298E-01   1.3863776774545144E-02
   9.4679914712646144E-01  -1.9694769331062484E-03   3.2181904257084505E-01   1.4472841620658181E-02
  -8.4195393084008358E-01   4.0985739945414136E-01   3.5089954467855917E-01   1.7724169606293984E-02
   3.2218598444486095E-01   9.0304568047639097E-01   2.8408570960227446E-01   1.7546563830892420E-02
  -1.3208985258494805E-01  -9.9122927346847014E-01   4.0985684397842643E-03   1.7414728192278092E-02
   2.1747962523317685E-01  -5.7145224523952080E-01  -7.9129320989071274E-01   1.6821899423736253E-02
   6.8860104744777581E-01   5.7605772249662754E-01  -4.4043852897518451E-01   1.6710597099845361E-02
  -7.3703424004465398E-01   4.5666405019916158E-01  -4.9823536030424095E-01   1.5821795944766698E-02
  -4.6914664158259693E-01   1.3893687481338734E-01  -8.7212268260197163E-01   2.0234181325660522E-02
  -6.8385501259734882E-01  -1.1925890302758554E-01  -7.1980527630334636E-01   1.7586453785958702E-02
   6.7200219919400243E-01  -6.6452434099395594E-01   3.2683397085519287E-01   1.5574035450679868E-02
  -5.7506336825044908E-01  -4.7868575065953926E-01   6.6344711515836864E-01   1.8858661957714758E-02
  -2.4390964508876011E-01  -9.6647591061559019E-01   8.0202239572474294E-02   1.6662806354684804E-02
  -1.6539595548151999E-01  -3.7270728630320193E-01   9.1309005943929655E-01   1.7347246909860558E-02
  -5.6087926247730335E-01   6.4834751948278377E-01  -5.1483972933665249E-01   2.1568488299657406E-02
  -6.3040771972556299E-01   1.9645501158573384E-01   7.5099369859757505E-01   1.7160015782958819E-02
   6.5269427937145154E-01   6.0858361698819116E-01   4.5123847221768693E-01   1.5858014346207552E-02
   5.0751853448594639E-01   7.8195280049496052E-01  -3.6190434502963055E-01   1.5496040606429106E-02
   3.3008390633095574E-01   2.2460024845161719E-02  -9.4368435510251593E-01   1.7921994698447310E-02
  -6.2792850789985603E-01   7.7272726351477505E-01   9.2727370218440743E-02   1.9361231027157060E-02
  -7.1881420833077189E-01   6.0978376033823522E-01  -3.3387108220025170E-01   1.7520285258991123E-02
   6.5609511580325801E-02   2.6751907670057919E-01   9.6131625160061702E-01   1.8013318440811609E-02
  -2.4014123270064424E-01  -2.6252964962471949E-01   9.3456426821537377E-01   1.7361334211088392E-02
  -2.6286923331982814E-01  -9.6218334409773635E-01  -7.1435135015920563E-02   1.8136058873963239E-02
  -1.3155302042606247E-01   3.0564398390599456E-01  -9.4301408150613106E-01   1.7098021288088418E-02
   2.4688165841622509E-01  -9.6811430747326845E-01   4.2475103333696004E-02   1.6072264599912504E-02
  -9.8322803257184148E-02   6.6151752024935017E-01   7.4345625073893870E-01   1.7922988940716512E-02
  -4.7804080720641870E-01  -2.6345001277496993E-01  -8.3789681788052146E-01   1.8049666156627630E-02
  -4.1712178213947606E-01   9.0505752659486891E-01  -8.2947528105216168E-02   1.7345662684717117E-02
  -9.9118716849566830E-01   1.4023699959873687E-02   1.3172445805155121E-01   1.6900536134184069E-02
   5.3293323428739078E-01   6.7525677951119114E-01   5.0991219784993937E-01   2.0173804924102940E-02
   7.8339023772002640E-01  -1.6353094597213928E-01  -5.9963102417604927E-01   1.8015109771232328E-02
  -9.6756198954183609E-01   9.6077715043868909E-02   2.3365116962213776E-01   1.3947745542955320E-02
   5.4428952325022015E-01   2.1960521347781898E-01  -8.0964341848335266E-01   1.5978642949582919E-02
  -5.0603760252226592E-01   9.7758627297126370E-03  -8.6245601472852335E-01   1.3757010065827315E-02
  -5.3425047495235933E-01   3.5976881207625566E-01  -7.6494629345491844E-01   1.7342532932891536E-02
  -1.0368255487262292E-01   9.7027627332664962E-02   9.8986643914685732E-01   1.7241588032140333E-02
   5.4788653709494630E-01  -4.1092158376887590E-01   7.2867262502648388E-01   1.5995310900961445E-02
   2.6045177374628099E-01   9.5094498252246300E-01   1.6693865270741989E-01   1.5907214741866932E-02
  -7.6336871690580352E-01  -6.1365720300435135E-01  -2.0172515770340524E-01   1.6435852023565004E-02
   1.4193202097257106E-01   7.3690865448241824E-01  -6.6092430457016293E-01   1.2941454272269332E-02
  -1.1599913069400524E-02  -9.9801078757173691E-01  -6.1967006602092293E-02   1.7268064993388829E-02
  -2.2547226634890691E-01  -7.1189734100026100E-01  -6.6510482856783239E-01   1.6112196323608342E-02
  -3.1420419457859409E-02  -9.7863832341809846E-01  -2.0317428276852740E-01   1.6720887797201051E-02
   7.0007209514930810E-01   6.4108392888908003E-01   3.1450033022780599E-01   1.9116822748044540E-02
   5.7161579659383496E-01  -8.1595072594968378E-01   8.6485801762945690E-02   1.6863035100944266E-02
   1.5756605231729841E-01   8.1400801366127168E-01  -5.5907413895866566E-01   1.6285154785716835E-02
  -8.2466474000784248E-01  -2.4384936466143685E-01  -5.1035826038383182E-01   1.6941750387544820E-02
   5.0264709065021460E-02  -4.0081365898672878E-01  -9.1477968374482330E-01   1.7392814259010909E-02
  -3.6291445712114112E-01   2.4106631095194011E-01  -9.0010006695727433E-01   1.6526961930290267E-02
  -3.1908036994825916E-01   4.6793135613078291E-01  -8.2415287626949922E-01   1.7393455351350066E-02
   2.5679776964262339E-01  -9.0628533628353373E-01   3.3571087969265511E-01   1.6450196033484207E-02
  -2.2409516114706025E-01  -5.0475764872856077E-01   8.3366724464889951E-01   1.7417346423498150E-02
  -4.0530247121902025E-01   9.1229605266110933E-01   5.8701099842452686E-02   1.6029464647358442E-02
  -8.9742900871169837E-01  -3.7454611884534205E-01   2.3310164988826058E-01   1.5903504904066434E-02
  -8.5031645784480094E-01  -4.0349116360727421E-01  -3.3787098485830191E-01   1.7073568165988646E-02
   7.2109144179864888E-01  -6.6167018983795244E-01   2.0547431091149506E-01   1.7698431339409599E-02
  -3.0819471531774573E-01   5.7530114038438471E-01  -7.5765732051016323E-01   1.6162757481965696E-02
   9.1470301140128853E-01   3.5952006428771543E-01   1.8456360504707095E-01   1.6334411025252835E-02
   1.2185983472323695E-01  -7.7043072069493945E-01  -6.2576887529718314E-01   1.6811632220339309E-02
  -9.7317450214904308E-01  -2.1586584173715182E-01   7.9582201138653632E-02   1.6186276326060862E-02
  -6.8087384698392927E-01   5.6593455240958956E-01  -4.6489664107440322E-01   1.5967266016802121E-02
   2.9299188165269590E-01  -1.1817886527841478E-01  -9.4878317495996888E-01   1.7901184618339572E-02
  -2.3835205788252937E-01   9.4076515082795850E-01   2.4114150926543533E-01   1.6923610112691092E-02
  -3.1780086348760421E-01   8.4271211891604860E-01  -4.3455597544914361E-01   1.8204871970378135E-02
   2.4004817419263435E-01  -9.6717110952696661E-01  -8.3408146863234922E-02   1.7734629638054524E-02
  -1.0519594702354464E-01  -8.9457368634009029E-01   4.3436359474260850E-01   1.8546246927000058E-02
   3.3406731066848700E-01  -3.4200122713207194E-01  -8.7831326563070959E-01   1.8303532540481233E-02
  -3.6018904517710925E-03   8.6031244562815327E-01   5.0975437446134685E-01   1.8959760624539869E-02
   6.4524211054557332E-01   7.3315446770632464E-01   2.1481886616624237E-01   1.6931361014119302E-02
  -3.2396456609452655E-01   6.7357754991579401E-01  -6.6433443698533434E-01   1.5245825463996009E-02
   8.6791090889482234E-02  -8.4770149790401436E-01  -5.2332540258762900E-01   1.7092308731299916E-02
   8.1625816206215375E-01   4.1030460170725833E-01   4.0666048084951968E-01   1.6726536346919860E-02
  -8.1434213597385465E-01   1.0232164886748367E-01   5.7129428996847089E-01   1.7374579014367538E-02
   9.1430381823985289E-01   4.0072456201855137E-01   5.8892727454808024E-02   1.8107246122695809E-02
   8.9928799268129715E-01   3.1854260252173771E-01  -2.9968603003463760E-01   1.5749944983348558E-02
  -2.9231211222085789E-01   3.8636603220881532E-01   8.7479993038648391E-01   1.7351504510395898E-02
   5.7183747914358669E-01  -7.2994642966531468E-01   3.7440633977747737E-01   1.7176065508364752E-02
   4.7870157257570147E-01  -8.9631037210473696E-02   8.7339056646046113E-01   1.7218265658553246E-02
   4.8156956713531515E-01   8.7424929404019469E-01   6.1472952420772619E-02   1.5133089208353041E-02
   3.6434893183874157E-01  -5.8647411255576678E-01   7.2339337235690370E-01   1.7150503424018292E-02
   6.5434866501438495E-01  -3.5075714873028838E-01  -6.6992331442374100E-01   1.7679084816154382E-02
   3.5564523749895897E-01  -9.2787042507314918E-01   1.1212911896060968E-01   1.6803041828618427E-02
   4.6333591494960764E-01   4.7316858835582182E-01   7.4928720589048412E-01   1.9272521265532667E-02
  -4.4612467452478679E-01  -8.6599808463296508E-01   2.2587627629343614E-01   1.4034004864948372E-02
  -9.4727389714799077E-01  -2.3747034967652740E-01   2.1512786153021981E-01   1.7259461886327420E-02
  -4.1141365343444959E-02  -1.3148738165666160E-01   9.9046375830857762E-01   1.6810765514239809E-02
   5.3489132627113056E-01  -6.0010252857713428E-01  -5.9478418293969514E-01   1.7757937423488492E-02
   1.9726439159560229E-01   6.8080023527342383E-01   7.0540612377556488E-01   1.7645348178213517E-02
  -4.6532840970495659E-01  -1.1548279295904830E-01  -8.7757233072370368E-01   2.1255138427609754E-02
   4.1932759211247487E-01  -9.8991484901536619E-02  -9.0242177301422792E-01   1.7141147897822389E-02
  -2.2852913248577784E-01  -9.4627629846633638E-01   2.2876975885406456E-01   1.7516466351339392E-02
  -8.5531667216557796E-01   2.3942475946085206E-01  -4.5946618468905233E-01   1.6013858907269540E-02
   8.4690632278325317E-01  -1.8812347830127249E-01   4.9735222663780112E-01   1.6743230351374364E-02
   7.6762368496893929E-02  -5.9426078904454815E-01  -8.0060080776058306E-01   1.6731292140603486E-02
   7.6181707502762989E-01   4.3049245173768113E-04   6.4779206453351658E-01   1.7740092288214448E-02
   5.8917298433341276E-01   6.1259117031864773E-01  -5.2688447745145206E-01   1.6460092319647856E-02
   8.3975935374265997E-01  -5.6707181807471132E-02   5.3998937335207308E-01   1.7142330389495185E-02
  -2.2593049046410573E-01  -8.5155032722986270E-01  -4.7309349358595333E-01   1.7404849397210277E-02
  -8.7665756161344443E-01  -1.8591591818020292E-01   4.4374180672231240E-01   1.7907309268345203E-02
  -4.8968034385943628E-01   8.6047928801294109E-01   1.4067180150423331E-01   1.8374686984323842E-02
  -1.5726673449112609E-01   4.2946126446666426E-01  -8.8928634114394871E-01   1.7265019831508254E-02
   4.4564316339625325E-01   2.9705249344280307E-02   8.9471770356888242E-01   1.8142057249255190E-02
   6.6964576524314196E-01   5.5966849178840343E-03   7.4265956279432421E-01   1.6410896281202534E-02
  -3.9166350269578122E-01  -8.8409064569318154E-01  -2.5491847883957956E-01   1.6348900320841092E-02
   4.1081718850200719E-01   4.4173301913230362E-01  -7.9755951341549815E-01   1.9485828035312396E-02
   7.3165822475944928E-01  -6.8068333463486263E-01  -3.6693869954185838E-02   1.7132656029601616E-02
  -3.9465392486731056E-01   2.1289501965447530E-02  -9.1858316808707645E-01   1.6978909532871506E-02
   4.8391025918442851E-01  -8.1953822140123531E-01   3.0690057790522167E-01   1.6815079056057093E-02
   4.3752872780566782E-01   8.4803904376891754E-01   2.9899563974789664E-01   1.5117030494134231E-02
  -1.0702910621089642E-01  -9.5177765712878841E-01   2.8751358544272505E-01   1.7300676708488122E-02
  -9.4592242222695723E-02   9.6490301700898442E-01   2.4497852044259378E-01   1.8651020981801361E-02
   6.0539087659516939E-02  -7.6728636281984989E-01   6.3844080093305350E-01   2.0210643864071968E-02
  -5.2656227770134549E-01  -4.7798766807173169E-01  -7.0303624150773282E-01   1.6954707976873162E-02
   6.9322124909224456E-01  -2.3475802765572910E-01   6.8141981792297476E-01   1.6623326819404462E-02
   8.6273285091181612E-01  -1.1223230188505974E-01  -4.9304760254071897E-01   1.4925748316141933E-02
  -7.5890374889020613E-01   2.3748303681844524E-01  -6.0635542971418985E-01   1.9620097208973088E-02
  -9.4314382974064567E-03   9.9049202320430804E-01   1.3724649336241225E-01   1.7594778508363151E-02
   3.7151734809660479E-01  -8.9508874892026906E-01   2.4655829253872934E-01   1.8927369142979033E-02
   8.0757149362247879E-01   2.4065116034331706E-01  -5.3843783458610516E-01   1.7719074580146523E-02
  -1.7530516909886674E-01  -5.2718240044904929E-01  -8.3147267805021467E-01   1.8759217984105507E-02
  -8.2990961600747894E-01   1.3686603794067941E-01  -5.4084907036689919E-01   1.6376817075150002E-02
  -3.2665025059795915E-01  -4.5814357363499738E-01  -8.2668257494714634E-01   1.5730537550538405E-02
   9.3377008433622314E-01   3.1025261419761913E-01  -1.7837248942105919E-01   1.6120322263303905E-02
  -1.9324534650305979E-01   6.5515822900131093E-01  -7.3035876870670772E-01   1.8031770294027467E-02
   5.5046105268029341E-01   7.8601383362572843E-01   2.8138031706409192E-01   1.6333489294481196E-02
  -2.0530538379068872E-01   9.4804999056664094E-01  -2.4300393983050967E-01   1.9094826286299074E-02
  -9.3832965953576987E-01  -1.4180332649272098E-01   3.1532406605123690E-01   1.6394941401479927E-02
  -8.5042417289749305E-02   7.2291145170338513E-01  -6.8568711542336888E-01   1.6002396635283773E-02
   4.2287670564951502E-01   2.6709319663493547E-01   8.6593101118411563E-01   1.8005637548167580E-02
  -9.8896310649486789E-02  -4.2935051450754704E-01  -8.9770688725887843E-01   1.8494871898685619E-02
  -7.1048771262841441E-01   7.0300686860169117E-01  -3.1441261152955228E-02   1.6903394531227029E-02
   7.6024920642081479E-01  -2.9966401993036848E-01   5.7638755997652566E-01   1.5421223144243234E-02
  -1.3835914461266352E-01   9.8250954111701744E-01   1.2462643666606214E-01   1.5492918274607678E-02
  -9.4977275212963157E-01   8.2268588957269983E-02  -3.0193310282757215E-01   1.6947862229286170E-02
  -9.9235592349144514E-01  -6.4726370787957829E-02  -1.0507244184876032E-01   1.6635756462172448E-02
  -5.6613242111309878E-01  -2.9212651062667781E-02   8.2379651782616303E-01   1.7179517661388583E-02
   4.0773232454976291E-01   7.5038628384090211E-01   5.2026414112514798E-01   1.5838302136126733E-02
  -2.9251788819464511E-02   9.5974888626494045E-02  -9.9495384496166128E-01   1.6047428655939315E-02
   6.5827452381967006E-01  -6.4346300851443105E-01  -3.9067890647377389E-01   1.7175027525429438E-02
  -3.6039140904297943E-01  -3.3940541762129496E-01  -8.6886247172802342E-01   1.7714737972930456E-02
  -7.7506300786646828E-01  -4.2683876362029851E-01   4.6592489062946382E-01   1.6319693143896709E-02
   2.9461413119362077E-01   7.2618497132184076E-02   9.5285311962300411E-01   2.0103024645888236E-02
   3.6663872125391598E-02   9.2109294388098916E-01  -3.8761262777859286E-01   1.6405492273744073E-02
  -6.7885668611246243E-01   4.7959913237754765E-01   5.5600204311055287E-01   1.5046588607956525E-02
   6.0456005813993298E-01  -1.2977655303894772E-01   7.8591677828073507E-01   2.1413313118025771E-02
  -9.1443248256394031E-01   3.1844207581929029E-01  -2.4981569041965756E-01   1.7267427847410791E-02
  -7.1354957585552192E-01  -2.3034371000555666E-01   6.6165608744821557E-01   1.6976914747254285E-02
  -6.2781633574884416E-01   6.6687714393098742E-01  -4.0139945623947204E-01   1.3626834517799213E-02
  -7.4356757668860495E-01   3.6762993285617695E-01   5.5852975871084815E-01   1.7869183442473817E-02
  -7.6323773852378495E-01   1.0073571913911880E-01  -6.3821663201660854E-01   1.6337400227781344E-02
   7.1733510261202972E-01   4.9157632684757484E-01   4.9374392699418088E-01   1.7384052436052863E-02
  -7.4762197159677681E-01  -6.5847068483459434E-01   8.6473954455712611E-02   1.8228570276067802E-02
   1.2312077820985205E-01  -9.9232346374672832E-01  -1.1636892656376636E-02   1.8011192734527215E-02
   7.8781456581229427E-01   5.6113387243365320E-01   2.5392319134257688E-01   1.2315887711483792E-02
  -5.9664116863200007E-01   4.3356419471363638E-01  -6.7530837767330957E-01   1.8048462875435063E-02
  -4.9232452805746742E-01   3.8939720732637802E-01   7.7845126629700445E-01   1.6136479717029823E-02
   5.6736238651109918E-01   5.3305488570916264E-01  -6.2765628427828392E-01   1.6474059671848437E-02
  -9.3474601111687896E-01  -1.6120767251261368E-01  -3.1664172344173104E-01   1.7358580919882669E-02
   9.4166151613289006E-02  -3.5193406196642311E-01   9.3127608791279339E-01   1.6599545148026479E-02
  -5.6142733909390258E-01  -6.4038460507268197E-01  -5.2412489017775643E-01   1.7885309852956026E-02
  -1.7831418166762338E-01   9.1894190054573847E-01   3.5178094894066096E-01   1.6418849774759394E-02
  -9.5127108283157006E-01   2.8829588853483123E-01  -1.0940204578692527E-01   1.6198422909591238E-02
  -6.9511430018434303E-01   2.2042915655514114E-02  -7.1856121489309092E-01   1.7021380990072407E-02
  -1.2160202382463900E-01  -9.8235353912370673E-01   1.4210725517326705E-01   1.8365237249133524E-02
   7.1431119029994576E-01   2.8448608795377614E-01   6.3939595648786440E-01   1.7364128750294270E-02
   5.1073150613947513E-02  -9.0775409864667615E-01  -4.1638207175204566E-01   1.5451933992141821E-02
  -1.8339611935015673E-01   7.3108178682794235E-01   6.5717979608001195E-01   1.7113748428647717E-02
   7.9164719377172589E-01   5.1982359709994856E-01  -3.2105785847946766E-01   2.1722050169342566E-02
  -2.7586092522154359E-01   4.3208838300412422E-03  -9.6118784839324789E-01   1.3962155691570505E-02
   8.5467403898458869E-02   3.3611748997538528E-01  -9.3793408926400818E-01   1.3224103959383999E-02
  -7.6566615478008532E-01  -6.4010273393872285E-01  -6.3433661635214706E-02   1.7369247025619644E-02
  -6.0932754983166592E-01  -5.5949152982369394E-01   5.6186222961833021E-01   1.3860753999302759E-02
   4.4897587124645745E-01   2.8400338352370564E-02  -8.9309242960622796E-01   1.4375486437148856E-02
  -9.0628465515274001E-01  -5.9471263875547206E-02   4.1846301223372659E-01   1.6132026345730913E-02
  -6.8635473671445108E-02   6.2283725244658185E-01  -7.7933492717745513E-01   1.7585797407140761E-02
   4.1904936444532037E-01  -4.4040142114941822E-01  -7.9400517530274683E-01   1.6316532884568697E-02
  -9.8318952586829855E-01   1.6358317574404159E-01  -8.1110423722011404E-02   1.5135588374496795E-02
   5.5260040631077256E-01  -7.3390004333891827E-01  -3.9499812320098799E-01   1.7914749892694475E-02
   4.3647740809461481E-01  -6.4920636024172591E-01   6.2291136933330850E-01   1.7005738167236912E-02
  -8.5573939002503411E-01  -1.2041355296035824E-03  -5.1740568842757115E-01   1.9403626265251785E-02
  -4.5481371401997581E-01  -1.2751057718578846E-01   8.8141110626375862E-01   2.1513998900085375E-02
   4.1318895131013109E-01   3.8691325810651399E-01   8.2436219055499879E-01   1.2374376887229787E-02
   7.2736137706238466E-01  -5.3358423862664139E-01   4.3154754946255788E-01   1.6802932933099070E-02
   9.8558816844099013E-03   2.3220046512003325E-01  -9.7261801628093600E-01   2.1137047351264430E-02
   6.0378701824235196E-01   7.8572773113695584E-01  -1.3443648732535908E-01   1.5123940192530678E-02
   2.8657247426871430E-01   8.1837005536723914E-01  -4.9814322184461055E-01   1.5623341624805018E-02
   6.5897633906210009E-01  -3.6294380660584906E-01   6.5880344398216994E-01   1.8647541571582531E-02
   4.5899106008558785E-01  -7.7959670185906659E-01   4.2609410839857160E-01   1.4867898397116245E-02
   1.7177049946362197E-01   1.6485504397306485E-01   9.7124544271294102E-01   1.8397407374744663E-02
   3.9144467781939855E-02   9.9178405088022536E-01  -1.2178713832617591E-01   1.6215637728627417E-02
   1.9859587080513307E-01  -3.7194981450693607E-01  -9.0675962392874929E-01   1.6888119229701223E-02
   9.0125090184991130E-01  -1.8799581641787433E-01  -3.9039004204013503E-01   2.0232229430626360E-02
  -6.8769951567711515E-01  -7.1198150829340196E-01  -1.4195671166138472E-01   1.7988303677542232E-02
   6.4269264535750352E-01   2.7847445283557998E-01  -7.1372133408025471E-01   1.8494927553341502E-02
  -9.8025290856075191E-01  -1.8954379734198976E-01  -5.6368290264692015E-02   1.8749302647360385E-02
  -8.9279170741609057E-01   4.3624961272966285E-01   1.1229088370068638E-01   1.8271456858675655E-02
  -7.5509915721822720E-01  -3.3402782564257011E-01   5.6413710608753593E-01   1.8503972607383460E-02
   3.3924215666566590E-01   3.5858745318910765E-01  -8.6967223570502536E-01   1.2961354033810819E-02
  -2.3405280492809281E-01  -3.9245235886597921E-01  -8.8949448032341429E-01   1.8693174907271750E-02
  -1.7804561650221057E-01  -7.8223141696420324E-01   5.9700399392175116E-01   1.8788815410979715E-02
  -3.1341758129451036E-02   9.2807044653323149E-01   3.7108346833153724E-01   1.7327396071894756E-02
  -9.5086913045468168E-02  -4.8968236031242584E-01   8.6670044707865194E-01   1.7962232291222168E-02
   9.9658319385629443E-01  -6.9028753460006209E-02  -4.5353819232180470E-02   1.7663020032635330E-02
  -4.1308291279245512E-01   7.3153961624594039E-01   5.4241340048125952E-01   1.7849597324146810E-02
  -3.5032819631372329E-01  -8.3234979946359999E-01   4.2949268468796795E-01   1.7978602713908053E-02
  -8.6900573306099797E-01   4.9458255083147406E-01  -1.4735546143594262E-02   1.5408711031334057E-02
  -7.4227549593682375E-01  -6.2645038778593962E-01   2.3788022148675631E-01   1.8926042619157783E-02
  -1.6538513461666040E-02  -5.1560583151869270E-01  -8.5666627345565302E-01   1.7082117441028287E-02
  -4.3541656362058072E-01   8.2470994975190237E-01  -3.6092369679069182E-01   1.7311636560021288E-02
  -1.1912773809797208E-01   8.8168606256928079E-01   4.5655040147473231E-01   1.4545459072436570E-02
   8.9419374049293729E-01  -2.2464304334338440E-01   3.8723772742421651E-01   1.7336515694399348E-02
   2.7653716081441710E-01   4.6308087868276617E-01  -8.4207083935206927E-01   1.6939736625915358E-02
   9.0261140050577068E-02   5.1006516335509877E-01   8.5538672875390489E-01   1.6317164373588530E-02
   4.8330867224511351E-01  -5.3635706921191808E-01   6.9190593409730727E-01   1.7223694214098896E-02
  -9.2797442493595081E-01   3.7264156435214470E-01  -1.3157438876931280E-03   1.7359080340001207E-02
  -2.7052339375492633E-01  -9.3592049256432314E-01  -2.2554362112343571E-01   2.0102817314216046E-02
  -9.7538881803691115E-02  -7.1797264138182406E-01  -6.8920349154926094E-01   1.7290826435048214E-02
  -2.0588682509454088E-01  -1.2904826165561584E-01   9.7002946420000739E-01   2.0208123280788385E-02
  -2.0452368003061915E-01   9.0118519601138018E-01  -3.8214566175303259E-01   1.6939741819759102E-02
   8.0431795424281951E-01   1.1517030392611156E-01  -5.8293089605562382E-01   1.3970119934918474E-02
   3.3380033759262985E-01   4.8766103863267860E-01   8.0669947689504759E-01   1.6939253133658052E-02
  -4.6212897742398713E-01   6.1670426899785510E-01   6.3726968610226641E-01   1.6587385029926533E-02
   3.1943224314182883E-01  -9.2998013611503047E-01  -1.8193402230712333E-01   1.6256933093738084E-02
  -9.9830076623261927E-01   5.7965193447456808E-02  -5.9679550906572202E-03   1.9344614357330112E-02
   7.2469172797940935E-01  -8.4437996891084061E-02  -6.8388019716850916E-01   1.6201019923839449E-02
   9.8097763271542639E-01  -5.5991706587851419E-02  -1.8587041966224180E-01   1.8281211394630240E-02
   2.8163558265014355E-01   8.0992833114353430E-01   5.1448760626118437E-01   1.7765240072040340E-02
   4.3850803267899411E-01  -8.8215552600427464E-01  -1.7179154000159549E-01   1.7878050627548209E-02
  -6.6942910641172828E-01  -5.6266302209985816E-01  -4.8505153855054361E-01   1.7093313638831702E-02
   2.9059750843364536E-01   2.1449125936645989E-01   9.3249481915319378E-01   1.7100379422813604E-02
  -4.0519695456805662E-01   3.7459360941866965E-01  -8.3396346190433625E-01   1.7674199812939703E-02
  -4.4526922348970554E-01   6.7731633029813762E-01  -5.8564315698583788E-01   1.8086259682542188E-02
  -5.6626905944033731E-01  -1.5578502775099081E-01   8.0936418097737590E-01   1.4021441533544829E-02
   4.0190145081260038E-01   1.4446423301630185E-01  -9.0421530025416991E-01   1.8250331019486340E-02
  -3.7580140593820314E-01   8.1682558084996905E-01   4.3768627321859270E-01   1.7099254868709783E-02
  -9.2515198022922966E-01  -2.3716435913715585E-02  -3.7885530766439790E-01   1.7462396281932357E-02
  -6.5064039721149207E-01   7.4332046905881830E-01  -1.5537616868313596E-01   1.7185473290360637E-02
  -1.4021072505876683E-01   8.1452584781310477E-01   5.6292858856416030E-01   1.8354078318497551E-02
   5.5773146127912340E-01  -5.9324291152981949E-01   5.8051568886557785E-01   1.7426885745278508E-02
   3.8478532711935118E-01  -2.2304382507013715E-01  -8.9565155285509092E-01   1.6148138754065961E-02
  -3.2909458476758173E-01   7.6503922237900461E-01  -5.5354470686511048E-01   1.8317303601728667E-02
   4.7131594328811026E-01  -7.0823204846252121E-01  -5.2561263981474031E-01   1.8380102534319913E-02
   7.6044772629731571E-01  -3.1682347246298663E-01  -5.6687048156147454E-01   2.0295729265684245E-02
  -3.1142841629087980E-01  -8.7664664089712420E-01  -3.6674651808891511E-01   1.6615778165456625E-02
  -1.8506005128692253E-01  -6.3013356270362574E-01  -7.5411170961079596E-01   1.5246929078143174E-02
   8.2852792513366573E-01  -5.5994676180308413E-01  -1.0493902719716794E-03   1.9978155342934439E-02
   4.3268821352481658E-01  -8.0157954012143139E-01  -4.1261501515991554E-01   1.8382737559228949E-02
  -6.5649198969079760E-01   6.2541817732621334E-02   7.5173585022035318E-01   1.5656625326282216E-02
  -8.9898796233423947E-01  -2.7732346827476157E-01   3.3898722324328001E-01   1.7849263174569203E-02
   7.8489379250610546E-01   6.1774421158352952E-01   4.8309663012963257E-02   1.7552934947380731E-02
   1.0951771051028231E-01  -6.5253538622221203E-01   7.4980226780959693E-01   1.6620417152799666E-02
  -8.3527982128249007E-01  -3.0785177360001458E-01   4.5555999127405479E-01   1.5771266784947584E-02
  -2.4018573636684714E-01   1.4175937015953290E-02   9.7062343617678799E-01   1.7536408039739974E-02
   6.1790962397010495E-01   4.1091103161287474E-01  -6.7032814404884311E-01   1.7673465627431069E-02
   3.0903217065623711E-01   2.4152771902183030E-01  -9.1987144669437697E-01   1.7555378480649279E-02
  -7.9537852793927799E-01   5.5003178645339882E-01  -2.5463313057029726E-01   1.4150054251471491E-02
  -4.1963407949530546E-01   5.8893266721377122E-01  -6.9069932156807647E-01   1.7363372534489318E-02
  -3.2633706743742223E-01   8.8359769371971452E-01   3.3579641759486502E-01   1.7747392402980528E-02
  -9.4855706207324494E-01  -3.1655741102871095E-01  -5.5592727738279617E-03   1.4547063368914754E-02
   3.5377473368539535E-01  -6.4652856287492372E-02   9.3309348190826870E-01   1.5965242655722306E-02
   6.0532598176876355E-01  -4.7985949647737378E-01   6.3507111368425803E-01   1.6877237220738614E-02
  -8.4621575750239639E-01   4.8122693430115139E-01   2.2877834132137735E-01   1.6488687921772253E-02
   4.3634303257502251E-01   2.7400039768636363E-01  -8.5704640480603337E-01   1.9375823431060863E-02
   2.9095270547667549E-02   9.6524041040514383E-01  -2.5973912942155585E-01   1.9757372484046065E-02
   8.3954578228333094E-01  -3.3810461771422288E-01  -4.2526244476862675E-01   1.7597303875179060E-02
  -2.2246116004453115E-01  -9.0462485717926313E-01   3.6354490787939668E-01   1.7646474348155276E-02
   1.8558145018698423E-01   6.4764811824689303E-01  -7.3899353195934969E-01   1.8853479149141810E-02
   7.2089541398679033E-01   1.4681387296165984E-01   6.7731491110030344E-01   1.9443038328334235E-02
  -3.9920788321492199E-02   4.6766376774315414E-01   8.8300449092859540E-01   1.7415897011725318E-02
   6.9318730061198170E-01  -4.3205317647451462E-01  -5.7690676800377023E-01   1.3579871342336282E-02
   5.1041855507664184E-01   4.6416513986773830E-01  -7.2389475862519967E-01   1.5110330185291720E-02
   3.9469083631103671E-01   8.6907001631778957E-01  -2.9822214952865513E-01   1.6095949399826848E-02
  -8.2369310614570974E-01   5.5520408379491019E-01   1.1523060455229316E-01   1.8011181287707074E-02
   2.7609170099614011E-01  -2.9496925538123486E-01   9.1474942526404348E-01   1.6130679984179381E-02
  -1.9865886287209233E-01   5.3854741404828088E-01  -8.1884146147119132E-01   1.7811929414796326E-02
   4.7759657991615354E-03  -9.9723740981934874E-01   7.4126504082421149E-02   1.7648899357691840E-02
   9.5788872225031411E-01   1.0881397095631060E-01   2.6572300523360743E-01   1.5574415851845904E-02
   7.6099700016878184E-01  -6.4383985343529364E-01   7.9710782598934031E-02   1.5424275779706768E-02
   2.9303487304278776E-01  -5.0752842522096646E-01   8.1027492912808494E-01   1.6975772841511957E-02
   2.0712147237846183E-01   9.7715255801644076E-01   4.7682009623170946E-02   1.6444851908630049E-02
   8.0892448500473115E-01  -4.5066778931429087E-01   3.7754433015793020E-01   1.6049160024653767E-02
   6.7694027876913276E-01   4.2564415813729308E-01   6.0048223089743792E-01   1.7129773941257086E-02
  -7.6016228467692368E-01   6.0758488386259914E-01   2.3020406133783009E-01   1.6482413728370175E-02
   8.9518115938708877E-01  -1.9058803126441727E-03  -4.4569839521656513E-01   1.6276853285808527E-02
   5.3773797153137810E-01  -4.0083778636630649E-01  -7.4173239311376848E-01   1.8004301815249878E-02
   2.3920221661530147E-01  -6.1878955381803377E-01   7.4825248923876301E-01   1.7657948849241982E-02
   3.0609716723825837E-01   3.5161253421845000E-01   8.8468816539456049E-01   1.8462407443233669E-02
   7.2934636033453692E-01   1.9377293418344262E-01  -6.5612951209704251E-01   1.7832584640523614E-02
   5.9557611951236042E-01  -4.8324033812099287E-01  -6.4169140673637432E-01   1.7810144096213836E-02
   9.6818191158003763E-01   7.1713486114199369E-02  -2.3975187590209303E-01   1.7259488790102091E-02
   8.9828501683529431E-01  -4.3806273248737612E-01  -3.4424859257647133E-02   1.6865348524823025E-02
   1.7760790744023609E-01  -8.8580282330382669E-01  -4.2872927290035862E-01   1.6395444142823460E-02
  -2.0754509645977750E-02  -6.7116829133317761E-01   7.4101442296237252E-01   1.8012636779297498E-02
  -5.0212069676567141E-01  -2.6997359898417498E-01   8.2157717941231105E-01   1.7368042214335471E-02
   8.4758781943923988E-02  -9.8501218596795183E-01  -1.5022297553310359E-01   1.6441084747441349E-02
   4.1438146163025937E-01   8.9230193472101717E-01   1.7912359294715843E-01   1.9404981436582824E-02
   3.7769096731049294E-01  -9.2538536212498065E-01  -3.1803534031342590E-02   2.0136225209952609E-02
   3.6822016425423562E-01   5.9891910483986166E-01   7.1113276994834269E-01   1.8905328365243459E-02
  -5.7810047553836687E-01   2.1601130598144613E-01  -7.8685383386656013E-01   1.6998102468321518E-02
  -6.6621424982151147E-01   5.7752562085336967E-01   4.7182913283591405E-01   1.9707025676137948E-02
  -1.9412452709306185E-01   9.7474796686407785E-01  -1.1037241084275393E-01   1.6588813196250729E-02
  -5.1797255881105099E-02   7.6149045166362459E-01   6.4610319323488587E-01   1.5347466380049885E-02
  -3.8426681190584703E-01  -9.1463307649074874E-01  -1.2563977338719010E-01   1.6254732111823555E-02
   1.0965263053175626E-01  -1.0567213687858389E-01   9.8833683534763601E-01   1.9297885204923488E-02
  -3.4064205586878455E-01   8.9747606226172127E-02   9.3589975796030628E-01   1.8079730885329059E-02
   3.6219313724783122E-01  -5.4680116019137798E-01  -7.5486728803408649E-01   1.8204889905351937E-02
   1.6467040191211506E-01   9.6749379687779075E-01  -1.9193595738448529E-01   1.5474217114916834E-02
   8.4293560861666314E-01   5.1859683180986770E-01  -1.4323716613652863E-01   1.6440287398897770E-02
   9.8173198902162770E-01   1.3945228880043125E-01   1.2944250028472017E-01   1.6472507101746729E-02
   3.6168323181118262E-01  -8.4933885047057682E-01   3.8445904451311498E-01   1.7258850853409941E-02
   3.7977603738679492E-01  -7.5914205361923956E-01   5.2865253603245596E-01   2.0386162872646331E-02
   1.4063281124214683E-01  -4.8633917722377599E-01  -8.6237846511808911E-01   1.8364645254490884E-02
   8.9838363585048739E-01  -3.1424877055924915E-01  -3.0684613903071875E-01   1.7228837589652594E-02
   8.4911827441121285E-01   2.8692523243480581E-01   4.4347724524845339E-01   1.8788937723626874E-02
   9.0834474252425891E-01  -8.9251956112239909E-02   4.0858771036177357E-01   1.7604836943669570E-02
  -2.4202049736112511E-01   2.3782686811047737E-01  -9.4067234447592600E-01   1.5745434514437953E-02
  -8.6527407115759107E-01   1.8437519492004764E-01   4.6616152702744830E-01   1.7608500072617346E-02
  -8.2735675118320255E-01   3.1852510652716334E-01   4.6262572646085677E-01   1.7179405268323040E-02
   3.4029540701033909E-01   9.3806290614876459E-01   6.5092396448445795E-02   1.7934334664273414E-02
  -7.5103496228503345E-01   1.2694170302788636E-02   6.6014039678377676E-01   1.6802665723689786E-02
   3.5588285587125225E-01  -7.7171669762896977E-01  -5.2706805205548050E-01   1.6645715220737353E-02
  -3.4099875048343135E-01  -8.8974752536453909E-01   3.0342905806204094E-01   1.7297608673617390E-02
   2.7316946375310928E-01  -1.7219119706473118E-01   9.4642941402212006E-01   1.6134176784630627E-02
  -8.5958168971984729E-01   4.3459865910833892E-01  -2.6878118274835740E-01   1.6690558638474648E-02
   3.9832372314741109E-01   9.0170734814707849E-01  -1.6811326501959271E-01   1.5712764219220978E-02
  -5.3914789647034435E-01  -3.8621561344559317E-01   7.4843640054612983E-01   1.6852978715555830E-02
  -7.6392553661213984E-01  -5.3166131318453917E-01   3.6572397046781834E-01   1.6799478264143655E-02
  -8.0162347499319519E-02   9.8043474321285408E-01  -1.7978240276663028E-01   1.6527193251159966E-02
  -5.7455670566146999E-01  -8.1676054743733548E-01   5.2790151821175799E-02   1.8048546563823752E-02
  -7.6273080901513869E-01   4.6002377771248887E-01   4.5455454779183828E-01   1.6922579513998958E-02
  -5.3069915619903156E-01   5.5816383238034372E-01  -6.3781779673518324E-01   1.5368232845112030E-02
   4.3417265093706927E-01   6.6412837545200007E-01   6.0862764486816161E-01   1.6526000345095628E-02
   8.9837207584702021E-01   4.5762684735632026E-02   4.3684481228933336E-01   2.0239944497920241E-02
   6.0235348212855956E-01   7.9802118321218040E-01   1.8233861692750528E-02   1.9943018946045418E-02
   7.3735443330291836E-01   5.1260604938858591E-02  -6.7355830487778440E-01   1.8425673601250791E-02
   4.9678018607068468E-01   7.1888845520429285E-01  -4.8621891746574537E-01   1.6667591236856820E-02
  -1.8925346249143753E-01  -8.9271561565959896E-02  -9.7786180783921459E-01   1.5891649599398441E-02
  -9.4565023584600638E-01   3.0006760527551064E-01   1.2531984562954483E-01   1.6148485614403877E-02
   3.4447989964655008E-02  -2.3473628939698070E-01   9.7144851146498325E-01   1.7018640043029207E-02
   4.8079512259141292E-02   9.6015601301576989E-01   2.7529764105524741E-01   1.5244833928432692E-02
   5.8374239088187840E-01  -6.4668881742400401E-01  -4.9095661163309696E-01   1.3300875678285113E-02
   5.1232967863542846E-02   6.8149149474276331E-01  -7.3003049634735628E-01   1.7274256769374316E-02
   7.7989343699691469E-01  -1.6409625753301679E-01   6.0401874572963141E-01   1.8606761179190172E-02
  -5.9397228046279710E-01   3.2522223288501668E-01   7.3581752444414387E-01   1.6034474651292775E-02
   4.6530037095803251E-02   7.0062269028519841E-01   7.1201320318193115E-01   1.8638491174193315E-02
  -9.7789481790707437E-01  -1.1092808417076462E-01   1.7724752537819378E-01   1.8608441805374738E-02
  -8.3522902892887866E-01   5.3310573618996626E-01  -1.3487306356673456E-01   1.7899864076533544E-02
   8.4527909701792598E-01   5.1462277509796585E-01   1.4375899100587865E-01   1.9750971090950315E-02
   9.9328405693171735E-01   5.9112091780564570E-02  -9.9461263065553264E-02   1.6659243844846374E-02
   9.7271782273805911E-01   1.8479145116505385E-01  -1.4025746648233496E-01   1.8751803590879067E-02
   2.3648280965331553E-01   8.8385773963277820E-01   4.0357326079623963E-01   1.7090178660048785E-02
  -2.8753293069661483E-01  -7.6721506239047325E-01  -5.7332875543286494E-01   1.7307102217969005E-02
  -3.2607225841121820E-01   8.9366699798552193E-01  -3.0827938465968296E-01   1.6592842001880947E-02
   7.0224834538197988E-01   6.3963089256818648E-01  -3.1260131586526695E-01   1.6522905573068675E-02
  -8.2495758181066829E-01  -1.2386897879198597E-01  -5.5145395483768657E-01   1.3927304889143696E-02
   5.0494036726469762E-01  -8.1286273701622633E-01  -2.9032636166404458E-01   1.6411548978137484E-02
  -3.3032423308859142E-01   6.8781277330806913E-01   6.4637410986881000E-01   1.8059060879378368E-02
   6.2005747440429637E-01   3.5594981803929397E-01   6.9916268169372344E-01   1.5238882829211799E-02
   5.6414500915990455E-01  -8.0936358670223977E-01  -1.6331256277597614E-01   1.7181944692883130E-02
  -2.9999676766960066E-02   3.8852853679638794E-01  -9.2094820456350081E-01   1.7666042179427496E-02
   6.9689970465385400E-01   7.1556109842267119E-01  -4.7990791590796613E-02   1.7184346899930611E-02
  -7.0665009334874948E-01   3.7416574593703284E-01  -6.0053779243074059E-01   1.5685198957715882E-02
  -4.7145823435672591E-01  -7.5500323395477959E-01   4.5573813750339429E-01   1.7389581262519908E-02
  -9.2781863999734319E-01   1.1284784869290056E-01   3.5555299790448224E-01   1.9034257513859300E-02
   5.0834092534903003E-01  -6.9446188341596482E-01   5.0922705750739805E-01   1.6600848088717792E-02
   1.6592380566703872E-01  -1.3998718950658675E-01  -9.7615207702847897E-01   1.7818811764333606E-02
   2.7997496421117187E-01   9.2834626596217759E-01  -2.4451427338508286E-01   2.0472851349721628E-02
  -7.3788903073482874E-01   6.6705526842702775E-01   1.0274749235363773E-01   1.8018052030235383E-02
   7.5946099409292280E-01   4.7466681112334425E-01  -4.4487123628010047E-01   1.3689526891152106E-02
   8.8058788020534954E-01  -4.6180656724357200E-01   1.0629995148708677E-01   1.7926551816604431E-02
  -4.8949552089322887E-01   5.0218306519521487E-01   7.1288589834320967E-01   1.8692280523453504E-02
   4.0382995952999944E-01  -6.5331230608459325E-01  -6.4039393696726207E-01   1.9304398814378787E-02
  -4.9383351448191596E-01  -8.5033691291800455E-01  -1.8181197568784464E-01   1.9320278019731834E-02
   3.4162439298534206E-01   6.5422827433130237E-01  -6.7474301714273607E-01   1.6728891684478909E-02
  -4.6329870050325423E-01  -5.0048143825592816E-01   7.3134987801549087E-01   1.6320276447667025E-02
  -6.7893844150623046E-01  -7.3419165368142103E-01   2.2821721300641049E-03   1.7144582788597917E-02
  -4.3446575092676269E-01  -8.2341385097878205E-01  -3.6500567295308750E-01   1.6713816986638853E-02
   7.7373433598698513E-01   5.9580389085330596E-01  -2.1529723862335288E-01   1.4135373670997268E-02
   5.2684792159757618E-01   3.4434122637850168E-01  -7.7708454322838242E-01   1.7045233737322213E-02
  -3.7811482471703508E-01  -2.7662744176198783E-01   8.8346275404989427E-01   1.7623150369661901E-02
   7.8400652456308996E-01   3.6284437983525901E-01  -5.0366429838184014E-01   1.7870918290403356E-02
   8.5737258449266420E-01   5.1462379703825646E-01   8.6370644490495926E-03   1.6712886133604653E-02
   8.2313450610815035E-01  -1.4498095419795127E-02  -5.6766133396884619E-01   1.9856995164681045E-02
  -6.3182681677999212E-01  -4.1093705763472740E-01  -6.5721047485579155E-01   1.8416443048869856E-02
  -9.6587239657857981E-01  -1.7742001163772505E-01  -1.8871315004000109E-01   1.6577749323462973E-02
   4.6694753827613997E-01  -3.2861650450514900E-01   8.2095748334774931E-01   1.9395361266481003E-02
  -6.5497545575082893E-01  -7.4308798770873547E-01   1.3721295451587640E-01   1.6026813176085612E-02
  -9.3896935711690705E-01  -3.1819321107745501E-01  -1.3072729944307928E-01   1.7264334504353550E-02
   1.6139332713898911E-01   9.8449698857684566E-01  -6.8686777753287309E-02   1.7239320264722845E-02
  -3.2460122579687173E-01  -1.1214859563078454E-01  -9.3917875652572710E-01   1.7726374183765614E-02
  -7.2951565227886270E-01  -5.9409345665541737E-01  -3.3890983733046651E-01   1.7651611345074183E-02
  -1.4016185377771341E-01   5.5343939363567873E-01   8.2101126199204301E-01   1.7040831758875905E-02
   7.4070722667068986E-01  -4.1653660548749114E-01   5.2711484578483789E-01   2.0692289081961181E-02
   3.9941959841752900E-01   1.4627636700399189E-01   9.0502331950955454E-01   1.4067750701692998E-02
  -6.8377732912251740E-01  -4.5195352912963642E-01   5.7287570352157848E-01   1.7100395610653942E-02
  -6.6815806729976650E-01   7.1177395094475626E-01   2.1666250219807863E-01   1.8286289515481522E-02
  -8.9295204046332603E-01   2.6943382348742779E-01   3.6061346091532402E-01   1.7686064930416558E-02
   9.1736853409907297E-01  -3.5212593242304195E-01   1.8558636900408709E-01   1.7053760180267785E-02
   8.7667717411452628E-01  -3.5510018324589314E-01   3.2456277088615941E-01   1.7772757252363051E-02
  -6.6781664320556801E-01  -8.5142881338741407E-02   7.3944007249741616E-01   2.1455657649142501E-02
  -6.5026583569743188E-01   7.0730483731618454E-01  -2.7726198807958897E-01   1.7650082756123383E-02
  -9.8617582600074591E-01   6.0584275587938112E-02  -1.5422965267169326E-01   1.7160517190964852E-02
  -5.7831622577259631E-01   5.4748186826492704E-01   6.0482555082377622E-01   1.7012995115106336E-02
   3.6546840181251889E-01   8.3272534019594566E-01   4.1593431581458872E-01   1.7639420473724207E-02
  -7.8697614211762108E-01   4.8838195275969349E-01  -3.7702999874850062E-01   1.9751146054907236E-02
  -1.9082743610269679E-01   9.8150924984308840E-01   1.4982726818875153E-02   1.3929449977311914E-02
   1.2739717956988458E-01  -8.3627496178253846E-01   5.3330492866019199E-01   1.8955261699631778E-02
   1.7428341212634483E-01   5.4126575508155632E-01  -8.2259143846358586E-01   1.5693155020411349E-02
   2.8537599507026376E-01  -4.6137503582794989E-01  -8.4005572300438178E-01   1.6456628174911712E-02
  -7.3430405810026417E-01  -3.3452644275292371E-01  -5.9066878143047194E-01   1.6265871746968592E-02
   3.9674673187078418E-01  -2.1317786629971129E-01   8.9283101876545174E-01   2.0666296020140086E-02
  -4.6478940958504306E-01  -8.1772764456254645E-01   3.3954720445878621E-01   1.7361245014932878E-02
  -4.0350997953972047E-01   3.1182700637738758E-01   8.6019975267699937E-01   1.8558595727058172E-02
  -7.5834894874101967E-01  -1.1070482232709635E-01   6.4237941612174678E-01   1.4633948123001971E-02
   5.3933014277136184E-01  -4.7633997029868524E-02  -8.4074609688370305E-01   1.5918823561342905E-02
  -2.5144439580823290E-01  -2.3598113021964990E-01  -9.3866321010088036E-01   2.0755970950087130E-02
   1.5623114945787996E-01  -5.3333485522658605E-01   8.3135176678678330E-01   1.7294733404706730E-02
   1.9501224033151611E-01   7.6893871671173155E-01   6.0885423219568615E-01   1.5304936543118641E-02
  -9.5775257252635785E-01   1.9078195148898293E-01  -2.1520282713105522E-01   1.7639071710276972E-02
   8.2533069860377477E-01  -3.2933006974072580E-01   4.5866212303478235E-01   1.8060666804660401E-02
  -6.1601725912820377E-01   4.2731433637198819E-01   6.6175916645494421E-01   1.8640681844963127E-02
  -1.3243150387657069E-01  -5.9385006124165400E-01   7.9360191629322160E-01   1.6518741892842376E-02
   2.0938352603381553E-01   4.5417529457766461E-01   8.6595804795667667E-01   1.9339010216469290E-02
   1.9658431161773412E-01  -9.5893821959636227E-01  -2.0443116059725481E-01   1.4680417873038638E-02
   8.9155673236261421E-01   3.2763200401114795E-01   3.1270411402240489E-01   1.5913947401290533E-02
   8.4533930841725801E-02   3.9351909252812893E-01   9.1542161780912962E-01   1.7201884699935789E-02
   8.1974219640357155E-01   7.7296266988158750E-02   5.6749274757052479E-01   1.7749874212924172E-02
   5.6332431145689749E-01   1.4079225539675452E-02   8.2611590925838918E-01   1.6453843859337888E-02
   8.1062067096475658E-01  -5.6295888859755907E-01   1.6115650019049421E-01   1.6017444267930627E-02
  -2.2090733469718633E-01  -8.4637781711011985E-01   4.8460761465426225E-01   1.5968143218254978E-02
   6.0058287274274704E-01   7.0450491910277426E-01   3.7811774876096837E-01   1.6735234136022811E-02
  -4.8187690995163787E-01  -8.7581014204049818E-01  -2.7408735002972584E-02   1.7152211067244387E-02
   9.2838095629693189E-01   8.6881376991799577E-02  -3.6133146322622264E-01   1.6534255318430370E-02
  -1.9178494204066950E-01   3.0449753688233953E-01   9.3300578028168992E-01   1.7641872640209371E-02
  -4.6133937519674725E-01   3.1032910726816713E-02   8.8668085540677843E-01   1.5921218471338098E-02
  -5.8795221212745900E-01  -8.0445776806745517E-01  -8.4616166601636493E-02   1.6270307957901373E-02
  -1.6893978950125188E-01   4.3343478065501557E-01   8.8520824580536476E-01   1.7204063627779633E-02
  -8.0435929288301135E-01  -3.6600089917937221E-01  -4.6802721048314381E-01   1.8129956197816099E-02
   7.6357014829288001E-01  -4.4003827942790598E-01  -4.7257479966045297E-01   1.6808923933951051E-02
   2.7541941326005154E-01  -7.3144395177800012E-01  -6.2380597320550830E-01   1.7478889329237214E-02
  -6.5606917411772069E-01  -3.5138696136972349E-01   6.6790751017775225E-01   1.6069048835991504E-02
  -5.1948686700603605E-01   2.5390494715828544E-01   8.1588336961651641E-01   1.5421641317371017E-02
  -9.7126070540425661E-01   2.3728742310015520E-01   1.8636549469081504E-02   1.6575726831537189E-02
  -8.1457133642612777E-01  -5.1277960800578812E-01  -2.7116528444176335E-01   1.8150952521920778E-02
   2.9383078538088742E-01   5.7092144452209225E-01  -7.6662388023545062E-01   1.7061755675927541E-02
   9.7666539636253784E-01  -1.8068678825975643E-01  -1.1609043068393294E-01   1.6970034303409726E-02
  -3.5780436747846127E-01  -4.4543707448631408E-02   9.3273355935125916E-01   1.5959158152460179E-02
   6.4008100614061556E-01   1.4126813671156535E-01  -7.5520832829627870E-01   1.5946643270937834E-02
  -4.1968394654721539E-01  -3.8618363707142684E-01   8.2141803210596648E-01   1.7366703362365867E-02
  -9.4385247329066057E-01   2.2429321500193313E-01   2.4255939966779154E-01   1.7477852960544845E-02
   7.1652416369603368E-01   3.3246669343972765E-01  -6.1323651276889377E-01   1.6265436233021759E-02
   2.4812758853198193E-01   5.7644200708230561E-01   7.7855463024776021E-01   1.7974475668253671E-02
   6.0452569961758282E-01   7.4528285316120355E-01  -2.8125103961722146E-01   1.7551317975908345E-02
  -1.5578737162761870E-01   5.2262172296709801E-02  -9.8640709658243395E-01   1.9184767326085136E-02
  -2.8387557551766073E-01   7.7659715516478380E-01   5.6241578588663534E-01   1.6922040928354458E-02
  -6.3491273840961603E-01   5.1391458155597344E-01  -5.7686880438220189E-01   1.8801867700151642E-02
   8.9344725381097163E-01  -4.0410842841447767E-01  -1.9608259163427607E-01   1.9880129543019018E-02
  -7.5114373845572970E-01  -2.0099914156755587E-01  -6.2879442528369811E-01   1.8113004153774241E-02
  -9.2319754039198347E-02   9.4201445042368341E-01  -3.2262336897240979E-01   1.5319221152089586E-02
  -6.1589152780702525E-01  -2.5279501412503617E-01   7.4617176763065149E-01   1.8513381675500928E-02
  -9.1870158159102022E-02   8.1315067612479960E-01  -5.7475721131413646E-01   1.6333004246393958E-02
  -5.5791039667911572E-01  -8.0120827667307619E-01   2.1633605031966141E-01   1.9946767372725837E-02
   1.6464441241658233E-01  -6.7798127854713516E-01  -7.1640324077965349E-01   1.8094430035252822E-02
  -8.2746407669998500E-01  -5.0218332260017914E-01   2.5122721244579713E-01   1.6512772304568754E-02
  -3.8824419138265282E-01   4.5778756671166567E-01   7.9981059734279735E-01   1.6231108958912752E-02
   1.6294242827790228E-01  -2.4111193891127227E-01   9.5672085687589536E-01   1.6995326887272641E-02
   5.9237918902168757E-01  -2.7018403845184830E-01  -7.5900426993519465E-01   1.6738560176252605E-02
   1.8011839659809240E-01  -7.2406126834714710E-01   6.6580225509264598E-01   1.6391859680527092E-02
   2.5315898599168518E-01  -9.4905051625006766E-01   1.8765299202821621E-01   1.7017287467147632E-02
  -5.0662071653446165E-01  -6.0697848870564090E-01   6.1230104019732376E-01   1.6575359156272186E-02
  -4.7442289087107143E-02  -9.3717544623342536E-01  -3.4561743616801998E-01   1.7329351473270508E-02
   5.0578077295968091E-01   8.3196725613424842E-01  -2.2807081011115295E-01   1.9775628754318695E-02
  -6.6695594814761385E-01  -2.7097647936712250E-01  -6.9407601230723781E-01   1.6841363455958717E-02
  -7.9421975575965566E-01   6.0738951470383097E-01  -1.7115986355383563E-02   1.7838015915331364E-02
   3.7954767804988724E-01   7.3165194122987138E-01  -5.6624111205519138E-01   1.5854844069057147E-02
  -3.7654010303506115E-01  -2.1628237981944407E-01  -9.0079935778506374E-01   1.2396634368532986E-02
   1.9227596302593145E-01   3.0933289399933650E-01   9.3131257627739891E-01   1.6000520445586621E-02
  -3.4697721423843890E-01  -5.0357533697756409E-01   7.9121343061607927E-01   1.7672473778653676E-02
  -4.4311234083906043E-01   7.5675370495259288E-01  -4.8059887997856618E-01   1.5896093714394938E-02
  -9.1591550839510098E-01   2.1397642450821736E-01  -3.3957748929518678E-01   1.6936983937023115E-02
   1.3104241416883779E-01  -9.8223506587112847E-01   1.3432111175069563E-01   1.8067222737457589E-02
   9.5587878703185555E-01  -1.2533824433877533E-01   2.6568038882947671E-01   1.9735736386366120E-02
  -8.7975074120300877E-01  -4.6107301909461124E-01   1.1597544746944006E-01   1.8099131958398368E-02
  -8.5668905074537384E-02   8.8709775810091020E-01  -4.5356191008027648E-01   1.9624790231006247E-02
   6.0238543422302024E-01   5.6078960591118214E-01   5.6802007582296285E-01   1.9738869110551320E-02
  -5.9795076471003110E-01   6.7689162761785759E-01   4.2926985387228935E-01   1.4051265194441575E-02
   4.6585086275056974E-01  -8.8256003830602818E-01   6.3802448697615519E-02   1.5047975636489945E-02
  -6.9211958639419721E-01  -5.4827559294240613E-01   4.6942981617402432E-01   1.7123311692418770E-02
  -4.1489072241222260E-01  -5.2676174734938827E-01  -7.4188122363737116E-01   1.6503112713979688E-02
  -5.7079896763048179E-01  -7.3430123978071311E-01   3.6741016290854529E-01   1.5975396047254390E-02
   4.8281863663202937E-01  -5.3369521585293533E-01  -6.9430222576085487E-01   1.6548844941403649E-02
   6.6828010631125627E-02   7.8982649858777165E-01   6.0967870154997791E-01   1.7873673921653301E-02
   4.9477259680970488E-01   5.6778009144370766E-01   6.5789501077782635E-01   1.4935181783402469E-02
  -2.8038128052023566E-01   9.5294491607225602E-01   1.1524896730936027E-01   1.9070550757800601E-02
  -9.3214311165742085E-01  -3.4314665497247287E-01   1.1558370374245627E-01   1.7258610486546799E-02
   5.1373542465418653E-01   8.5422655604318169E-01  -7.9830472915969838E-02   1.7381053907159578E-02
  -3.3057945334738274E-01  -1.6770985925745680E-01   9.2875757231496613E-01   1.4396118747521224E-02
  -5.6850091890414216E-01  -3.2588112148342602E-01  -7.5538612633927204E-01   1.6650017293173224E-02
   7.6581898691899485E-01  -5.6525568041115068E-01   3.0660609099835478E-01   1.8945209934760292E-02
   9.7849828851480467E-01  -2.0516865163145818E-01   2.1140571452244176E-02   1.7677207070660543E-02
  -4.3503214180966063E-01   1.7357111208036939E-01   8.8352708200919511E-01   1.7386528819072488E-02
   1.2419140642139792E-02  -9.4094492451793367E-01   3.3833181046075306E-01   1.8114787307717231E-02
  -3.0697649061320504E-01   9.5118258857053046E-01  -3.1892278235740296E-02   1.7051708995098602E-02
  -2.0679715499022313E-01   8.3266060074757426E-01  -5.1372294152649882E-01   1.5897912214586574E-02
   6.2983010170222115E-01  -6.3059639143921870E-01   4.5349998246262952E-01   1.9254996689272978E-02
  -4.4021211008926588E-01   8.6972001524294277E-01  -2.2316001706526957E-01   1.8063462147179524E-02
   2.4525861851215449E-01   1.3003822596536136E-01  -9.6069676268492294E-01   1.7615594065960269E-02
   1.0790337958704534E-01  -2.7405616143442350E-01  -9.5564118844549774E-01   1.7500865621103923E-02
   9.8178756608364885E-01   6.2699037412971883E-05   1.8998202849842273E-01   1.8439098829306876E-02
   6.8935866812018229E-01   7.0093429105167128E-01  -1.8296378416358599E-01   1.8165379282661358E-02
  -5.9361400146015999E-01  -7.7721810590468409E-01  -2.0869698877653348E-01   1.3865167489876462E-02
   7.9190520736563083E-01   2.1450745621002735E-01   5.7172781441652853E-01   1.7257449648988076E-02
   2.6022900670850312E-01   7.4149631141696730E-01  -6.1843680697589276E-01   1.8831675570597258E-02
  -2.9147463137622281E-01  -3.8893398368308957E-01   8.7394101379927082E-01   1.7049751926491618E-02
   3.0882682735379800E-01   7.1113436078662513E-01   6.3159632014063014E-01   1.8607585914062640E-02
  -6.5991661671031316E-01  -6.9592142708330504E-01  -2.8320209447662927E-01   1.7069821000852629E-02
  -6.7483875351070850E-01  -6.3809400390226773E-01   3.7071376956364328E-01   1.8248431047937984E-02
   3.1105342102067656E-01  -7.0023346902954788E-01   6.4258762680445293E-01   1.7265823367923614E-02
   7.6976755214073850E-01   3.6000113233596175E-01   5.2712152335877977E-01   1.7289068751095184E-02
   1.6102418470963952E-01   2.3529326119812221E-01  -9.5849271941593165E-01   1.7246496171530568E-02
   7.0671773336621024E-01  -1.0560236534149265E-01   6.9957000062896357E-01   1.4146278843421127E-02
  -4.2253808121128351E-01  -7.0397301852389393E-01   5.7086211918171967E-01   1.7713054209308656E-02
  -7.0770625293467395E-01  -4.5266564003563436E-01  -5.4244417029616318E-01   1.7382431188048306E-02
  -5.9516094359028723E-01  -6.0917373993628665E-02  -8.0129428100445050E-01   1.7249496409788198E-02
   9.3737622642534041E-01  -3.4387648204749048E-01   5.5450655787202078E-02   1.6364685530504234E-02
  -1.4930433050456770E-01  -9.8044466570390014E-01  -1.2820481420504528E-01   1.6928355194852080E-02
  -2.7301699772349885E-01   5.1825153879109606E-01   8.1047952564806244E-01   1.8186000572695180E-02
  -5.8459044457932378E-01  -1.9061871518146967E-01  -7.8861810626507580E-01   1.7580977786641898E-02
   8.3581611205164598E-01   3.9489962975948467E-01  -3.8139967127764059E-01   1.5750441004202741E-02
  -2.4952576811345092E-01   8.5411519229222303E-01   4.5631582192929824E-01   1.7653537859764545E-02
   1.4387278163349681E-01  -9.5258967805949641E-01   2.6809238698542889E-01   1.7547150454046221E-02
  -7.9267478480292705E-01   3.4201450286396868E-01  -5.0467094761670754E-01   1.8022330549395036E-02
  -9.1920370760642633E-01  -2.9720453018406365E-01  -2.5832926888115008E-01   1.8580051771855011E-02
  -8.0426777662791781E-01  -1.9955333935773698E-01   5.5976049184375407E-01   1.7213530114836701E-02
  -2.9862540057181865E-01  -7.0256858567523412E-01   6.4592588781966462E-01   1.6063244520776391E-02
  -8.8880926934255537E-01  -1.3641293002548782E-01  -4.3750382312914037E-01   1.7706383299324630E-02
   2.2934003876555277E-02   7.8178089851592069E-01  -6.2313133301241538E-01   1.9116323314755735E-02
   1.9971492657879039E-02  -5.7301822448988302E-01   8.1929924562608889E-01   1.7337610622498815E-02
   9.0372496542131983E-01   4.1989409449970436E-01  -8.3487342025648398E-02   1.7885125716510865E-02
  -1.1062680354448510E-01  -1.9507592208118529E-01  -9.7452916578299770E-01   1.8423704626628474E-02
   9.2978510763747106E-01  -2.5115942346588884E-01   2.6910703747739179E-01   1.3307467315145100E-02
   1.3473024139432374E-01   3.2774405529903614E-02   9.9034014378696610E-01   1.5949731844278742E-02
  -8.1066194209005484E-01  -5.6749088479044242E-01   1.4415724514064978E-01   1.4661703774334258E-02
   9.8989941046370724E-01  -9.9476740368355844E-02   1.0101255015735262E-01   1.5499506006208161E-02
  -3.0550217349038661E-01   1.2493393189407471E-01  -9.4395971029177747E-01   1.9180372047044802E-02
  -5.3949062663308708E-02  -6.1951616849325210E-01  -7.8312784116847167E-01   1.7343973556970240E-02
  -7.4912998138065276E-01   6.4091570243005673E-01  -1.6742560549452947E-01   1.9795038603163684E-02
  -6.7458372692061647E-01   1.6271262012598493E-01  -7.2004263667204320E-01   1.6034545001493205E-02
   2.1160133655163808E-01   3.6318377374969723E-01  -9.0737115936891505E-01   1.9821601486305054E-02
  -3.7322489086539358E-02  -3.7362423618233053E-01   9.2682898203797829E-01   1.6544925276349504E-02
  -6.2615174933229518E-02  -7.5557938098744052E-01   6.5205761930577672E-01   1.1992807006895189E-02
   9.8624502126353146E-01   1.6525893146033940E-01  -3.2005633071668384E-03   1.7222490146459121E-02
   2.4235667639731208E-02  -8.8544562832291084E-01   4.6411062441825459E-01   1.4694036883625170E-02
  -2.7212461550687376E-01  -6.1247523853361265E-01   7.4217401990263063E-01   1.6656544633276526E-02
   4.7762120899175943E-01   6.3787403322949636E-01  -6.0414791107210294E-01   1.9775868952706641E-02
  -3.7160712360161030E-01   9.0504856565759972E-01   2.0687010293819412E-01   1.6326114948814314E-02
   3.8099432658424419E-01  -8.7641068853408814E-01  -2.9452950299388325E-01   1.7813360805531093E-02
  -5.6773861667605585E-01  -6.6120930235268291E-01   4.9038262776839545E-01   2.0228785776205802E-02
   2.4554393764796014E-01  -7.8377966599494826E-01   5.7043633286913095E-01   1.4465257182297861E-02
   2.5154022661242696E-01  -8.4880562067299827E-01   4.6503390490338958E-01   1.8313185413585230E-02
  -6.3450368920892827E-02   5.1280653110081511E-01  -8.5615624295110492E-01   1.5778988280868901E-02
   4.7984126256078516E-02   5.7260461572892307E-01  -8.1842622005491314E-01   1.6993804681645253E-02
   9.4522014163774326E-01   2.3008156420212819E-01   2.3156285897489405E-01   1.7618744177788185E-02
   6.8743413863149669E-02  -2.3239871649182091E-02  -9.9736365053884394E-01   1.8775529844524875E-02
  -5.2999384855339171E-01   8.3861625739308216E-01  -1.2581451955789604E-01   1.6386708221373053E-02
   9.1092083350617620E-02  -9.5166062993160203E-01  -2.9333304926146791E-01   1.9796962318075408E-02
   1.4001697419403464E-01   8.4803358604575400E-01   5.1111083326019004E-01   1.6703622312868358E-02
   8.7395828116234781E-01   4.2721333568443178E-01  -2.3170172334520002E-01   1.7933820472699930E-02
   5.1044771695767305E-01  -1.8949937242364956E-01  -8.3876880968699722E-01   1.8042491370460298E-02
