441
 0.0000000000000000E+00   0.0000000000000000E+00   1.0000000000000000E+00   3.1514021143162769E-02
 7.0807202149942831E-01   0.0000000000000000E+00  -7.0614022146434427E-01   2.9354680575847616E-02
-9.0432549023488189E-01  -2.3961479218275489E-01  -3.5324235176243448E-01   3.1080037637747479E-02
 8.0616192555501591E-01  -4.7278207134152925E-01   3.5578091967310760E-01   2.9365301289942035E-02
 8.3752835815969923E-01  -4.7695462832770720E-01  -2.6657181357956321E-01   3.2829917709771567E-02
 5.1606933420648513E-01   5.3655462139571232E-01  -6.6766876559457157E-01   2.8870399288653629E-02
-4.9265578379935872E-01  -4.5295911121404754E-01  -7.4304664877598334E-01   2.8944837222460506E-02
-6.5968710774271031E-01   5.0323941880426463E-01   5.5817829341492988E-01   2.7585287047095392E-02
 8.2355885744477657E-01   5.6619798303571702E-01  -3.4214796953077177E-02   3.0598747898583082E-02
 7.1412488821029516E-01   3.0229512453720208E-01  -6.3138205685596648E-01   2.7942997293392100E-02
-2.7812408495143614E-01   3.8419008769058766E-01   8.8036638389378811E-01   3.1423797227251930E-02
-1.5325817846357267E-01   9.4306956696544723E-01   2.9518083033562895E-01   2.8958336146591836E-02
-1.3480271512537147E-01   1.1681880039369891E-01   9.8396219229673924E-01   2.9351447496900950E-02
-5.7468419079371013E-01  -6.7277495055069156E-01   4.6595273018117744E-01   2.7446636875142362E-02
-8.0726751986373486E-01  -6.2467831361732217E-03  -5.9015263201438337E-01   3.2967065869830869E-02
-4.3711146279036166E-01  -1.0769298284978905E-01  -8.9293661059572713E-01   2.5838325139193112E-02
 9.9028461115177908E-01  -1.3665794764119409E-01   2.5709808682023096E-02   2.4253635318704795E-02
 4.3184455490876292E-01   8.4570577976949863E-01   3.1351557291483422E-01   2.6918360737245761E-02
 4.0105298936013946E-01   1.5309658089015791E-01  -9.0317104506568366E-01   2.9506982925157947E-02
-7.1692862507770431E-01   3.5114886951346671E-01   6.0225228765327800E-01   2.7776507095376876E-02
-7.4624171258316494E-02  -6.9543458572512442E-02  -9.9478386619093424E-01   2.9001476489050311E-02
 7.6892502019522819E-01  -3.1869700888157250E-01  -5.5424410673249990E-01   3.0821982116736008E-02
 7.7312560523948281E-01   1.4915213705548051E-01  -6.1646608871442936E-01   2.6395948975711016E-02
-4.8840318401474096E-01  -2.8303431300225362E-01  -8.2544164391409609E-01   2.7858534715066749E-02
-4.6792047467551949E-01  -7.0550699595979509E-01  -5.3226901847770760E-01   2.5477429404666502E-02
-5.8738440525872590E-01   8.0930786654564030E-01   5.8103889441692313E-04   3.0547956632826824E-02
 8.0100742724391675E-01   5.7773013977006417E-01   1.5689164127302452E-01   2.7158584222418213E-02
 6.2975938591758815E-02  -2.0479972306668248E-01  -9.7677587224004316E-01   3.4222073291168388E-02
 5.8905048302200588E-01   5.2394474871765979E-01   6.1522469776718944E-01   3.4027422021398758E-02
-8.8620290024025951E-01  -3.3406057076387236E-01   3.2101083263134371E-01   2.7827215313426316E-02
 1.0082383215899322E-01  -3.1055243576896045E-01   9.4519402214928387E-01   2.9212852164157943E-02
-4.0646271415436805E-01   6.2270973738913939E-01  -6.6859602523722330E-01   2.7554256537884089E-02
-6.8804281036813739E-01   6.7713028727705726E-01  -2.6094379692340852E-01   3.3532561642175973E-02
 7.7883885661055805E-01  -6.0857663793309839E-01  -1.5180418701605411E-01   2.7176972695875258E-02
-9.9140739840520737E-01   3.8885338336620755E-02  -1.2489716109610071E-01   2.6626504401356592E-02
 2.6080174525171653E-01   8.7992150768499506E-01  -3.9714051667769179E-01   2.9330097871845396E-02
-7.6116053934938090E-01   3.2962203791536666E-01  -5.5855523044536976E-01   2.6799505550222066E-02
-5.6894980140265749E-03   9.7679145660438919E-01   2.1411697718075490E-01   2.7163315789778792E-02
 7.9373683688557381E-01   5.6247027044150366E-01  -2.3153623612805334E-01   3.1251872828672184E-02
-4.5214512539928266E-01  -8.1597965756126740E-01   3.6019714605180270E-01   3.3711319449148340E-02
 4.3954401753949277E-01  -8.9800308407533631E-01   1.9786804603736243E-02   2.7263512761116399E-02
-5.5603305924201498E-01   5.7450441728847057E-01  -6.0064291517173558E-01   2.7503252711731764E-02
-5.1538854707589907E-01   5.4464414835156258E-01   6.6161725885091202E-01   3.1071654096228269E-02
 1.4879845646754798E-01   9.7861021027488508E-01   1.4206011297553065E-01   2.9803278596337175E-02
-7.1111939154311283E-01  -3.6835402737828077E-01   5.9885267093464120E-01   2.9664270761250030E-02
-1.4404736941970202E-01  -8.8225656297888725E-01   4.4818937118582446E-01   2.9765599486873730E-02
 5.7471856239092691E-01   8.1755609127452224E-01   3.6063993999988706E-02   2.6756587238631825E-02
-3.0008602664511823E-01  -8.2409246452826181E-01   4.8043728677120869E-01   2.7498896919636797E-02
 3.9832776322670682E-01   8.8157298251338414E-01  -2.5330627616635363E-01   3.0459340470124391E-02
-4.2172298208816059E-01   6.8430325914321263E-01   5.9487710991821316E-01   2.9534081962019316E-02
-8.7572480791100932E-01   2.3828708935514457E-01  -4.1991109041781609E-01   3.0241463411171229E-02
 6.0687697480772495E-01   5.8686327348102746E-01  -5.3599611536592011E-01   2.5263933040694310E-02
 2.6968423596675621E-01  -8.4328967547514270E-01  -4.6490099602824601E-01   2.8269524725012065E-02
-2.9725849132134483E-01   2.3302138516482688E-01  -9.2592571159527867E-01   2.7445845282656917E-02
 1.3425135945495743E-01   8.6896245176881681E-01   4.7632009185045163E-01   2.1702081924037646E-02
 2.9541344505862650E-02   9.8586257910075349E-01  -1.6493114955519008E-01   3.3358965723300619E-02
-3.6209777378592713E-01  -9.3185002825360570E-01   2.3253538720582960E-02   2.8900628540123882E-02
 2.5175035170960322E-01   2.4920110878374250E-01  -9.3515804428719135E-01   2.6933081015891806E-02
 2.2113720894955473E-01  -4.8706065283260704E-01  -8.4490843011552172E-01   3.4242127098327119E-02
-3.5963626458245130E-01   5.9303409432898330E-01   7.2039733492051709E-01   2.2253029834219839E-02
 2.9634031537727976E-01   9.2836293490632275E-01   2.2433162633523826E-01   2.7200030756324560E-02
 6.5903980177150858E-01   1.7582360298008394E-01  -7.3126780341819550E-01   2.6978834424516713E-02
 4.7565111696283839E-01  -8.5891950211221015E-01   1.8977171502443962E-01   2.7861610112917429E-02
 2.0249060569088377E-01   4.1259276466333281E-01   8.8812429600501676E-01   2.0521115750309681E-02
-2.0340580964894638E-02   8.7372766454499917E-01  -4.8598994740092322E-01   2.7381019134718940E-02
-2.6101852085977417E-01  -8.2872866985165085E-02  -9.6176994114280507E-01   3.1089459970218551E-02
-3.9757898988956256E-01  -8.9491456913843006E-01   2.0262986142761167E-01   2.7663524919493251E-02
-6.2593330451375006E-01  -7.1513606563203531E-01   3.1110754721290549E-01   2.8169406932719951E-02
-8.2960077967808452E-01  -1.7478876155026823E-01  -5.3029372539493415E-01   2.7487205230600340E-02
-5.3151535248408832E-01   1.8313917055149605E-02  -8.4685065419813696E-01   2.9325607291881251E-02
-7.5735589669366767E-01  -6.1988776332350976E-01   2.0530759027641134E-01   2.9168319871293562E-02
-2.9632021456484626E-01   4.2619212828331800E-02   9.5413727164288921E-01   2.8160337426954660E-02
-2.4859256012368482E-01   6.4924160888434725E-01  -7.1880948264781299E-01   3.0797188667309596E-02
 9.4842979771206685E-01   5.2767191207783907E-02   3.1256446110184912E-01   2.7275979447886680E-02
-3.2177832009193267E-01   9.2421054210297608E-01   2.0565404587446636E-01   2.7992470298851857E-02
-9.8953128844216511E-01   1.4111190430546778E-01   3.0253258622386365E-02   3.1298696831763819E-02
 7.2443186271946693E-02  -4.7353374449258538E-01   8.7779142032125090E-01   2.9000684402610730E-02
 3.6617738693025740E-01  -3.6667044617250095E-01  -8.5525838505365587E-01   2.9823821950880367E-02
-5.2274940670752387E-01  -8.5063604091131299E-01   5.6137186335429962E-02   2.9069554830698844E-02
 1.7608082099496183E-01  -8.8251421630381354E-01   4.3607820686134504E-01   3.0781930513150563E-02
-6.0927623324419144E-01  -6.0262130664984523E-01  -5.1539308530033922E-01   2.8879882118271314E-02
 1.7750864250290041E-01  -6.8418832650308045E-01   7.0737332131887162E-01   2.1365896715497214E-02
 7.1226107619103187E-01  -6.3180371683956995E-01   3.0579114233557813E-01   2.9788513911116520E-02
-4.0735448630772008E-02   4.1074642198313302E-01  -9.1083917353883272E-01   2.6468846961485938E-02
 8.9181975151529062E-01  -4.4133869082825114E-01  -9.9386572459315516E-02   2.6469640564050331E-02
 1.4198162907865037E-02  -9.2789992363961815E-01   3.7255891330047723E-01   2.8840166802810006E-02
-5.8511722922178108E-02  -9.9593378142285100E-01   6.8500228477422737E-02   3.2827489160627125E-02
 2.5851977922603683E-01   6.8756635267268482E-02  -9.6355593966081958E-01   2.8701057190267107E-02
 5.2364465143957712E-01  -4.3146461486685510E-01  -7.3459823382344193E-01   3.0051330977467709E-02
-5.2054763750274055E-01  -7.7262226674192451E-03   8.5379767074735504E-01   3.1064425503900880E-02
-6.7924226478752194E-01  -6.4060321348882354E-01  -3.5813051893703597E-01   3.0526127470114547E-02
 8.2218613122047585E-01  -5.3919146756977553E-01   1.8243499370641023E-01   2.7182662560499202E-02
 7.2662660186198770E-01   5.4166541707359270E-01  -4.2262555224807609E-01   3.2627221908506447E-02
 2.6825544655924158E-01   4.2482386465375645E-01  -8.6461766082584077E-01   2.9522195720278560E-02
-1.5193589425432094E-02   9.1035833973485011E-01   4.1354183357379810E-01   3.3211310643668738E-02
 9.2543439912616545E-01   2.5101567680343612E-01   2.8383499240387202E-01   3.1183913712688715E-02
 8.3355068435669679E-01   4.3691269217901282E-01  -3.3808365240184179E-01   2.3779961348575704E-02
 5.9531716325302461E-01   6.8944700220555734E-01  -4.1262610955457237E-01   2.8450062852846516E-02
 9.0807482139659363E-01  -4.1262907402908801E-01   7.1675421250539397E-02   2.9057628265534320E-02
-6.8311568868709926E-01   2.5863965200670051E-02  -7.2985204745458425E-01   2.9986781916128038E-02
 8.0461452946531313E-01   1.0784979523397948E-01   5.8392112535966811E-01   2.4781289741386194E-02
 3.2251548576021438E-01   7.7340292871331337E-01  -5.4573956362217543E-01   2.8864837879636535E-02
 6.0229002315606408E-01  -7.9396824666397129E-01   8.2832066834089417E-02   3.0690919007351711E-02
 1.7258617500035297E-02   9.9938078987924701E-01   3.0662304908789841E-02   3.0101534834724072E-02
-5.9438883031378200E-01   7.2973691315727586E-01   3.3791412514706258E-01   3.0341823603149951E-02
 3.3489439396983753E-02  -7.5990896861517631E-01  -6.4916624747986917E-01   2.7145047225233880E-02
-7.5451662573746469E-01  -6.5593869874689847E-01   2.1191625043308879E-02   2.7904622358625568E-02
 2.5148842149064365E-01  -2.2556960257365945E-01   9.4120769665940660E-01   3.2073994182221507E-02
 4.6539877684597446E-01   8.8178481163642334E-01  -7.6547530839265629E-02   2.8224103719549686E-02
-6.2839928348315252E-01   4.1989506889047172E-01  -6.5483010898959630E-01   2.7515619384338889E-02
 3.8300466197801604E-01  -4.6526759000288482E-01   7.9801848261554262E-01   2.7686908670364278E-02
-7.5395399254302306E-01   5.5065922563091618E-01  -3.5822869002355868E-01   2.5886700214105129E-02
 5.4090942393132710E-01   7.8996895779045761E-01  -2.8873178008272297E-01   2.6035431988296315E-02
-2.0137823927655738E-01   8.9427119853511598E-02  -9.7542277755882818E-01   2.7997861073662497E-02
-5.3605998109399601E-01   7.6847660104596684E-01  -3.4940436504763727E-01   2.8273167856890104E-02
 2.8627011208366033E-01  -6.3327351623532832E-01  -7.1903690904052481E-01   2.7601560403904357E-02
 1.5863659390898884E-02   1.8879061967571209E-01   9.8188922299472771E-01   2.2567817135542767E-02
 7.8493345948090613E-01   2.8332203385008188E-01   5.5100643310436030E-01   3.3479719046831633E-02
-3.2960647085843963E-01  -9.3009749196639752E-01  -1.6210561312324143E-01   2.9162183229789162E-02
 7.4849117849173198E-01  -1.6116027359717333E-01  -6.4326380430904270E-01   2.8192591799765054E-02
-1.4761125446571067E-01  -7.8733754697427524E-01   5.9859043149685433E-01   2.7135762355207764E-02
-3.6110100531624751E-01  -4.3637657950917212E-01   8.2412471435788798E-01   2.5646596620658326E-02
 6.7700280077464514E-01   6.8603992665938999E-01  -2.6648907439605302E-01   2.7812315017433952E-02
-1.0089947980679256E-01   2.4935876890899195E-01  -9.6314043594011291E-01   3.2918606212286936E-02
-4.8935786241367811E-01  -5.8892183298877824E-01  -6.4319511590422813E-01   2.7675275267599737E-02
-9.9653569062128095E-01  -4.2557399048670934E-02   7.1452677375861775E-02   3.0251463802373814E-02
-5.7727955564284663E-01   6.4265031026846850E-01   5.0373494354535157E-01   2.7720409341001412E-02
 3.3053200131866047E-01  -9.3202956300795385E-01   1.4855803506873472E-01   2.9548670052308532E-02
-5.9327014156249937E-01  -1.4366030216196787E-01  -7.9208096600861708E-01   3.1183738315443694E-02
-5.9887405960278687E-01   1.5478970545532819E-01  -7.8574169281000392E-01   2.2973978307433502E-02
 1.9711600384619611E-01   7.1825785464725200E-01  -6.6727126063186137E-01   2.6453286203339536E-02
-1.7971770152333741E-01  -5.0806448747410657E-01  -8.4236098219637529E-01   3.4558140090196864E-02
 5.6846112132291137E-01   2.6773416381825452E-01   7.7792697026702857E-01   2.8788841288582972E-02
 4.4515300643128243E-01   8.8489186807275448E-01   1.3713199000926634E-01   3.1150458199903012E-02
-5.9930226449569259E-01   7.8209151588590977E-01   1.7079126602263563E-01   2.7292748907964785E-02
-3.3518005523936791E-01  -2.3526569436042135E-01  -9.1230717613468499E-01   2.9537893042868287E-02
 5.4497408061366252E-02   6.2823132785625723E-01  -7.7611560428492669E-01   3.0869923016955080E-02
 5.5219648831708223E-01  -2.5122148842953690E-01   7.9496339666775250E-01   3.3557313537161639E-02
 1.1144351612568490E-01   6.8130666407369746E-01   7.2346497648629419E-01   2.7504044868741130E-02
 9.6164771988414656E-02   9.2433966646811356E-01  -3.6925400149765863E-01   2.8531613524892161E-02
-9.0892375727980745E-01  -1.7710790191950078E-01   3.7747899879335005E-01   2.3806859761280425E-02
 9.1710003400031645E-01  -3.2792757239830421E-01  -2.2669590842706726E-01   2.7498184993585397E-02
 8.6572975886259566E-01  -1.6853767090433131E-01   4.7128233375107049E-01   2.0946297142372687E-02
 2.0841509965254507E-01  -7.4862807475599826E-01  -6.2937997419996385E-01   2.9615374093528426E-02
 3.5824122003932430E-01   6.3937782890957688E-01  -6.8033757809165020E-01   3.2200102673804456E-02
 3.9942563560774594E-01  -3.0748710966748342E-01   8.6366129877845345E-01   2.6920916536995975E-02
-3.5246261937346234E-01  -5.5424008051581017E-01  -7.5404776711706142E-01   2.9309777982468943E-02
-6.9913240540823773E-01   2.2549016336438714E-01  -6.7850428586265651E-01   3.2302085197114256E-02
 8.8720454848696377E-01  -1.9383353378878053E-03   4.6137222716604959E-01   3.2387945884234472E-02
-3.0487964101053703E-01   5.1233699606094260E-01  -8.0284444755166344E-01   2.6994857223513015E-02
 6.8326689279371493E-01  -1.6240632095148043E-01   7.1187817786965972E-01   2.5484662378385309E-02
 1.5744414271634314E-01   2.6894788045964954E-01   9.5019912624700815E-01   3.1668599265914165E-02
 1.0774147885088796E-01   3.4008192678556063E-01  -9.3420343438077999E-01   2.8614648257850259E-02
-4.5870182271312041E-01   2.0470325718749027E-01  -8.6469024184183638E-01   2.8991517885683538E-02
 6.9195630968804966E-01  -5.6063144573711678E-01   4.5485035729743721E-01   2.3801620070879740E-02
 1.1014211962592024E-01  -8.5020815575239634E-01  -5.1479588710130377E-01   2.7524300815163122E-02
 7.0251260621340163E-01  -7.1101991110542428E-01  -3.0442143861572756E-02   2.6643042352962260E-02
 9.0926140207814682E-01  -2.0257600540566680E-02  -4.1573228442258560E-01   2.8525959905271903E-02
 7.4000421329697196E-01  -4.2046364873992363E-01   5.2498007999450777E-01   2.7513271799701763E-02
-2.9721126423734549E-01   7.9097998586736970E-01   5.3480475537124227E-01   2.9749055246225385E-02
 7.7447473133890829E-01   5.2561645850224003E-01   3.5201737040817864E-01   3.3495867696064385E-02
-3.5529033431462497E-01  -2.8042893964562782E-01   8.9169971860028702E-01   2.8926615367151647E-02
-8.4957396651762397E-01  -1.0635444019068718E-01   5.1663605029772821E-01   2.8928316691418164E-02
-8.4816033570634825E-01   2.3861946269661036E-01   4.7295327143056713E-01   2.8890513728179211E-02
-2.8190832077462149E-02   5.8166417911258001E-01   8.1294037894796975E-01   3.4414790509471169E-02
-3.7767518547411951E-02   9.5573824121426405E-02  -9.9470561408166258E-01   2.4685280508919804E-02
 3.4426782426279367E-02   4.1126411424108813E-01   9.1086586553085133E-01   3.4029085360639745E-02
-8.6693259930235839E-01   6.4443615484761798E-02   4.9424173102856112E-01   2.8939505624346498E-02
-3.1884468975637894E-01   7.5039621038893189E-01  -5.7900223768832574E-01   2.7184473739816432E-02
 2.8227506027270464E-01  -3.6641966589363166E-02   9.5863348399297265E-01   3.0049876626182170E-02
 6.4571266965621543E-01   3.7038670989496571E-01   6.6773410380077615E-01   2.6679182311740596E-02
 4.5440918129483884E-01   1.9698986671833820E-01   8.6873890690197921E-01   2.6835742722750981E-02
-7.3178882163898268E-01  -3.0011428853689281E-01  -6.1189585252739195E-01   2.8703216134873542E-02
-4.9588083223476795E-01  -3.4899638020543797E-01   7.9517528056753326E-01   2.7574505713065589E-02
 2.3753811707286205E-01  -5.5691586051803501E-01   7.9587710561426252E-01   3.3344162796921548E-02
-5.5702373158977191E-01   3.1593390726624512E-01  -7.6805620151476503E-01   2.7072484443208346E-02
 6.6049179082521174E-01  -3.4299837738274856E-01   6.6790920592944855E-01   2.6369265712193841E-02
 5.9853071812052434E-01   7.9114292797640848E-01  -1.2591206049876544E-01   3.0096644848860476E-02
 1.5357078670222669E-01   5.5097796552736086E-01   8.2026781905362451E-01   2.8233253545654402E-02
 1.0959157616191552E-02  -8.4869844042390258E-01   5.2876351432977974E-01   2.7351620164951944E-02
-5.0675685866151081E-01  -6.1413364579439821E-01   6.0501020760215142E-01   2.7846068284960381E-02
 6.3608500321110401E-01  -1.4409009215340004E-01  -7.5804611603328879E-01   2.7518061023143971E-02
 4.3342848871902655E-01  -7.9644692182448544E-01  -4.2167765637159702E-01   3.1627713914689525E-02
 4.4311943885434414E-01   1.2766565544876939E-02   8.9637167386837894E-01   3.1086033288488601E-02
-7.2815839360390386E-01  -6.6302281328957137E-01  -1.7374148290424034E-01   2.8689371319015201E-02
-4.3178182843712198E-01  -7.3824307889304421E-01   5.1822930165903802E-01   2.5390690941141613E-02
 9.6256761557580912E-02  -4.2132400491796850E-03  -9.9534761991112183E-01   2.7572702663577834E-02
 3.4277300285562422E-01  -8.8720868993816708E-01  -3.0881614111237656E-01   2.6442472715904274E-02
-9.3850945931412592E-02  -5.4089522649328705E-01   8.3583751644955164E-01   3.0347925516411837E-02
 9.8379865385661560E-01   1.7876345907083345E-01  -1.3558553423631702E-02   2.6979138568012932E-02
 4.3695041248487118E-01   5.6681631605059799E-01   6.9842222250450287E-01   2.5496493088186111E-02
 3.0284214365548125E-02   7.7125229944750195E-01  -6.3580874243533500E-01   3.1238981923277684E-02
 2.1912721340571175E-01  -9.5319121798784696E-01  -2.0835010510170763E-01   2.9126444881038754E-02
 7.9999342962603812E-01   3.5441000053270315E-01  -4.8415293459564860E-01   3.3427757866079788E-02
 3.5971299391374387E-02  -9.6983918058079794E-01  -2.4107681230359445E-01   2.7848244579393117E-02
 7.9818545951541981E-01  -8.1968542708123734E-02   5.9680912377783279E-01   2.7185472836473030E-02
-9.2116888535627854E-01   3.6628844324130871E-01  -1.3145592797333267E-01   2.5588244570987654E-02
-9.6487578743969919E-01  -1.0219006887548902E-01  -2.4201633134117837E-01   2.6982134097175478E-02
 3.3343978906512594E-01   4.8250926270015650E-01   8.0993994745089317E-01   3.1601359874132901E-02
-2.0655460154647746E-01   8.5281928896874106E-01  -4.7961907483212851E-01   3.0230675232060777E-02
 9.7724052830183811E-01  -1.5471850725853997E-01  -1.4513143476185142E-01   3.1314306026390821E-02
-3.3402767083379218E-02  -1.7420582141167885E-01   9.8414256433580575E-01   2.9368551395186823E-02
-4.6719623687074989E-01   8.7846111224258862E-01   1.0016861050910230E-01   2.8057595837999667E-02
 2.6612348648230232E-01  -9.6355842671316143E-01  -2.7082249769190265E-02   2.6313708285838810E-02
 3.7518569895812641E-01  -2.0131634797527042E-01  -9.0482452405712461E-01   2.8870901511049300E-02
-9.5130722454550173E-01   2.5143650374001880E-01   1.7830941959002024E-01   2.8435100939033443E-02
-1.2143175741287401E-01   4.5517222098157352E-01   8.8208422360811020E-01   1.8464421489982459E-02
-5.5556653106307187E-01   1.6890081033436064E-01   8.1413656460752399E-01   2.6275227214657816E-02
-3.7518469218968868E-01  -8.1339288825541462E-01  -4.4455422175708045E-01   2.8470930725840322E-02
 7.0058358622887206E-01   1.9966830039011069E-01   6.8506584247502599E-01   2.6920157469210765E-02
-1.4683881613210023E-01  -6.7387713866268814E-01   7.2410493995325797E-01   2.7430024975676725E-02
-9.6142945856785928E-01  -1.6197108320494177E-01   2.2230331622207306E-01   3.2233198267888805E-02
-7.1155568379864488E-01  -5.9099823632910393E-01   3.8001262282946814E-01   2.8801770768002420E-02
 7.0965246430455390E-01   7.0157339446364481E-01   6.4715933797118818E-02   3.3020294863984620E-02
 8.9699519540265644E-01   2.7951920429597980E-01  -3.4244508151569696E-01   2.7945037722148691E-02
-7.4218071982294544E-01  -2.0093337183826389E-01   6.3936965771359570E-01   2.7530630907527711E-02
-4.6381840393946092E-01   8.3941384460126222E-01   2.8329646248899562E-01   2.8770540237385059E-02
 5.1431740293789172E-01  -1.0768031496583161E-01  -8.5081288119308684E-01   2.4376068112668214E-02
 9.3456600714895383E-01   3.5339892036268274E-01  -4.1177437610321279E-02   2.7683646707887539E-02
 1.5323692589257420E-01   8.3045004975572975E-01  -5.3560354685504059E-01   2.8269190112097373E-02
-7.3333284802362719E-01  -5.0058673441696219E-01  -4.6003897153971351E-01   3.0947348018659006E-02
-1.4874198820438966E-01  -7.5393748190761611E-01  -6.3988600103440944E-01   2.8815193188293974E-02
-1.3425257345539176E-01   9.6941155392936426E-01  -2.0546894078877264E-01   2.3849249047852443E-02
 5.2457053555650574E-01  -2.7236641730644799E-01  -8.0662400655423756E-01   2.8562723823811882E-02
-5.7066014620952101E-02   7.0970233665804380E-01   7.0218662997624345E-01   2.3700509747936693E-02
-2.0710467148255262E-01  -9.7757567143683061E-01  -3.8124292320433612E-02   2.8691217281084963E-02
 1.5972995777460861E-01   9.3030537825365389E-02   9.8276734765723929E-01   3.0658157553826366E-02
-1.1779761148289071E-01   5.4844545604318319E-01  -8.2784739202011792E-01   3.3523473621882398E-02
-3.6742116514639415E-01   6.2996942525801538E-02  -9.2791867781334538E-01   2.9709065624212565E-02
-2.7576587940711010E-01  -9.0000456999953311E-01  -3.3755733399643177E-01   2.7646884410344441E-02
 4.1662612892711683E-02  -9.7698725739251166E-01   2.0918920999805541E-01   2.5406567699647193E-02
-6.4774196089736761E-01  -9.0174975978688909E-02   7.5650434618716904E-01   3.0109934055682749E-02
-6.1303802134545293E-02  -3.7745563653417155E-01  -9.2399625880867723E-01   2.8455749692165767E-02
 5.5513544515021706E-01  -8.2702567607112413E-01  -8.8618105695001982E-02   2.8395219047183935E-02
 1.5910669049465924E-01  -9.8202214188678063E-01   1.0157545906337974E-01   2.7856741835744598E-02
-8.2577074486139565E-01   3.9843872239433659E-01  -3.9918574802693598E-01   2.9225951930765310E-02
-6.3234894738565756E-01   6.4245721428592306E-01  -4.3287820059714547E-01   2.6413507547499652E-02
-3.1223932770939870E-01   9.4935230292760603E-01   3.5168269187345444E-02   2.9360250944589170E-02
-1.8248857221452748E-01  -7.2793166419638941E-02   9.8050960012317371E-01   2.6468557016478784E-02
-4.3853229363626349E-01   2.9851872854623277E-01   8.4768861980402832E-01   3.1693860362549570E-02
-6.3940167153841711E-01  -4.4959676846154845E-01  -6.2372129049986018E-01   3.2152865200833331E-02
-6.0103394934546230E-01  -7.6337298229294123E-01  -2.3668519522643793E-01   2.8104072294022511E-02
 4.7412952288811043E-01  -6.7843098992713191E-01   5.6118854891416356E-01   2.9515081984486100E-02
-1.3953098192990556E-01   9.8923009222005688E-01  -4.4214587275852075E-02   2.7696596352654574E-02
 2.2179644080363312E-01   5.8364082918858963E-01  -7.8113361299517523E-01   2.8430258697854373E-02
 7.2823957996203159E-01   6.7690508169208731E-01  -1.0708232606808800E-01   2.4644597169134496E-02
-7.9081216308984894E-01   6.0214342565877725E-01  -1.0972428010730714E-01   3.1361804386447098E-02
-8.7519263751396572E-01   4.8317860320329923E-01  -2.4005929431224215E-02   2.8349344137992989E-02
-9.5062642232909428E-01   8.9331327812239909E-02  -2.9720248828212806E-01   3.4440965650620771E-02
 5.0976163805760350E-01  -8.2023719940549355E-01  -2.5952650939019958E-01   2.6815316653786065E-02
 1.0231527356909475E-01  -9.9262985119212352E-01  -6.4942769549687060E-02   3.0431869647525906E-02
-8.1122607409759339E-01   4.9908482770295714E-01   3.0467456648186992E-01   2.8136641148779188E-02
 5.9355786231076042E-01  -7.6178885473463324E-01   2.5955116045045194E-01   2.7474997347145637E-02
 5.5954822274725071E-01   5.8337624265879819E-02  -8.2674210490055859E-01   3.3656158776479054E-02
-8.2663424996847219E-01  -2.7868618796363180E-01   4.8888631134176865E-01   2.8603848318727580E-02
-1.7459496733761539E-01   8.7577323127731183E-01   4.5004204776717600E-01   2.3658013023235873E-02
-1.6027093953147808E-01   9.7916983967546080E-01   1.2465813656408306E-01   2.8862032037645018E-02
-2.8263986086307770E-01   2.1292146699709122E-01   9.3529629419938729E-01   2.5277613707623269E-02
-7.1980910301995750E-01   6.5453158281071424E-01   2.3122124105043924E-01   2.8156455615668512E-02
 9.4474880981433688E-01   1.2336259534723919E-01  -3.0369615806523957E-01   2.9232602853503951E-02
 4.7013683739938620E-01  -7.9050215760208510E-01   3.9252731490502865E-01   3.0418096362047934E-02
 3.2014610832905572E-01   9.3965579158953609E-01  -1.2063773312692236E-01   2.6295380947158633E-02
 8.9037542881369784E-01  -3.8626596237463628E-01   2.4089458706168516E-01   2.5841538452412309E-02
 1.4073100048231728E-01   9.3638109802242457E-01   3.2153572860502555E-01   2.9197328619126192E-02
-5.3777091316927805E-02  -3.6116922817213552E-01   9.3094834071017853E-01   2.7288436430581581E-02
 4.7238154690429130E-01  -5.8405694600777655E-01  -6.6010086953766240E-01   3.1886591759770794E-02
 6.5342302996438919E-01  -5.8620602824761878E-01  -4.7895807369571397E-01   2.9498374091718432E-02
-9.2468077378011539E-01  -3.4877477717668265E-01   1.5271418207475820E-01   2.9674751196025894E-02
-2.4274327862324223E-01  -9.5849173099828224E-01   1.4956370646368575E-01   2.9168461922093570E-02
-2.2687866691368006E-01   6.8699336548692633E-01   6.9033773348732552E-01   3.0920082014531136E-02
 3.0082161853405531E-02  -5.1553175232766559E-01  -8.5634226561591137E-01   2.6842907321513518E-02
 8.6497296743584772E-01   1.6624169478251125E-01  -4.7348227476967092E-01   3.0992535800707430E-02
 8.4915350972434104E-01  -1.6309982185330169E-01  -5.0233132993498887E-01   2.7550338708137576E-02
-2.0476801644981503E-01  -4.0789810862164852E-01   8.8976917929432133E-01   2.7171722319044420E-02
 9.9891044991892936E-01   2.2872335043089853E-02   4.0678856085672414E-02   2.6523406211853792E-02
-9.7929125566337464E-01   6.9711499151426519E-02   1.9007615175847751E-01   2.6566961193376306E-02
-4.2565071761521879E-01   1.2538333726082375E-01   8.9615873891347384E-01   2.6086170462382316E-02
 5.2967366326722729E-01   2.2896616878428215E-01  -8.1671310996782917E-01   2.3351848933341878E-02
-2.1672100929028275E-01  -8.4346462430859201E-01  -4.9152765097415098E-01   2.8897448157552236E-02
-5.0701231367102561E-01  -1.7689772186884578E-01   8.4359096117938943E-01   2.7809466091809911E-02
 4.7392807719236156E-01   6.8913687667146881E-01  -5.4816287986349800E-01   2.7252071760095848E-02
 4.9008123534559446E-01   4.1525647712855953E-01   7.6640879494230373E-01   2.9640386527160590E-02
 3.7358278075272366E-01  -7.2138163413667930E-01  -5.8313329853075313E-01   2.8174394334738849E-02
 2.7605958957037328E-01   6.4250705646532670E-01   7.1482570281048136E-01   2.8105734139672616E-02
-7.7655999750198798E-01   1.7021699752561191E-01   6.0661416405576797E-01   2.8379423212705159E-02
-1.9190643873550861E-01  -2.4244324724634114E-01   9.5099589412179064E-01   2.9556967839845196E-02
 7.7309825073451516E-01  -2.6275066920805612E-01   5.7730510178063667E-01   3.2463969882309031E-02
-2.2598502866549550E-01   5.5083909227484895E-01   8.0343454073177351E-01   3.3115493929406367E-02
-3.5817120388971050E-01  -3.9946126487109445E-01  -8.4388629955212621E-01   2.6958573611782590E-02
 6.7415518490249750E-01   4.4919919044656122E-01  -5.8628907031534645E-01   2.6024485717886727E-02
-8.5792181323144376E-02   6.8449714556220708E-01  -7.2394983206090142E-01   2.0791405581979067E-02
-9.1347516202625165E-01   2.9989838141027998E-01  -2.7499834397430027E-01   2.5944219897219094E-02
 3.9903835749161519E-01   4.8864382296233612E-01  -7.7588375645527403E-01   2.6331007194894753E-02
-4.3867158346407642E-01   8.9512082217371382E-01  -7.9535876006834271E-02   2.6323617588232770E-02
-3.2273056263833792E-01  -7.1196528929644866E-01  -6.2365888975959116E-01   3.3719478334647603E-02
 5.8069165960830648E-01   7.3100879045298396E-01   3.5836203027359934E-01   3.2209385784520088E-02
 1.6991704295970480E-01   9.8372278905643621E-01  -5.8460865567113797E-02   2.6557526369993365E-02
-4.7676113571668663E-01   4.7188541091543223E-01  -7.4163534060568387E-01   3.1188237206164273E-02
-1.4568702683148364E-01   7.7954744380382035E-01  -6.0916424145868264E-01   2.7378991476046699E-02
 5.1487664782145641E-02  -6.1554239214767045E-01   7.8642010645990279E-01   2.7337116003533594E-02
 5.6655345727369521E-01   3.7656544030443632E-01  -7.3294996365341962E-01   3.4911761933304163E-02
-4.2026143017315229E-01   8.7127807388436568E-01  -2.5348540052075301E-01   3.0321921200184882E-02
-6.6353961967542769E-01  -5.2171518781951240E-01   5.3621678071414313E-01   2.6728050294381606E-02
 5.8041398016529406E-01   7.8969363294326520E-01   1.9875506966502520E-01   2.6152097801605282E-02
 8.2180346811182545E-01  -5.6971338206093760E-01   8.1069168038163716E-03   3.1815496135785332E-02
-5.5668828068800113E-02  -9.9326644201636788E-01  -1.0160096823156670E-01   2.3068538851156406E-02
 3.3375552040086446E-01  -8.0389122769569052E-01   4.9230696383035601E-01   2.6484947351593151E-02
-8.0401038171572434E-01   1.6392416124841249E-01  -5.7157342087639069E-01   2.5519912760922114E-02
-6.5678695467108347E-01   2.4578537793072965E-01   7.1289581578890794E-01   2.6407831143301119E-02
 1.8424833328579895E-01  -7.9281540974193980E-01   5.8094429832568748E-01   2.8662864145985791E-02
-8.4299513265602765E-01   4.8500242791772087E-01  -2.3266252648882317E-01   3.0524838246024459E-02
-4.4717528089319635E-01  -8.5402845941190612E-01  -2.6583765473050906E-01   2.8979139409333072E-02
-5.3996078979265806E-01  -8.1357347575307930E-01   2.1573257759907922E-01   2.2872560107343029E-02
 2.2752111303289730E-01  -1.0737469083709574E-01  -9.6783511968305298E-01   2.9255361172258949E-02
-6.2346066159158395E-01  -2.7459383641258705E-01   7.3204851509445854E-01   2.8168958943682461E-02
-6.7612908739889352E-01   7.9912693462744623E-02   7.3243663111334669E-01   2.7056017725491874E-02
 8.8575167288223433E-01   4.2854202508346963E-01  -1.7831350684589861E-01   2.9630611466421093E-02
 8.5420047282898039E-01  -3.3081864602131454E-01  -4.0112413996588438E-01   2.8311563015663118E-02
-9.1155212405349388E-01  -7.5915448172420729E-02  -4.0411578769251805E-01   3.0050575844610674E-02
 6.5052176807537520E-01  -7.3112851054911551E-01  -2.0560284609489172E-01   3.1826852800842617E-02
 3.2816396167212587E-01  -6.8666078243737347E-01   6.4869513958572984E-01   3.2637993534392659E-02
-8.0953581443307456E-01  -3.3972207844040784E-01  -4.7879084637272271E-01   2.6150230162692649E-02
 1.0041190398787438E-01   1.8104121921295901E-01  -9.7833610098136265E-01   2.8728662391714374E-02
 9.7660939214302260E-01   1.3993489608522935E-01   1.6325538286884109E-01   2.8141201058870386E-02
 7.2933400247744417E-01   4.4545785443936747E-01   5.1926795852286780E-01   2.6811751008003823E-02
-8.9213481928301998E-01  -4.1251619225987958E-01  -1.8418972649489280E-01   2.6055137579443514E-02
-8.3337124422640531E-01  -5.4667544358966724E-01  -8.1475939224864752E-02   2.8241171882711274E-02
 9.8201727424246563E-02   4.9299541943555933E-01  -8.6447205689163304E-01   2.5701641007830513E-02
-9.4453205560810520E-01   3.2748634327268550E-01   2.4736428574309163E-02   2.7706963921000835E-02
-9.2493066443155864E-01  -3.7945818193494766E-01  -2.2688194216809707E-02   2.9868318187780671E-02
 4.1854183841138272E-01  -1.5025238696722347E-01   8.9568239332358867E-01   2.5664208299085569E-02
-4.8794223757174641E-01  -8.6701126672329777E-01  -1.0101403946155218E-01   2.7084558617674066E-02
 2.2927488194780916E-01  -2.8114950942489249E-01  -9.3187337222283623E-01   2.5978674147202629E-02
 1.9628580748844505E-01  -9.4181507118384963E-01   2.7286673206818297E-01   2.7361161054438554E-02
 6.5194209908951750E-01  -3.2352009515960129E-01  -6.8578877758583667E-01   2.7068557884590243E-02
-8.5325543864762973E-01  -5.1419099885285577E-01   8.6964205952468933E-02   2.8693346598927242E-02
 3.9698616255465708E-01  -2.3039626888952660E-02  -9.1753537388644872E-01   2.6955512568583994E-02
-6.9095636907506587E-02  -9.2135771324707729E-01  -3.8252549875853052E-01   3.1993240222860519E-02
 3.8938158627570036E-01  -9.0971597279680356E-01  -1.4421799162304472E-01   3.1118578236483771E-02
 3.7513515615159453E-01  -5.0873857914607771E-01  -7.7489268463933047E-01   2.2096121956195684E-02
-8.3916938959972906E-01  -4.7923386900254802E-01   2.5715682833568029E-01   2.7703030329470976E-02
 5.3236889296790890E-01  -4.2344319485013590E-01   7.3299333048482298E-01   2.7993420444233878E-02
-1.5921086799399573E-01  -9.5961873991303487E-01  -2.3191328879630339E-01   3.0264749290367389E-02
-9.4130516245355835E-01  -2.0233782300960418E-02   3.3694982592676536E-01   3.0223200144401038E-02
-2.6622610833692705E-01  -9.0749906129481221E-01   3.2491400860659904E-01   2.9535809522291440E-02
 6.9792865412532254E-01   6.7076819364496556E-01   2.5092952027429116E-01   2.7938780092602786E-02
 9.5146048810431178E-01   2.5283595943210350E-01  -1.7549050457033976E-01   2.9948146028019863E-02
 3.4227296520806920E-01   3.1618496075689224E-01   8.8480296556851474E-01   3.0893644496923977E-02
-4.8461698458562407E-01   7.0951880416646417E-01  -5.1159500074309516E-01   3.2474636754127992E-02
-8.8557148111263845E-01   7.6694412467213073E-02  -4.5812784125861263E-01   2.2965061429601232E-02
 1.9861594190092944E-01   9.4989724888884126E-01  -2.4134399552550966E-01   2.9030454922305949E-02
-3.5872102700101358E-01  -1.1047792733414139E-01   9.2688394762197194E-01   3.1322603017518733E-02
 2.2380577891412940E-01   7.7717984865349167E-01   5.8813472620784406E-01   3.1285040635261163E-02
-5.3097810474122812E-01  -7.5385126221743528E-01  -3.8700197252545516E-01   2.7562947719700705E-02
-9.8956140461254342E-01  -1.2199548556426320E-01  -7.6715891464476673E-02   2.6292737836034252E-02
 8.2831638537013603E-01   2.1082086321509803E-03  -5.6025665652780549E-01   2.8299842574099493E-02
 9.6356913263420089E-01  -4.1836731352714728E-02  -2.6416702016772397E-01   2.1790138477180707E-02
 4.0626212271883135E-01   3.3138139848129384E-01  -8.5155003163911118E-01   2.9219061946590013E-02
-6.9848161997095026E-01   4.9376086404268137E-01  -5.1799964836144614E-01   3.1648902830277449E-02
 1.3802145542072943E-01  -9.2038260175352455E-01  -3.6584961969770652E-01   3.0995462215540778E-02
-1.2667344015696340E-01   8.0066038171167264E-01   5.8557390030304361E-01   2.8008048563229145E-02
 4.4889821265363059E-01  -5.6917505210867940E-01   6.8886149169006234E-01   2.5302931359673541E-02
-3.7643541212438105E-01   8.2550114460734445E-01  -4.2052852548990236E-01   2.6677329653763046E-02
 9.2379506778776239E-01  -1.9069598520134336E-01  -3.3202065291046696E-01   3.0007116957025705E-02
-6.1738584596446486E-01  -3.0482441932858366E-01  -7.2520120696516627E-01   2.6085262195744278E-02
 1.0123537166816563E-01  -3.7892477435229974E-01  -9.1987358637220744E-01   2.6297388799955569E-02
-2.5030119303295621E-01   9.1180226818404097E-01  -3.2552409511542625E-01   2.8994193834730870E-02
 7.2465069099997752E-01  -6.7469031316197014E-01   1.4026531060336290E-01   2.8040133062691698E-02
-8.9326652426810095E-01   4.1352169181047928E-01   1.7628025137316159E-01   2.9046776708183269E-02
 1.2703130452167377E-01  -1.1393980118493036E-01   9.8533282162803264E-01   2.5846466004151422E-02
 3.1520274456257162E-01   1.4857829200490288E-01   9.3732156753439106E-01   2.5244738312709502E-02
-2.6046590585372135E-01  -5.6243275252772555E-01   7.8474639901810743E-01   2.7771925079670358E-02
 8.8438527161634503E-01   4.6078411356339818E-01   7.4435824947916184E-02   2.6908887326436756E-02
 5.9443262488592711E-01  -7.0989961004474775E-01  -3.7774647335156119E-01   2.6625769902794509E-02
-2.8847115942549628E-01   9.4656927276681521E-01  -1.4419085280770280E-01   2.8516595069832511E-02
 3.8316332475163603E-01   7.0399638981501544E-01   5.9797570995208246E-01   2.9577351322665240E-02
-7.0311128848073760E-01   5.8793851175644329E-01   3.9995352530584810E-01   2.9267406952571327E-02
-2.1636372243009556E-01  -6.3908521725618472E-01  -7.3807643554093216E-01   2.1833431271961667E-02
-7.8550282269371134E-01  -4.4339399800403791E-01   4.3172569772276379E-01   3.0087686414624732E-02
-5.5584350254613479E-02  -8.4704307266179199E-01  -5.2860988740510954E-01   2.5588217176806629E-02
-7.2537368333557514E-01  -1.3011709198445899E-01  -6.7594567969452148E-01   2.6455741638931291E-02
-1.2815339166180659E-01  -2.1897877454187426E-01  -9.6727710843672642E-01   2.8479340278830779E-02
-6.5837843283659500E-01  -7.4235869323761747E-01   1.2426346908953542E-01   2.8203660332792686E-02
-7.7194940482642131E-01  -2.0326941178680217E-02   6.3535890003245611E-01   2.8233136751808004E-02
-1.1138351793629237E-01  -9.6059135599301956E-01   2.5467225746756834E-01   2.6784691603924866E-02
 9.3339926380451796E-01  -1.5645776079028865E-01   3.2293464264100366E-01   3.0911383805119827E-02
 2.4818211199334090E-01  -4.0231017631308585E-01   8.8122197051676973E-01   2.6121832573908121E-02
-4.1645375012903373E-01   4.5100197200367349E-01   7.8940705295320370E-01   2.5743545290318343E-02
-9.6986235459748790E-01   1.9892210656569561E-01  -1.4070184310833662E-01   2.9683507347998032E-02
-2.1661258949745079E-01  -3.5145158212475662E-01  -9.1080226805449608E-01   2.3125917249580623E-02
-1.1486292013405403E-01   2.9678113496171452E-01   9.4801237729742453E-01   3.4120969355076171E-02
-2.0330974872740736E-01   3.8739859937980369E-01  -8.9921491939967541E-01   2.8362064474140771E-02
-5.6953334395119012E-01  -4.6355472763132219E-01   6.7878478519956964E-01   3.1320629025308353E-02
-8.2232537819134225E-01   5.5515912716472017E-01   1.2481712986674540E-01   2.7774663247087718E-02
 8.6455179466681641E-01  -3.1206854514373110E-01   3.9390787942139727E-01   3.1249582371521036E-02
 6.4506949407252998E-01  -4.7329319708006742E-01  -5.9989907269034725E-01   3.0309911630036698E-02
 4.3076454292634123E-01   7.7536359416945641E-01   4.6179346616651342E-01   2.4860219222488435E-02
 3.4453037353694964E-01  -8.7902120443694684E-01   3.2957630961692245E-01   2.8546439872966686E-02
 9.9029315153924617E-01   4.5895609107930690E-02  -1.3119857879977043E-01   3.2553210797999034E-02
 5.3261336675056645E-01   6.6030492374786948E-01   5.2945293391664840E-01   2.5898645431069930E-02
 1.1698051587329503E-01  -6.3793404916433482E-01  -7.6115419451173869E-01   2.8820469023705186E-02
-4.1542362071569884E-01  -5.5458814821030628E-01   7.2100984821021851E-01   2.7896726123317630E-02
-5.6721013535784443E-01   8.0416734603022010E-01  -1.7772884382127709E-01   2.8234051238667774E-02
-8.8516285862535895E-01   3.2504828446234084E-01   3.3291188996230203E-01   2.7302891085262555E-02
-6.7040129618463062E-02   9.3711542527666313E-01  -3.4252051139935906E-01   2.7891771863346082E-02
 9.8006375467926840E-01  -6.5592266167352972E-02   1.8754383856316314E-01   2.9648598464230207E-02
 6.0428816822993631E-01  -5.3125532685038070E-01   5.9380433429742094E-01   3.4311573933062722E-02
 6.6446053005227190E-01   5.9631905744738391E-01   4.5043954725103523E-01   2.6159903511257076E-02
-3.7708824264084861E-01   3.6821292835565211E-01  -8.4983745307781770E-01   2.9211063587024863E-02
 8.6826329373054367E-01   4.2772630267669233E-01   2.5133456339849891E-01   2.7534774412163698E-02
 9.5375247665809297E-01  -2.5061035748579083E-01   1.6598392087608369E-01   3.0618602907149226E-02
 5.8825210146664330E-01  -6.8527463625290430E-01   4.2936946564529678E-01   2.7461947837545417E-02
-6.3657901458618386E-01  -7.6845603300103961E-01  -6.5134349868469820E-02   2.9192770630405998E-02
-8.0005859568178259E-01  -5.3898404831079984E-01  -2.6344342683429267E-01   2.7424704123147867E-02
 8.4238484525203691E-01   3.5433771633181470E-01   4.0599575770499916E-01   2.5963609462840326E-02
-3.2136477410025925E-01   8.7263872109414339E-01   3.6773134815333206E-01   2.8461673803920643E-02
 1.6998418540306974E-02  -7.4170719833303655E-01   6.7050837855174183E-01   3.2126309098574821E-02
 4.2853780253138467E-02   8.0345444537909500E-01   5.9382194950893021E-01   3.1078659977155420E-02
-6.8667967010208741E-01   7.2049243145565311E-01  -9.6755810593521367E-02   2.0413829811894723E-02
 8.8448032174828092E-01   1.6967851170062719E-01   4.3463060535024169E-01   2.7339139061156529E-02
 9.5806387327490707E-01  -2.8427490705704588E-01  -3.6074810369437395E-02   3.0048431928603358E-02
 9.4234117608727601E-01   3.1127751379943378E-01   1.2287968608884374E-01   2.6169795248291141E-02
-3.0694288917874237E-01  -7.0511865099004209E-01   6.3921338440976773E-01   3.4683183992133823E-02
 7.3181493056818256E-01  -6.0373214892866711E-01  -3.1615565746552727E-01   2.6707039562881087E-02
 7.0675371348793847E-01   1.8866348048700402E-02   7.0720806654216996E-01   3.3314467450490665E-02
-4.5653261592449956E-01   7.6655831497118906E-01   4.5162630608243432E-01   2.6936723664223847E-02
-9.7378848359608038E-01  -2.2012810985981983E-01   5.7267830980310314E-02   2.6325821272342881E-02
-7.8536428116828229E-01   4.1422532255066553E-01   4.6002209514633563E-01   3.0940526484406878E-02
-5.7233396450711708E-01   3.8932978582438835E-01   7.2170364481655626E-01   3.1918794612977885E-02
-5.1149202319079902E-02  -6.4047248219862229E-01  -7.6627590243231402E-01   3.0367025219916006E-02
 2.9087048293043121E-01   8.6283019135557150E-01   4.1342281389048380E-01   3.3160713502777232E-02
 5.2129521628013435E-01  -6.7026396447620584E-01  -5.2820215392223399E-01   2.4887132470949548E-02
 5.7680477613874145E-01  -7.2144312638628509E-02   8.1369001983398820E-01   2.7864728299574670E-02
 4.2343150647548357E-01   8.0685957843108351E-01  -4.1192642549115081E-01   2.9038924756374520E-02
 5.8260882479746918E-01   1.0072183995867327E-01   8.0648748795220068E-01   2.4872985354277807E-02
-7.3169446181639585E-01   6.7901058071064825E-01   5.9731447581680194E-02   3.1336575824675514E-02
 3.1015351174295346E-01   9.4943833659217968E-01   4.8699529387753281E-02   2.9351989344367023E-02
 7.6268226844804871E-01  -4.6602468556964451E-01  -4.4848271966113975E-01   2.6804493628378454E-02
-8.4834709775439645E-01  -4.0439377124862492E-01  -3.4172046983903001E-01   2.7048164920202490E-02
-9.3060277884407796E-01   1.4908016787653859E-01   3.3429563496040914E-01   2.8492170675637131E-02
-9.5184782638433027E-01  -2.6113951016679020E-01  -1.6059847956090611E-01   3.0513015184295935E-02
