289
   0.0000000000000000E+00   0.0000000000000000E+00   1.0000000000000000E+00   4.3672370882705715E-02
   9.9866332637247570E-01   0.0000000000000000E+00   5.1687141134541532E-02   4.3318781307376719E-02
   2.6861161000515254E-01   7.2281558948413051E-01  -6.3669885076788768E-01   4.3968872281627904E-02
   3.8392981716200615E-01  -1.9964693990322622E-01   9.0152037962612148E-01   4.1565697285441638E-02
  -6.6813084878605941E-01  -2.3609944061374248E-01   7.0559069086992467E-01   3.1413900929789693E-02
  -1.1932712172973469E-01  -5.2419532895539386E-01   8.4319647480349644E-01   4.4259489056005838E-02
  -8.8250079060329174E-01   3.0866030585323436E-01   3.5485373067667329E-01   5.0059066715098445E-02
  -4.9047150518942270E-01  -6.3120758995777279E-01  -6.0084497249866553E-01   3.4982693638051975E-02
   3.6226541254496096E-01   9.2393747875276019E-01  -1.2289550939567399E-01   3.3938092860280257E-02
   1.2253269085990787E-02   9.4924901670901729E-01   3.1428675071289626E-01   4.5134994755987216E-02
   6.0501636450401470E-02   8.0161712477509112E-01  -5.9476847365520253E-01   5.3153172028440698E-02
  -9.9192045350620254E-01   1.8562010182607995E-02  -1.2549607840100107E-01   4.4002534538794693E-02
   5.7638599172137050E-01   7.9938166059273498E-01   1.6961176036871304E-01   4.1395045610927443E-02
  -7.7841800655421353E-01   3.0628268639078530E-01   5.4795649744245960E-01   4.4164629198432736E-02
  -7.5327415970741640E-01  -4.9146070222156188E-01   4.3708628265935667E-01   4.3425696934252737E-02
  -1.6300097089149754E-01  -3.1733448590253736E-01   9.3419992910800502E-01   4.5945136177303416E-02
   2.2805408609466368E-01  -9.3217597475502653E-01  -2.8113926425357909E-01   4.5240859590517681E-02
   9.6403057151037749E-01   1.3380474569743880E-01   2.2965484367245307E-01   4.3896528632239650E-02
  -3.0440708875590232E-01  -4.1084941007010238E-01  -8.5938296850717534E-01   4.3318781307376879E-02
  -5.8110577133367593E-01   3.1020447133532207E-01   7.5238904064736811E-01   4.5937666968182426E-02
  -6.0224403430572124E-01   9.7878271316003520E-02  -7.9228906792114717E-01   4.1582731501189327E-02
   8.4941647066447796E-01   4.2764432256980740E-01  -3.0921188970948811E-01   4.3436134090202305E-02
  -3.1541947256780291E-01  -8.8804684137275842E-01  -3.3448970664717943E-01   3.6546213369314637E-02
  -8.6005860077526268E-01  -4.9671368386737517E-03  -5.1017107991743628E-01   3.5953660837509797E-02
  -5.7633179276659101E-02   4.2237530680424129E-01   9.0458693161491527E-01   4.4375175612085477E-02
  -3.6286126202680817E-01  -7.7879202132383342E-01  -5.1167830913831959E-01   5.1913283768017475E-02
   6.4092747995389389E-01   7.3708571046587678E-01  -2.1428163912702484E-01   4.4958430473573196E-02
  -5.5874460293399854E-01   1.0842185754430417E-01   8.2222209256305607E-01   4.1000373473629343E-02
   7.4888241354079756E-01   4.8981915141765499E-01   4.4637689186806941E-01   4.8930527505716909E-02
  -5.5919235133503999E-01  -1.1141617242935413E-01   8.2151710312663706E-01   4.9210340740394649E-02
  -1.0468959101606314E-01   6.0169538984793451E-01   7.9183505060626835E-01   4.1883200066247674E-02
   3.5915214442538054E-02   8.5757648807452273E-01   5.1310102755043711E-01   4.2683361777907684E-02
   2.3992402942280786E-01  -8.4243158823491786E-01  -4.8243702101882428E-01   4.4880899237514126E-02
   1.7684148067417408E-01  -7.0469275866774765E-01   6.8712095485016710E-01   4.1983814479094023E-02
   2.2692426694875389E-02  -9.1973297166080136E-01  -3.9188814043128346E-01   4.6653804688586077E-02
   8.3692091850862642E-01  -5.3552657330818771E-01  -1.1302506555391704E-01   4.2683361777906867E-02
   4.2596492300568025E-01  -7.3974682144033954E-01  -5.2089204691344557E-01   3.9551937852581907E-02
  -7.5663453321819442E-01  -5.5416396243592558E-01  -3.4699637732835064E-01   4.2547454747270849E-02
   6.6617094610958309E-02  -9.3019780327263141E-01   3.6096289212655285E-01   4.3672370882705724E-02
   7.5692551134725496E-01  -6.5969819214589762E-02  -6.5016286669148595E-01   3.3938092860280906E-02
   2.7288219750453328E-01  -3.9313634508473738E-01  -8.7805416715514255E-01   4.3735694269983289E-02
   2.4268779405188176E-02   4.9834980588933044E-01  -8.6663631202266664E-01   3.8036755041817196E-02
   8.4463253193651706E-01  -1.4419694766724544E-01   5.1556098211361796E-01   5.1913283768017306E-02
  -7.0568763630667152E-02  -1.1876810660306367E-01  -9.9041111991615000E-01   4.4732080865073857E-02
  -4.0265719401062511E-01  -8.7019386994772762E-03   9.1530948884754828E-01   4.1983814479093402E-02
   7.3962971651241238E-01  -5.8091926998418310E-01   3.3982449030758843E-01   4.2547454747271498E-02
  -6.9055733391674731E-01   7.1173169365334576E-01   1.2871893731356662E-01   4.3022554100729966E-02
  -8.0124328244065843E-01   5.4605199865886202E-01  -2.4461483418709821E-01   4.8930527505715737E-02
  -8.6038198546734410E-01  -5.0768402740203395E-01   4.4718758973406593E-02   3.1355979139784788E-02
  -1.4265915644305994E-01   7.5641634395249006E-01   6.3834370027791687E-01   4.4716211553997844E-02
  -9.2925316001849473E-01  -3.3722526750172310E-01   1.5088964031381760E-01   4.5585582387784224E-02
  -8.2355401409684887E-01   5.6677609888538107E-01   2.2883172796531203E-02   4.3072625586003567E-02
  -2.7692471432274197E-01   6.3600318959663812E-01  -7.2028650231707844E-01   4.4958430473573001E-02
   3.1244896567104980E-01   1.3563355455335168E-02  -9.4983771205395051E-01   3.6560365986631322E-02
   2.0756449535659187E-01  -8.9241676191872389E-02   9.7414213721501052E-01   4.2661846043209576E-02
   2.2347362185928503E-01  -3.4869105876305206E-01   9.1020551848019195E-01   4.9833642521724996E-02
  -6.2492306723556678E-01  -1.3612356039824133E-01  -7.6872721842107143E-01   4.5134994755987811E-02
   7.0243526904048785E-01   4.8902913209303449E-01  -5.1714137406743132E-01   5.3153172028441568E-02
   7.1547828941923921E-01  -6.5726994672054921E-01  -2.3682701388922251E-01   3.5953660837508469E-02
   2.6370577506097103E-01  -7.1306832811747025E-01  -6.4960974718306712E-01   4.8930527505717105E-02
  -3.7540241091454440E-01   9.1818250950915345E-01  -1.2654607505181965E-01   4.1995062763835058E-02
   2.8297004765756854E-01  -1.9512424138786270E-01  -9.3907107428111338E-01   4.3626424171532081E-02
  -7.0254352510852946E-01   2.4929990334266354E-01  -6.6654493736088014E-01   4.4304704659021627E-02
   3.5068590247026563E-01   2.5943460758852152E-01   8.9984058710085150E-01   4.3574390652396877E-02
  -6.5640579109776107E-01  -3.3842431941550938E-01  -6.7424062280573959E-01   4.5270947671358445E-02
  -6.7197323592307078E-01   5.7301614246647840E-01  -4.6915292887918083E-01   5.0031258822513660E-02
   7.1390851292061352E-01  -1.4851425594458018E-01   6.8430852030404096E-01   3.6546213369314259E-02
  -9.0589698872207886E-01   4.0476073070427940E-01   1.2457687066228499E-01   4.6653804688586069E-02
   6.7165708388263762E-01   1.9186001571402822E-01   7.1558821681221393E-01   4.6653804688585909E-02
   4.2269909647318275E-01  -8.4334017840829424E-01  -3.3181744577858047E-01   4.1897695112033828E-02
   9.5336856836179091E-01  -5.9519313086091605E-02   2.9588143610160649E-01   4.2747914117702023E-02
   9.8150575509164887E-01  -1.7566193232867288E-01  -7.6087701059559105E-02   4.1854541666542539E-02
  -3.2589243665295382E-01   7.7598375788722071E-01   5.4004011631324901E-01   4.3496057598382140E-02
  -5.4769575659183526E-01   8.3637085302906495E-01   2.2652911837809921E-02   4.3896528632239464E-02
  -3.3065870868046802E-01  -6.1840812967232530E-01  -7.1290686876263285E-01   4.2747914117702068E-02
  -4.7502919836349022E-01   6.2207149461751489E-01  -6.2239402012428657E-01   4.3325181531236873E-02
  -4.4070781539004340E-01  -8.9595353962782144E-01   5.5171335696295145E-02   4.0377076902589088E-02
   7.2025156827413798E-01   2.9404006108434304E-01  -6.2831371215035609E-01   4.1109010201245466E-02
  -6.5623169410964088E-01  -5.1807783148526613E-01  -5.4859395199866618E-01   4.3496057598381110E-02
   2.2575233631717863E-01   9.5059589351698718E-01   2.1308057132450155E-01   4.1582731501190091E-02
   7.8482415817224122E-01   3.5900167222430932E-02   6.1867779881181643E-01   4.3163121588127797E-02
  -5.4016716025984052E-01   8.1716250233823846E-01  -2.0115885202776491E-01   4.4018057744654903E-02
   4.6768098179985448E-01  -2.9004033776232391E-01  -8.3495574836840376E-01   4.3325181531236722E-02
  -4.2374164684418476E-02  -9.9906253416433958E-01  -8.8590629541541670E-03   4.7380224750226727E-02
  -7.1070045033743687E-01   1.5598657885018775E-01   6.8598327757225874E-01   4.0377076902588031E-02
   4.0936708217349986E-01  -9.0325475471999183E-01  -1.2864462720410148E-01   4.4002534538795448E-02
   3.5752633271450360E-01   5.4607660634569619E-01  -7.5761155047800423E-01   4.6839716632394914E-02
  -1.4081073279984455E-01  -9.0969706201859850E-01   3.9067069621754466E-01   4.6611717058069181E-02
   5.1451993358362200E-01   1.5511189863618057E-01   8.4333239997440188E-01   3.2475547014246237E-02
  -7.6699924535468397E-01   3.8774767502105298E-01  -5.1123761416890403E-01   4.0662923113702200E-02
   4.1032509820904481E-01  -8.0362307397066228E-01   4.3107223148989906E-01   3.1355979139783580E-02
   8.7141327628744527E-01  -1.1862515218983100E-01  -4.7599052005047317E-01   4.5542882567811959E-02
  -4.7432724473866159E-01  -2.7650347357289484E-01  -8.3579871619951244E-01   4.1854541666542450E-02
   2.0630718747377105E-01   9.4739548742090313E-01  -2.4470213487252538E-01   4.6042854486212778E-02
  -7.9383958221650505E-01  -2.6430922310391919E-01   5.4768545013404139E-01   4.6611717058070230E-02
  -9.3099079605143248E-01  -3.5822722757736080E-01  -7.0209622486932854E-02   4.4375175612085389E-02
   8.4518805577018536E-01   2.7756277709340353E-01  -4.5674506582514027E-01   4.4295336638412505E-02
   2.6439026601432265E-02  -8.2484070569614686E-01   5.6474665833367376E-01   4.3425696934251858E-02
   5.1549969136685813E-01   3.5296029863368891E-01   7.8081950269514344E-01   4.5240859590518249E-02
  -6.7109277406832461E-01  -7.0663490673998055E-01  -2.2428017560600328E-01   3.8669479718423765E-02
  -7.9892371142728588E-01   5.5050531583896979E-01   2.4220817606407720E-01   4.3163121588127477E-02
   3.4089788482007890E-01  -9.3655176281812639E-01   8.1605316539156369E-02   4.1828717279330884E-02
  -2.4775260927336621E-01  -9.6753547537354975E-01   4.9937445788887027E-02   4.1565697285441984E-02
  -4.8782717274561990E-01   7.7033620501030029E-01   4.1061756024474114E-01   3.4982693638050932E-02
  -2.6193721998105674E-01  -2.1450050559167941E-01  -9.4094549570605288E-01   4.5243719364561112E-02
   2.2358485712369700E-01   8.6336858528002196E-01  -4.5233228672796466E-01   4.1109010201245297E-02
   7.4745592619581842E-01  -2.6697936614728048E-01  -6.0830227391186664E-01   4.3757660349904865E-02
   4.0058978774262383E-01   3.4675948183310327E-01  -8.4810711806655483E-01   4.1918126782000557E-02
   4.0770307624914323E-01   7.7106413231695327E-01  -4.8911992953803196E-01   3.8036755041817222E-02
   6.2948671047480901E-02   7.1574673277449774E-01   6.9551713087169018E-01   4.5247301670528612E-02
   1.1636599864625876E-02   9.9201617112391460E-01  -1.2557271109695287E-01   4.2055678555164792E-02
  -1.4532354768985300E-01   8.7967786650064780E-01  -4.5282217003554876E-01   4.3436134090202838E-02
  -9.5270809913056524E-01   1.9955246080031939E-01  -2.2918571779140597E-01   4.1897695112033339E-02
  -3.3924673778845741E-01   3.3329920758431574E-01  -8.7967226233612532E-01   3.3938092860279316E-02
  -2.2525628408029838E-01   9.8151915692015396E-02   9.6934297744829382E-01   4.6502429285205861E-02
  -7.9203766517228775E-01  -3.7373137862103029E-01  -4.8270197180294900E-01   4.4716211553998501E-02
  -9.7363248153984809E-01   2.2779932879502000E-01  -1.2134936798175770E-02   4.5240859590517787E-02
  -7.0596089277241302E-01   7.0144879934806381E-01  -9.7922417091988407E-02   4.5970480774712347E-02
  -8.3845877149294683E-01   9.4535457945023502E-02   5.3670283742277993E-01   4.1565697285442855E-02
  -5.1568575806271921E-01   7.3835652986341502E-01  -4.3462378413903506E-01   4.3735694269982428E-02
   2.1442565457181057E-01   4.1478824104988722E-01  -8.8429200705886241E-01   4.3968872281628481E-02
   1.0102958351298871E-01   5.4062822506904870E-01   8.3517312307921045E-01   4.2827086089698163E-02
   1.3644166594582638E-01  -9.7956476218486816E-01   1.4777194753954569E-01   4.3756312948796916E-02
  -5.9506247327634120E-01  -8.0174843282471250E-01  -5.5678571832989058E-02   4.5937666968182337E-02
  -1.8865888466201159E-01  -7.9305600096673227E-01   5.7919772493401611E-01   4.5945136177304251E-02
  -4.5420232681968277E-01  -7.3291394231171906E-02  -8.8787871798080448E-01   4.4780120206547886E-02
   4.0139791795153705E-01   9.1252816864642696E-01   7.8562413983847303E-02   4.3757660349904048E-02
   8.7281848405111901E-01  -4.2485658471412843E-01   2.4017655240208837E-01   4.3496057598381545E-02
   5.7888780317429162E-01  -7.9312746046267976E-01  -1.8930859144809817E-01   4.2795622889494362E-02
  -9.4371151406022093E-01   7.6083638443389380E-03  -3.3068216013232016E-01   4.2795622889494575E-02
  -4.8663872200579945E-01  -4.6686361788396020E-01  -7.3839089684317071E-01   4.6430124642135552E-02
   2.7628830778683148E-01  -9.1097594219280271E-01   3.0624761831926901E-01   4.5585582387784713E-02
  -8.6800385774738835E-01   3.6878348658482713E-01  -3.3251773329852656E-01   3.9551937852583026E-02
   6.2606707517948256E-01  -1.7751945171093379E-01  -7.5929365968672328E-01   4.3731985925256839E-02
   9.4727359005586713E-01  -1.5107948408470647E-01  -2.8257341536557856E-01   4.4780120206548073E-02
  -8.8804748127706307E-01  -1.0122895145066606E-01   4.4846891797053540E-01   4.2661846043212330E-02
  -7.4249114413259000E-01  -5.2577906659051851E-02   6.6778923667279155E-01   4.9833642521724987E-02
  -2.7569074742407364E-02   1.0321617878527105E-01  -9.9427680580149040E-01   4.4295336638412772E-02
   2.8913667399609046E-02  -4.0119401106378411E-01   9.1553665427663624E-01   3.1413900929791265E-02
   7.1204465854995859E-01  -4.7256998092754818E-01  -5.1929761924797013E-01   4.4304704659021938E-02
  -2.5353720096755245E-01  -2.1909356963099826E-03  -9.6732315568599585E-01   4.2055678555164188E-02
  -5.0943990699096222E-01  -7.8022867771023562E-01   3.6292449854422512E-01   4.9210340740393103E-02
  -6.7746904185821392E-01  -6.6625941072443026E-01   3.1166343215855190E-01   4.1983814479095054E-02
  -8.9091311259560796E-01  -1.9425096895447289E-01  -4.1053670586861512E-01   4.5247301670529704E-02
   1.2137488954322352E-01  -5.5517190697440863E-01   8.2283187219186455E-01   4.9210340740393005E-02
   5.9220693965296158E-01  -4.0927580456077476E-01  -6.9410680476998933E-01   4.1395045610926990E-02
  -9.6178934788210277E-01  -1.3539679120751038E-01   2.3796839964841827E-01   4.3756312948797742E-02
   4.0874158516390304E-01   8.6208334392735856E-01   2.9957073401906825E-01   4.4304704659021929E-02
  -7.7371714688289614E-01  -1.7065810223707964E-01  -6.1011276724899756E-01   4.2683361777906974E-02
  -4.0448818166252982E-01  -7.1336789036979864E-01   5.7227228124790672E-01   4.4259489056006753E-02
   4.5246958641906145E-01   1.3902897475290607E-01  -8.8087582413466165E-01   4.2947424878564577E-02
   5.7345037419251347E-01   2.6624234492884557E-01  -7.7477072873544718E-01   3.8036755041817556E-02
   7.9324637933378818E-01   2.4800542271876260E-01   5.5610564821436909E-01   4.3072625586003905E-02
   2.2045945935082063E-01  -5.7215728595840236E-01  -7.8995801591442749E-01   3.3349431043351582E-02
  -1.8549135019909783E-01   9.8171990714749348E-01  -4.2649535889999654E-02   4.5243719364560579E-02
  -1.4672052802488937E-01   7.6932328996580618E-01  -6.2178353321094457E-01   3.6560365986631646E-02
  -2.1357244585614592E-01   2.9769657554891693E-01   9.3046416334938530E-01   3.1355979139783376E-02
  -5.1415026532101579E-01  -3.4779892998324419E-01   7.8401875549813198E-01   4.4259489056005820E-02
   4.6536226336688848E-02  -4.9311600515495772E-01  -8.6871801241735298E-01   4.4018057744655783E-02
  -5.9222812124787012E-01  -6.1601684183655782E-01   5.1941226687182817E-01   4.1904814036455695E-02
   8.1914801444645064E-01   1.0275090130842381E-01  -5.6430380355686438E-01   4.6042854486212396E-02
   9.8595762932657073E-01   5.5316154928766261E-02  -1.5756800492684162E-01   4.5243719364560730E-02
   8.6288870919949047E-02  -2.8631214654940123E-01  -9.5424293840386091E-01   4.4991539167002496E-02
   1.9803611531113787E-01  -9.7809072626544146E-01  -6.4189003933811967E-02   4.3574390652397045E-02
  -9.8840546377344367E-01  -1.5038543015603032E-01   2.0949023356459739E-02   4.1828717279331133E-02
  -5.0447934197122679E-01  -8.2155490761872780E-01  -2.6560897441890363E-01   4.6788473545680098E-02
   4.1975445881061137E-01  -6.8650234662897178E-01   5.9373455548883624E-01   4.9718939442740968E-02
  -1.5207366006572073E-01  -9.6406944860983116E-01  -2.1781574821704592E-01   5.0059066715098978E-02
  -1.9259768645012007E-01   2.2193894877389914E-01  -9.5585000611560282E-01   4.6042854486212991E-02
   4.9621966145940739E-01   6.2558553154333758E-01  -6.0200397864528341E-01   4.1918126782001037E-02
   8.9685690776466113E-01   9.3606191229523290E-02   4.3230263468814538E-01   4.3022554100729166E-02
   5.4507341051982338E-01  -5.8932442098852515E-01  -5.9631510459724870E-01   4.0662923113702715E-02
   7.3386865111412227E-01   5.9113501496648819E-01  -3.3465832873620273E-01   3.6560365986631322E-02
  -3.2864207940682859E-01  -8.4099011009942916E-01   4.2980230148069935E-01   3.1413900929789253E-02
   4.8762062530986325E-01  -7.2341042754225810E-02  -8.7005338876740729E-01   4.4958430473573693E-02
  -1.5489926784858464E-01  -5.7086560877928977E-01  -8.0629936967172639E-01   4.3896528632239233E-02
  -8.3777123226480600E-02  -9.7684078016257007E-01   1.9688444284726100E-01   4.2661846043212889E-02
   9.0875578122977493E-01  -2.4534666265739351E-01   3.3759138792975833E-01   3.4982693638051620E-02
  -9.9349801235893924E-01   3.9316603014215933E-02   1.0684523464460036E-01   4.3574390652396433E-02
  -4.6930605141196242E-01  -5.5126444536731602E-01   6.8982558765384887E-01   4.2963916303198992E-02
   9.2857202732803791E-01   3.4027144114459888E-01   1.4822056674185053E-01   4.4018057744655374E-02
   1.2337797923362603E-01  -4.3464227345098782E-02  -9.9140745164716239E-01   4.3436134090202482E-02
  -4.0203914398781561E-01   2.4989351753730786E-01   8.8086193957644436E-01   4.9718939442742087E-02
  -5.0341948829783342E-02  -6.9104809221134360E-01   7.2105355032693800E-01   4.1904814036456050E-02
   2.1308719350899147E-01   2.0010807064339637E-01  -9.5632139368825122E-01   5.3153172028441222E-02
  -9.6182691902984185E-01  -1.9230984018862216E-01  -1.9469438409001075E-01   4.2827086089698731E-02
  -3.3250763709212982E-01  -4.4214423099511321E-01   8.3303490339429870E-01   4.2963916303199933E-02
  -3.6741564991874393E-01  -2.3556150760685690E-01   8.9973135786676436E-01   4.1904814036455499E-02
   9.7861629161000731E-01   2.0569125977314808E-01  -1.1222514925579052E-03   4.1995062763834622E-02
   2.2642395397199850E-01   7.8724297689125419E-01   5.7356838162775547E-01   3.5953660837508669E-02
  -1.7378643377395929E-01   4.5388686449498161E-01  -8.7394793304580993E-01   5.0221680987916590E-02
   1.1314549558366093E-02   9.9475691071955250E-01   1.0163990133792701E-01   4.4780120206547096E-02
   6.9529624802372547E-01   7.1872312887714793E-01  -4.3760846946095748E-04   4.3325181531235958E-02
   2.3011256706193035E-01   8.8484292738857241E-01   4.0509406355881090E-01   4.4076662106197757E-02
   8.0859008547109816E-01  -3.7876491942234595E-01   4.5024350022274166E-01   4.6335747831801938E-02
  -6.6226970806045173E-02   6.4769970269073882E-01  -7.5901191260228824E-01   4.2947424878564417E-02
   8.0929665850957679E-01   5.7081064514322434E-01  -1.3861502774378204E-01   4.3626424171533058E-02
   5.2362851714881122E-01  -5.0512858336147736E-01   6.8604539959084656E-01   4.5937666968181511E-02
  -3.3914922265335674E-01  -9.0947304395738388E-01   2.4049238467883826E-01   4.9833642521725014E-02
   5.6070953532210943E-01   4.5658842390952187E-01  -6.9074729688264637E-01   4.3968872281628073E-02
   4.1147913923311136E-01  -5.2199769342230428E-01  -7.4713005965345269E-01   5.0031258822513917E-02
   4.1280638626552068E-01  -3.8815472109919447E-01   8.2397014505794334E-01   4.0377076902588546E-02
   6.5708325217397440E-01   8.2911406373295832E-02  -7.4924448506857590E-01   5.0221680987916306E-02
  -8.8249093408846128E-01  -3.7727289789648343E-01  -2.8084677631132750E-01   4.1883200066247798E-02
  -5.9005518579953086E-01  -7.9160856825582008E-01   1.5871594871042951E-01   4.1000373473627753E-02
  -9.0553703888167405E-01   4.0600466043861809E-01  -1.2313767463912719E-01   4.4880899237513967E-02
   5.3907465199059867E-01   8.3956956329202405E-01  -6.7241861774157181E-02   4.3731985925258420E-02
  -1.0655133863937888E-01  -3.6528406371902590E-01  -9.2477800851181086E-01   4.1995062763834694E-02
   5.9538456119184584E-01   6.0517953553104328E-01   5.2846471411895032E-01   3.9551937852582019E-02
  -2.6158588042755841E-01  -6.3080071650312437E-01   7.3052260965700712E-01   4.2963916303198868E-02
   5.8449711053687414E-01   6.9595443368871992E-01  -4.1714572274333372E-01   4.2947424878565163E-02
   9.1808246889429110E-01  -3.9542054637348190E-01   2.7697866608462233E-02   4.5270947671358401E-02
  -5.0753037896686628E-01   6.4728507390506884E-01   5.6871341423027699E-01   4.6335747831802791E-02
  -3.3495347813937770E-01   7.8101451492170728E-01  -5.2708869743520745E-01   4.3626424171532747E-02
   3.2990264554373127E-01  -5.6757591005566006E-01   7.5433535697840419E-01   4.1000373473628437E-02
  -1.6372391077654508E-01   8.8345542507373870E-01   4.3897721233318431E-01   4.5270947671357442E-02
   8.0431444525854463E-01  -5.8182768320523772E-01   1.2064335955395526E-01   4.4716211553997915E-02
   7.9573699366076251E-01  -5.0703898303965102E-01  -3.3123119810465944E-01   4.4076662106197410E-02
   6.5622454860905685E-01   4.2208723202970235E-01   6.2546919217523715E-01   4.4880899237514020E-02
   8.3442323643424458E-01   4.8499424073602526E-01   2.6176028910338375E-01   3.3349431043352937E-02
  -1.5693151098167148E-01   9.5317189345020505E-01  -2.5852628956754184E-01   4.4732080865072649E-02
   5.6711211416165259E-01  -2.4308440671398523E-01   7.8695223564306013E-01   4.4164629198432168E-02
   9.1638992837937962E-01   3.9369014553781740E-01  -7.2371047189104489E-02   4.4991539167003518E-02
  -8.6324546050063055E-01   2.0001029302225434E-01  -4.6346861556119014E-01   5.0801409805089061E-02
  -2.3509690575578985E-02   2.1497123804255910E-01   9.7633737061708849E-01   4.5585582387785912E-02
   4.8910802895490972E-02  -6.7645120204459949E-01  -7.3486155472478964E-01   4.5970480774712259E-02
  -8.7921533240458451E-01  -3.1094402996737544E-01   3.6096289212652301E-01   4.3672370882706124E-02
  -7.6777703206698983E-01   4.7252003284970136E-01   4.3271612817888058E-01   3.6546213369314788E-02
  -6.4180976779216338E-01   4.7362024328206633E-01   6.0312858257589283E-01   4.6788473545680648E-02
   4.7884689914011966E-01  -8.4276858990085585E-01   2.4585920983443978E-01   4.4375175612085939E-02
   1.8384928769938886E-01   1.3515325943706746E-01   9.7361852687588275E-01   4.3756312948795210E-02
  -6.6127719352417919E-01   6.4881619731829909E-01   3.7649703242151471E-01   5.1913283768017448E-02
  -1.6664920905151905E-01  -8.6247653486940691E-01  -4.7787264822561645E-01   4.3163121588127655E-02
   9.2943720127468250E-01   6.0300640643338203E-02  -3.6401967202980722E-01   4.2055678555163646E-02
   1.6337312593684290E-01   3.4748257123750949E-01   9.2334451014114637E-01   4.1828717279331444E-02
   1.4907776359868223E-01   6.2511645316857205E-01  -7.6616267226899008E-01   4.1918126782001223E-02
   1.5151122019212623E-02   3.0732448656394257E-01  -9.5148415828103409E-01   4.1109010201244577E-02
   4.0211320782730588E-02   9.2944917886196805E-01  -3.6675233277202448E-01   4.4295336638413136E-02
   3.0375628248254340E-02  -2.0715981921855544E-01   9.7783543119988198E-01   4.6611717058068453E-02
  -4.7864073642800040E-01   4.8964322153819281E-01   7.2880214121074162E-01   3.8669479718423250E-02
   6.0093993605351574E-01  -6.8561843581128991E-01  -4.1085101159870172E-01   5.0801409805090802E-02
   6.5601007966453543E-01  -7.3024378795168765E-01   1.9077417418639395E-01   4.1883200066248011E-02
   3.1502629427548889E-01   4.7607870697600516E-01   8.2104049758773047E-01   4.4002534538794346E-02
  -4.1290427387588026E-01   1.3247110314211356E-01  -9.0108904523767439E-01   4.5542882567812910E-02
   4.2503413684467012E-01   7.3415567700481876E-01   5.2949166607067796E-01   5.0801409805090225E-02
  -7.4130902322383862E-01  -6.6858975490262375E-01   5.8725392516081047E-02   4.9718939442741838E-02
   9.3568152880639416E-01   2.4725420749348399E-01  -2.5172491638154967E-01   4.4732080865072818E-02
   7.1966330122062318E-01   6.5030488858193411E-01   2.4328642535635398E-01   5.0031258822513757E-02
  -2.9622872293186350E-01   4.5923998173671929E-01   8.3746473530806948E-01   4.8879238338271848E-02
   2.7610175320711656E-01   6.5000744020482548E-01   7.0799586831727108E-01   4.2795622889495135E-02
   7.0614793622450990E-01  -7.0755518864323914E-01  -2.6846735181311842E-02   4.5247301670530406E-02
  -7.4852419613441254E-01   4.5775747804496402E-02  -6.6152559188157695E-01   4.4076662106196637E-02
   5.8290876714933679E-01  -6.9560326646880321E-01   4.1994459736776166E-01   4.8879238338270933E-02
   6.6075238346442812E-01  -5.2986562287206631E-01   5.3164716630907999E-01   3.8669479718422028E-02
   1.9296549355160074E-01   9.8119958646389644E-01  -3.4190380906946544E-03   4.5542882567812634E-02
  -3.4221474390468915E-01   8.8822783020505049E-01   3.0649696687483873E-01   4.6430124642136476E-02
  -9.5642319794753074E-01   2.1785827135006190E-01   1.9440277784070163E-01   3.2475547014248027E-02
   2.2715568224587019E-01  -8.2502773527253232E-01   5.1742587107187612E-01   4.6502429285203676E-02
  -2.0505599094104423E-01  -1.0704533871100248E-01   9.7287889073585773E-01   4.3425696934254887E-02
   3.8376654436103535E-01   1.5194136307985280E-02   9.2330513788836015E-01   4.7380224750229480E-02
  -6.1718332318326893E-01   4.5210312270593782E-01  -6.4396235295550976E-01   4.1395045610926501E-02
  -5.7869902204565768E-01  -6.9257936731857405E-01  -4.3062891431951380E-01   4.6335747831801494E-02
  -6.5584227305727544E-01  -4.2844258061606836E-01   6.2153669882486415E-01   4.5945136177304810E-02
  -3.1575668488494312E-01   6.2683179781524778E-01   7.1230584245685859E-01   4.2547454747270352E-02
  -1.7185363069522465E-01   9.6433207881908682E-01   2.0132056868916299E-01   4.1854541666543250E-02
   9.6880787945690940E-01  -2.0760140885912385E-01   1.3532534035395364E-01   4.6430124642135890E-02
   8.4668703696006524E-01  -3.3030979054571951E-01  -4.1715285413554106E-01   4.1582731501190552E-02
  -3.6186899706768222E-01   8.7137855709201996E-01  -3.3128573648960371E-01   4.4991539167002772E-02
   8.7674893989873297E-01   3.1056482554543936E-01   3.6723396564095023E-01   4.5970480774711841E-02
   6.8747398885471557E-01  -3.5284785499169597E-01   6.3472663870042955E-01   4.6788473545681252E-02
   2.7866837701592301E-02  -8.1850953281379688E-01  -5.7381668157126046E-01   4.3072625586003061E-02
  -8.1181720453250587E-01  -5.6571782687051177E-01  -1.4462422613771575E-01   4.8879238338270409E-02
   4.2607514952590364E-01   8.5215329077077761E-01  -3.0380048713755094E-01   5.0221680987917034E-02
   8.3068838813409051E-01   5.5270011420284870E-01   6.6928212133184628E-02   4.3735694269983182E-02
  -8.1847741217905323E-01  -5.2034462240318601E-01   2.4359022905027609E-01   4.6502429285203650E-02
  -5.2429021527266659E-01   3.0839376255155741E-01  -7.9373361865844804E-01   4.3757660349904776E-02
  -4.1203478929018615E-01   4.8822622675299491E-01  -7.6932599327276420E-01   4.3731985925258305E-02
  -9.3560417947239358E-01   7.6284442796568692E-02   3.4471075286536412E-01   4.7380224750227020E-02
  -6.6354187620400644E-01   6.8488703679201465E-01  -3.0106797464679053E-01   3.3349431043352648E-02
  -5.3241043142584931E-01   8.1584848751704104E-01   2.2567759730442373E-01   4.2747914117702272E-02
  -3.5329446290068675E-01   9.3162573280081222E-01   8.5185189247105199E-02   4.3318781307376035E-02
   4.6778488169457581E-01   5.4874818149820807E-01   6.9285838218239188E-01   4.1897695112032815E-02
   5.7033920957417301E-01   7.3373445261400025E-01   3.6925186400279779E-01   4.0662923113703310E-02
  -3.5307369646460848E-01  -9.2521727624677687E-01  -1.3896746597428029E-01   4.4164629198432487E-02
   9.1796468933839410E-01  -3.4682582224103617E-01  -1.9249072225615082E-01   4.5134994755986790E-02
   5.8858925585485177E-01  -2.5777274521985140E-02   8.0802117547156520E-01   5.0059066715098774E-02
  -1.5883940856194516E-01  -7.3284843830366543E-01  -6.6159142131951051E-01   4.3022554100730321E-02
   4.4769131682931870E-02  -9.7954272029862679E-01  -1.9619323117356122E-01   3.2475547014246917E-02
   5.3753099034466442E-01  -8.4206715962695444E-01   4.4534628064883241E-02   4.2827086089698163E-02
