361
   0.0000000000000000E+00   0.0000000000000000E+00   1.0000000000000000E+00   3.3596966000856793E-02
   9.9873009037266573E-01   0.0000000000000000E+00   5.0380617147937387E-02   3.6465125617238776E-02
  -7.5418634644940416E-01  -6.5390201658896422E-01  -6.0125764279427107E-02   3.2647060702196113E-02
  -9.4932844996807030E-01   2.5011875452335758E-01  -1.9030528820005329E-01   2.9395520829704588E-02
  -5.6641980472245512E-01   7.3523174882662658E-01   3.7229407776046619E-01   3.5391814720470460E-02
   2.9485073829955560E-01   1.7146585337952371E-01   9.4003324582114586E-01   3.9539770854115730E-02
  -8.8415848802215339E-01   4.6386101300026245E-01   5.5648258523965195E-02   3.3416653660492441E-02
  -6.0452580425108859E-01  -7.9213623026322448E-01  -8.4075827078550648E-02   3.6806755480516213E-02
   5.6155819692200061E-01   5.1482577535420617E-01   6.4777064806970994E-01   3.7047086905101722E-02
  -2.6026314493353996E-01  -8.9445248364618272E-01   3.6361772493716331E-01   2.8923245477536795E-02
   4.2349707975902637E-01   5.2649022200203070E-01  -7.3719622189199363E-01   3.4296392295652191E-02
   5.2366194152349940E-01   8.5166113308566675E-01   2.1248185594945248E-02   3.2278947134274065E-02
  -4.7774266574761083E-01  -6.7274812651444317E-01   5.6495301007754044E-01   3.7672025168883211E-02
   8.9293199900337825E-01   4.4651060729088500E-02   4.4797179367857316E-01   3.3495844472793834E-02
  -4.1281771095671624E-01   9.0499633995029622E-01  -1.0277724552168574E-01   3.3864113342804520E-02
   7.5771035820999186E-01   5.4753785125537923E-01  -3.5507367475487128E-01   4.2561005714039170E-02
   1.8202145940872519E-01  -7.2992275334113045E-01  -6.5884820897504239E-01   3.2373337790113385E-02
   1.1065862694324659E-01   9.3861482696843090E-01  -3.2673670574035300E-01   3.9790398869302553E-02
  -5.3848294420132587E-02   2.3196631369096478E-01   9.7123220215387604E-01   4.0579317829669836E-02
  -6.0239117158415993E-01  -2.2009898843522055E-01  -7.6725570163228882E-01   3.6502167021631954E-02
   2.2582580419875517E-02   6.2357044849104461E-01   7.8144092728129956E-01   4.0974646215194523E-02
   3.3848336875216205E-01   8.8083756337694367E-01  -3.3098972192857729E-01   3.4923434894767764E-02
  -5.3939872920166997E-01   6.0143211841413855E-01  -5.8934575409983658E-01   3.3882563678211519E-02
  -7.9029127986626059E-01   9.4578347519264749E-02   6.0538799884691565E-01   3.4329606547334532E-02
  -6.7507576715115398E-01   6.0592513984188567E-01  -4.2086510132448866E-01   3.5337412525146527E-02
   4.3559993621169237E-01  -3.0166155746704195E-01  -8.4808784941120816E-01   3.7137149749827060E-02
   1.9378688487164502E-01  -9.1953997166098417E-01  -3.4189601309383554E-01   2.9087057298708831E-02
  -1.7109955464970207E-01  -9.3647799015808157E-01  -3.0615995222784069E-01   2.7809928485750239E-02
   7.6821086393079287E-01  -4.3557061951636057E-01  -4.6918045990091998E-01   3.2611094238432793E-02
   9.2336439996198667E-01   3.8054144893642853E-01   5.0856568152044996E-02   3.4501647256680181E-02
  -3.1894941569844807E-01  -6.4901237652674783E-01  -6.9069110703752478E-01   3.8128466199064160E-02
   8.4403681458538546E-01  -5.3596178382176056E-01   1.8623155134188673E-02   3.6406313336974283E-02
  -2.8381694243716971E-01  -2.6802855617419623E-01   9.2065663320305901E-01   3.4187701936880912E-02
   8.8014900329303600E-01  -3.6322078674209299E-01  -3.0562786535381580E-01   3.7812205943549623E-02
  -9.2782670874415540E-01  -7.1314421912325620E-02  -3.6613092162271545E-01   3.3565443421577878E-02
  -6.3513637299976846E-01  -5.2579370698295591E-01  -5.6581159884701932E-01   3.5442017717395439E-02
   9.2699802485052131E-01  -1.4620866822069071E-01  -3.4539497283597513E-01   4.0704072293137247E-02
  -5.0659529537629683E-01  -8.5764642433519941E-01   8.8339218513917874E-02   3.3811891574508936E-02
   3.4475934628440501E-01   9.3844975455158383E-01   2.1285002504619967E-02   3.7741414545874882E-02
  -1.3049999163190335E-01   7.1291715166576601E-01   6.8899846664912436E-01   3.3383137587030908E-02
   2.7824734001186608E-01   8.8947916038502299E-01   3.6249860829674296E-01   3.9197353132770542E-02
   6.5688845684126810E-01   5.6395596673959538E-01   5.0045101942898062E-01   2.3604418203729022E-02
  -3.8037861109734940E-01   5.6932397408719328E-01  -7.2882256053803402E-01   3.3329761842802216E-02
   8.7514916602665024E-01  -4.5915487110864097E-01  -1.5261304511759727E-01   3.0137204776007040E-02
   3.3650189239613781E-01  -1.3713879385851606E-01  -9.3164340153990767E-01   3.8417197260711478E-02
  -8.3706247455507440E-01   4.8630069024572017E-01   2.5067519294551559E-01   3.4957702443594973E-02
   3.7194369532494593E-01  -9.1966703525775752E-01   1.2597790190438313E-01   3.6914079662801886E-02
  -3.7989189800126221E-01   4.0108691482661162E-01  -8.3355349713612802E-01   3.6448417511125867E-02
   8.6030908416305997E-02  -3.8827557980142444E-01  -9.1751880467210753E-01   4.1407992487382045E-02
   9.6755630663613292E-01   5.4348786006580853E-02   2.4674076061375935E-01   4.0469607586722045E-02
   7.6559344339476869E-01   6.2409237098590057E-01  -1.5612620506544767E-01   3.5405340470952362E-02
   1.2127934591582480E-01   4.9103098761936871E-01   8.6265861698111905E-01   2.7244676145976098E-02
  -5.9989523512051938E-01   1.2317018263501791E-01  -7.9054083575066069E-01   4.1648038627424437E-02
  -2.4026988032457077E-01  -9.9556760300192035E-02  -9.6558730112162649E-01   3.8603629883373029E-02
   7.3813500977859174E-01  -4.1531300995037119E-01   5.3166889236170415E-01   3.0824059579827145E-02
   6.3339956213245098E-01  -4.6681748708975954E-01  -6.1715996989242718E-01   3.5779426648089804E-02
   1.9703163035574810E-01  -1.9570681328568591E-02   9.8020177773338659E-01   3.7521710574413953E-02
  -2.3774685725251201E-01   9.6866546190584994E-01  -7.1858574834742245E-02   3.5471236340205298E-02
   1.5373141765089206E-01  -5.6665486493087433E-01  -8.0948682217638339E-01   3.6808234794597134E-02
  -6.0635033055533202E-01  -6.6931196039421623E-01  -4.2937253790699116E-01   3.7085545863185762E-02
   6.9966023740137046E-01  -1.2680202554544492E-01  -7.0313355667115633E-01   3.4618428981475082E-02
  -9.8649604071391880E-01   1.2724027172104008E-01   1.0312843889111431E-01   3.5382574526033168E-02
   3.5558711874190604E-01  -8.4316676883980736E-01  -4.0327112580628501E-01   3.1296370279287137E-02
   6.0491481300290503E-01   7.8399858519632665E-01  -1.3937104225705718E-01   3.8243883985979984E-02
   2.5812522189970596E-01  -6.0981568235072991E-01   7.4933050343512714E-01   3.3950717990187682E-02
   7.1722768552863049E-01   4.0765401707083395E-01   5.6515719006065578E-01   4.2290964903032319E-02
   8.6929340882825414E-01   4.0768586134740294E-01  -2.7950171345660801E-01   3.2705472094412941E-02
   5.2129258480076963E-01  -6.5868655449933513E-01   5.4257355626083256E-01   3.1222403506212130E-02
  -1.4794692862288119E-01  -4.1389843054532633E-01  -8.9822034908098800E-01   3.9684045288030871E-02
  -8.8104406463960565E-01   1.0548980314760167E-01  -4.6112173836764904E-01   3.7093788850774531E-02
   6.3732385035861680E-01  -7.4420058143555687E-01   1.9995950678836571E-01   2.7831181118381564E-02
  -7.4905656067937629E-01  -2.1290198649428120E-01  -6.2736513534780735E-01   3.3950406180096299E-02
  -8.0828600121126399E-02  -9.8545887134203749E-01  -1.4945752003742304E-01   3.6738779798317744E-02
  -5.6455284661076579E-01   8.1257371619763194E-01  -1.4492770310900384E-01   2.7364215553119124E-02
   6.2242059421067796E-01   1.1646781689327105E-01   7.7396889571257441E-01   4.3038777998992738E-02
  -5.1190161261973887E-01   5.4801232590493453E-01   6.6154306711927279E-01   3.4900690147281663E-02
   7.0801063378161028E-01   2.4461510085992408E-01   6.6248350536707825E-01   2.5404102516011590E-02
  -4.1499748712493662E-01   2.9114488210511225E-02  -9.0935660345995614E-01   3.8110792628418730E-02
  -1.6650305607636514E-01  -6.1604069396045959E-01   7.6991596664957286E-01   3.7723143064277353E-02
  -1.4337154299743466E-01  -9.8907383259409105E-01   3.4315511597097394E-02   3.0445708839705707E-02
   5.8696763671886706E-01   7.8318393255478842E-01   2.0516315759093934E-01   3.8263684695680776E-02
   8.3763776584426494E-01  -1.1014886712250224E-01  -5.3500486007424026E-01   3.6455696431699284E-02
  -5.5136674838601562E-01  -5.4489510125637687E-02  -8.3248159262562690E-01   2.6554349625946174E-02
  -6.6133171923332216E-01  -5.8083580219222721E-01   4.7462630355639836E-01   4.0896121188655687E-02
   4.0124519245696284E-03  -9.8422911090998859E-01   1.7685292609082383E-01   3.5878563986353304E-02
  -3.0173476726819057E-01  -7.9194357933667998E-01  -5.3083094989743990E-01   3.6349603628447662E-02
   9.1152622464314312E-01   2.2573533637467431E-01  -3.4374918138030641E-01   4.0222899607309692E-02
   1.1803289860843218E-01   3.2165334645966603E-01   9.3947185139172191E-01   3.5643255855147897E-02
   3.6034427930227161E-01   2.0570851789833248E-01  -9.0985493681036757E-01   3.2464274626302787E-02
  -8.2192517157730229E-01   5.6350216793426621E-01  -8.3092232254309905E-02   3.0954331306107127E-02
   8.4097751672332847E-01  -2.8107742783068152E-01   4.6233353320946948E-01   3.1346309688427940E-02
   1.4538156870964229E-01   1.7919576569003234E-01  -9.7301237250010679E-01   3.2947505201427063E-02
  -6.8120783721271322E-01  -7.2661140479246730E-01   8.9396582403885052E-02   3.4068004266045774E-02
  -2.5157186039471035E-01   1.0042121254004803E-01  -9.6261476153730924E-01   2.9714615869883814E-02
  -1.8275518410978264E-01   8.1075335106562675E-01  -5.5612907352237561E-01   3.5401119631026949E-02
  -5.3671082716985125E-01   3.8121623012205061E-01   7.5273878197565036E-01   3.5118156192288378E-02
   8.5365134321899933E-01   3.6519982763385270E-01   3.7136029690396692E-01   3.2789878975144333E-02
  -9.7732514184791501E-04  -6.7984124484781016E-01  -7.3335866166518197E-01   3.9964171371134069E-02
  -7.6444742012332937E-01  -8.9595415750879361E-02   6.3842995179049459E-01   3.3851131481142013E-02
  -3.7683924103091919E-02   7.4625244824880194E-01  -6.6459552010742717E-01   3.4411745398484372E-02
   6.1478107971324611E-01  -7.8045737143866684E-01  -1.1371242409544330E-01   3.7243167389877505E-02
  -9.1847791949482431E-02   9.4265893603263464E-01   3.2087086722204238E-01   3.5989651997313814E-02
  -8.2341347895528222E-01  -4.3403864122701945E-02  -5.6577941572133658E-01   3.5374244448175695E-02
   4.1731071309327578E-01   3.6689500746667795E-01  -8.3140833663946871E-01   3.3166736067209265E-02
  -2.1018287118861698E-01  -4.4450710470426049E-01   8.7076781895425199E-01   3.5680197247093015E-02
   2.2173346201500758E-01   7.1868402576597665E-01   6.5903531235560368E-01   3.4827678462318440E-02
  -6.2030606125796019E-01   5.9817228319816573E-01   5.0735619635531126E-01   3.6282190176515372E-02
  -1.8444411314720735E-01   5.4839268277201975E-02   9.8131188914644322E-01   3.5438047469157405E-02
   6.5144222939098579E-01  -7.0172577786602543E-01  -2.8845095674035086E-01   3.2703770924379300E-02
   9.2293116579801566E-02   9.3009282065219203E-01   3.5554089160494117E-01   3.2616611935174324E-02
   9.4876971950296749E-01  -2.7933191436545561E-01  -1.4768107858216055E-01   3.5087172293045574E-02
  -6.6517053676798774E-01   5.5357568170426310E-02   7.4463662054860257E-01   3.6731287614298393E-02
  -6.8029992732969279E-01  -6.9049543907279264E-01  -2.4578050674308165E-01   3.6026456318158337E-02
   5.3555297229067813E-01   2.0973651965248780E-01  -8.1804254546733794E-01   4.0240292514467688E-02
   1.2145647792734013E-01   6.5138468481518350E-01  -7.4896349467628215E-01   3.5848334295046533E-02
   9.7364598434843703E-01  -1.3490378186809224E-01   1.8388710340817659E-01   3.1849409806118029E-02
  -2.1888366753221619E-01   6.8467031177086443E-01  -6.9520968366905933E-01   3.4548770645694539E-02
  -7.9244724481705697E-01   2.9832484314145585E-01  -5.3200531214122399E-01   3.5497069651971226E-02
  -4.6321951126795255E-01  -2.3363307453537900E-01   8.5489371904572148E-01   3.5700204961183827E-02
   2.6076620955050540E-01   5.1151875299414859E-01  -8.1874877055906054E-01   3.1785992473679796E-02
   7.1038391653365309E-01   3.6507141547951156E-01  -6.0172880330768085E-01   3.2965292450972043E-02
  -5.6259123571135196E-01  -3.5427224768674685E-01   7.4698211224885060E-01   3.4587190661442037E-02
   4.9896041598926625E-01  -8.2259070084108518E-01  -2.7273254694955380E-01   3.7876043204747689E-02
   1.4805514588616473E-01   9.8876060317080796E-01   2.0788058926374564E-02   3.5217348736433695E-02
   6.0253427804504964E-01  -2.4587799931810789E-01   7.5927363528049323E-01   3.7881454248854633E-02
   6.2033887892911341E-02  -1.8621252110582634E-01   9.8054917966224515E-01   3.4514918578874329E-02
  -6.8279794004623965E-01   2.5521236183367443E-01   6.8458280977241114E-01   3.6231687409611912E-02
  -9.4758147174771139E-01   1.4190647927458865E-01   2.8627243237924918E-01   3.6055527573959724E-02
  -3.2331902315662639E-02  -4.8565390477574261E-01   8.7355305097556854E-01   3.2879735473341389E-02
   7.7045090496846633E-01   5.2611445296836389E-01   3.6001247952129435E-01   3.9122505159204926E-02
   1.0283579731837431E-01  -4.0637786878305997E-03  -9.9469004443226953E-01   2.7314525195548129E-02
  -9.9754018662366998E-01  -6.7193889696338686E-02   1.9963898874966616E-02   3.2732722589817320E-02
  -9.2784413404935506E-01  -1.5170389113972100E-01   3.4072157595795156E-01   2.9708850131953038E-02
   3.7272980481145854E-01  -7.0527806059851618E-02   9.2525581391180455E-01   3.6044127168754926E-02
  -1.5300040128819977E-01  -7.5742043239255494E-01  -6.3474811208850780E-01   3.2090088255250330E-02
  -2.0496696178752911E-01  -9.5739067516620472E-01   2.0344935409184321E-01   3.6888432337484045E-02
   2.3273211872499857E-01  -8.4307289326748851E-01   4.8483384530306796E-01   3.2234536606038912E-02
  -6.4803255659484202E-01   7.4196941684652131E-01   1.7185805205920949E-01   3.4729803706731487E-02
   5.0961700685818467E-01  -6.1177410767517486E-01  -6.0499830371592651E-01   3.2753914392694110E-02
  -3.2828365371367418E-01  -9.4255814762744591E-01   6.1757437167666937E-02   3.7403789563266229E-02
  -8.8445495392657527E-01   4.2237756829985348E-01  -1.9833462701162950E-01   4.0072152697507616E-02
  -5.4376143155538851E-01   1.9602323857247297E-01   8.1602597721665333E-01   3.4816880329492940E-02
   6.6144809536765887E-01  -5.9518935015215177E-01  -4.5632888863182401E-01   3.6029365015991419E-02
   9.8611069870767895E-01   1.0872112939053941E-01  -1.2556036762569120E-01   3.4258120528295985E-02
  -5.1944848307686619E-01  -8.1513814637261621E-01  -2.5636512195959459E-01   3.5048673895418236E-02
   5.4816084319998736E-01  -6.0266810557980265E-02   8.3419877818625902E-01   3.3400760031935470E-02
   2.5556817308933554E-01  -3.0722995441775600E-01  -9.1667587729373742E-01   2.6938225437068097E-02
  -6.7926947671514161E-01   4.6701552486112660E-01  -5.6611790074314418E-01   3.4679801838815049E-02
  -9.6230305097859698E-01  -2.1548916240897457E-01   1.6594354148794831E-01   3.5185598727559121E-02
   3.0876640553039469E-01  -4.5937455004926599E-01  -8.3284952397349325E-01   3.3844170427746012E-02
   1.8917882649664555E-01  -8.4299122449492198E-01  -5.0356446164309929E-01   3.7114186413444953E-02
   8.1216053631473670E-02   9.8485310116630166E-01  -1.5319373928345678E-01   2.8041041087451414E-02
  -4.7161511436742662E-01  -6.6807188470962488E-01  -5.7555116259176202E-01   3.2447391222768890E-02
  -8.7572622039427443E-01   1.6474304287977830E-01   4.5383181547426811E-01   2.7467369614343146E-02
  -8.4374350699495739E-01  -2.0587814875047429E-01   4.9569252795551390E-01   3.2441596611895358E-02
   8.0978712785541446E-01  -4.6397639763012303E-01   3.5912492255739207E-01   3.6027040559848884E-02
  -2.6345228991821190E-01  -7.2804351885040290E-01   6.3288666094078287E-01   3.5759091317326996E-02
  -8.8249087232881269E-02  -3.0928463308725104E-01   9.4686594317181338E-01   3.4325402541361009E-02
  -7.6161763694743918E-01   4.8901991794034982E-01   4.2520359235101974E-01   3.4277001076468307E-02
  -6.9886535412183743E-01   7.1127679482833237E-01  -7.5316252873420221E-02   3.9835394908199393E-02
  -7.7705186568460780E-01   6.2220011894494797E-01   9.5170426188826020E-02   3.6441116321535864E-02
   9.8140230647219937E-01   1.8804176835338569E-01   3.8598007792876858E-02   3.3661658245501961E-02
  -9.2820935930517194E-01  -2.3847039071014499E-01  -2.8558581556658758E-01   3.3679805774764015E-02
  -3.8725619978629485E-01  -4.2516576971963910E-01   8.1808722272492691E-01   3.5213039005358730E-02
   5.1343935770082582E-01  -7.3007051601839387E-01  -4.5097346663013286E-01   3.6115523614560349E-02
  -9.6420010601297203E-01  -2.6454192296020586E-01  -1.8322842603974713E-02   3.9562173875015282E-02
  -8.8471005927015191E-01  -4.6570810159180267E-01  -2.0101620282042342E-02   3.3919430722840218E-02
  -4.8805378177118683E-01   8.4533857052474328E-01   2.1726989502005653E-01   3.3557418623996118E-02
  -5.2133306326631139E-01  -2.0001366794108967E-02   8.5311885600526480E-01   3.5579330261576029E-02
  -3.6127058504203333E-01   9.2867051730607350E-01   8.3991872641683240E-02   3.5411786743600561E-02
   7.7969061548534632E-01   4.0785392091421135E-02  -6.2483525502009795E-01   3.5687379100055323E-02
  -7.8985414077179854E-01   3.0617503939592327E-01   5.3140124346537698E-01   3.5272278661084568E-02
   4.3045455581336877E-01   8.8804188931674392E-01  -1.6152547228924365E-01   3.4243790907758997E-02
   5.1407827471110287E-01   6.8657529198605953E-01   5.1413801250667425E-01   3.9636315612665807E-02
   9.1855777447933526E-02   4.8266962258407666E-01  -8.7097218760645880E-01   3.4695466377006427E-02
   3.1480220945933776E-01  -8.9476061753454949E-01   3.1670649855775092E-01   3.6040724145096350E-02
   4.2794496040843590E-01   2.7662525891213722E-01   8.6043104139310031E-01   3.3471652691383129E-02
  -3.2913572153301098E-01   8.3889366059896204E-01  -4.3350559744692773E-01   3.3455143807128955E-02
  -4.8799157211833383E-01  -5.2091048026097777E-01  -7.0036882932905744E-01   3.6558892437331467E-02
   5.7230774338972771E-01   4.0996715148801419E-01  -7.1020474622249700E-01   3.6446490422351569E-02
  -5.0282560680587025E-01  -5.2909907728905629E-01   6.8353535062363643E-01   3.3733866435052299E-02
   3.2463676508269405E-01  -6.0711700306162210E-01  -7.2527230427620636E-01   3.4281349162318992E-02
   3.2682982769503561E-01  -9.2176181932223180E-01  -2.0865620567958824E-01   3.8402451348616466E-02
  -6.7366063921567427E-01   4.3365369601759526E-01   5.9843614120623431E-01   3.3149035320452373E-02
   9.4038078583641748E-01   2.7514858182016226E-01   1.9994308078059424E-01   3.6060433388764079E-02
  -6.3578877438327232E-01   7.1905079364413557E-01  -2.8060397454055280E-01   3.4799013787555383E-02
  -8.1267362503680846E-01  -5.4722299600542854E-01  -2.0027124559550615E-01   3.8892235169012216E-02
  -8.7614261338707528E-01   3.2321127792028523E-01   3.5764310538916053E-01   3.5430272975929515E-02
  -1.9805349180089384E-01   2.8812032733709870E-01  -9.3688926312592375E-01   4.0127388671364254E-02
   9.3189004309199034E-01  -3.5953475205005136E-01   4.8121820978810081E-02   3.9911563782382724E-02
   4.8441354953754540E-01  -4.7047095156577896E-01  -7.3756396112962736E-01   3.6275951667342383E-02
   4.1381928874754807E-01  -7.9094161292655993E-01   4.5073824022552742E-01   3.5847141072235513E-02
   5.7798131183084304E-01   6.7530840530498927E-01  -4.5814425773846618E-01   3.4443998406779758E-02
   5.9966049688787794E-01  -2.9833290517063320E-01  -7.4256633788816017E-01   3.2518810268542051E-02
  -3.8751698679687391E-01   9.5950930276643546E-02   9.1685549784189994E-01   3.5852443180558495E-02
   8.7262223157281901E-01   4.7585403788298066E-01  -1.0996988494736363E-01   3.0495323894755266E-02
  -1.8927516554564785E-01   5.5558667505614245E-01   8.0962853099907974E-01   3.3969245465733601E-02
  -3.9074462080096044E-01   2.9945440042891412E-01   8.7042845965586010E-01   3.4932768389996913E-02
   4.8666113590221478E-01   6.3099901006108929E-01  -6.0415328196103619E-01   2.9679397055158215E-02
   3.9543332689594294E-01   6.3689722678692675E-01   6.6181145841631385E-01   3.3519819285928584E-02
  -7.7439299556617493E-01   5.7892429428162941E-01  -2.5526877973728745E-01   3.3504327231955093E-02
  -2.9388064244777227E-01   9.1967840118492460E-01   2.6043388103014848E-01   3.6169617311345874E-02
  -7.1550704318300715E-01   6.2988565206093500E-01   3.0214853380958355E-01   3.4975510721098634E-02
  -5.7640273668474915E-02  -7.6954091530209041E-02  -9.9536710144960256E-01   3.4920607858304730E-02
   2.8000593006956009E-01   3.9983588383316739E-01   8.7277027053241837E-01   3.4776435802872698E-02
  -8.1166824641026522E-01  -5.7103377312918315E-01   1.2294343298905252E-01   3.9361237212343041E-02
   7.3787325234881535E-01  -2.9281992928092472E-01  -6.0811146386505132E-01   3.8035090903849253E-02
   4.3617020482991035E-01   4.5594136546833565E-01   7.7580475873347385E-01   3.3709531446572822E-02
  -9.1480248368737822E-01  -3.6822306571502263E-01  -1.6597647337750753E-01   3.1015318277226850E-02
   5.7666563514710711E-01   3.2951596520553305E-01   7.4758007859696835E-01   3.6916674017352879E-02
  -2.3410460444564842E-01   5.1200244155996088E-01  -8.2646750330184524E-01   3.4332798924821870E-02
  -9.3175144251870740E-01   3.2084154310440471E-01   1.6999986347845177E-01   3.3987182271003018E-02
  -7.5653030649964012E-02  -9.3160370559830809E-01   3.5551533675634345E-01   3.2554513907401014E-02
   3.8950430685326482E-01   7.7327913822532599E-01  -5.0032566327168845E-01   4.1980868954178269E-02
  -9.0031241435757962E-02   4.3434862696155587E-01  -8.9623414676196500E-01   2.9004453759582911E-02
  -9.5249869057709819E-01   3.0409744391875688E-01  -1.6461745077354182E-02   3.7193337861695776E-02
  -3.8142029908811689E-01   7.1430825084223759E-01  -5.8675572278609644E-01   3.7280598879212916E-02
   6.9944595060044534E-01  -8.8685317539094388E-02   7.0916167172347197E-01   3.2584850084511938E-02
  -4.1867495665555818E-01  -8.6656218874150230E-01   2.7162704893475404E-01   4.0146819725114282E-02
   8.5626956370687103E-01   4.7393968336024148E-01   2.0538649129297423E-01   3.3020099016481263E-02
   3.6128984378632358E-01  -7.3078735580399598E-01  -5.7915411539059080E-01   3.7098573976903095E-02
  -9.0720962838786451E-02  -2.5049595219014211E-01  -9.6385760610058870E-01   3.0953237322559346E-02
  -9.9130625210750018E-01   9.5846591280247235E-02  -9.0140698203078795E-02   3.6419197526543580E-02
   1.2329568151774756E-01  -3.5165575712680476E-01   9.2797435492509592E-01   3.6460314321342086E-02
   4.0255340883066734E-02   7.6017238045193789E-01   6.4847317564292685E-01   3.0987003660659322E-02
  -5.7805787450028889E-02  -7.5591617008835463E-01   6.5211136682029682E-01   3.1180538518597407E-02
   7.3685621819835738E-01   6.4870380646669740E-01   1.9033203928406944E-01   3.1220061820289144E-02
   3.0744230317731795E-01   6.7058968165687948E-01  -6.7512125508855893E-01   3.7113786653514009E-02
  -1.5965559278461571E-01  -8.4012192295965260E-01   5.1836786769163119E-01   3.7190371858123976E-02
  -8.5777771847399364E-01  -2.1632701698098468E-01  -4.6628318371313683E-01   3.3686631218947447E-02
   1.2065245537540749E-01  -1.9648432089070785E-01  -9.7305544377286263E-01   4.1373830980303365E-02
   7.2246281281081294E-01  -6.8966011493831347E-01   4.9156993080949566E-02   3.4180388135954387E-02
  -9.0327714278787354E-01  -3.9963428968603583E-01   1.5615004906855740E-01   3.3803958389246999E-02
  -7.2082797772404729E-01  -2.7147662517895105E-01   6.3773620605365346E-01   3.7719688842371033E-02
   9.4436680719797330E-01   2.9785688074362139E-01  -1.3947262117127494E-01   3.7247506473629941E-02
   8.0935115437305693E-01   3.8233968676405268E-01  -4.4583301003869859E-01   3.0177582170129566E-02
   5.1389163657827117E-01   7.9577860005150071E-01  -3.2039320460175169E-01   3.2338735804263496E-02
  -5.4629730035127366E-01   4.5342163328095121E-01  -7.0425001391675170E-01   3.5680181779909512E-02
   2.2038583823187698E-01   3.4461492721152291E-01  -9.1250788174668926E-01   3.7867783591742991E-02
  -2.7367976022814639E-01  -9.5026633409719813E-01  -1.4863809445406790E-01   3.7787760532392704E-02
  -2.6764250998659058E-01   9.2700101834331274E-01  -2.6274816619443610E-01   3.4698332726234299E-02
   2.5632728711542114E-01   5.7979763276709173E-01   7.7338931135471806E-01   3.7489394340070085E-02
  -5.7811206054366008E-02   8.5575246890803295E-01   5.1414548175817476E-01   4.1819437675785886E-02
   1.1402468484547114E-01  -9.7475778757871065E-01  -1.9195214716316188E-01   3.2954163277564840E-02
   7.7449874507231433E-01   7.3493764513314161E-02   6.2829162055455718E-01   3.6485945718729957E-02
  -5.4928212357834098E-01  -7.3039662738083022E-01   4.0596787487186318E-01   3.1584759793656456E-02
   1.5998880080225967E-01   7.7342778308852917E-01  -6.1336208552910873E-01   3.3825213733240175E-02
  -4.6668293092196933E-01  -3.5266992808448680E-01  -8.1106779236446282E-01   3.8247343732967799E-02
  -6.3158124369664250E-02   1.1330422551392871E-01  -9.9155090832835952E-01   3.9123543954577154E-02
   3.5182613826211190E-01   7.8416533429229859E-01   5.1117814598221711E-01   3.2933549719837951E-02
   6.8168120109171939E-01   7.3124035921286267E-01   2.4459704339881565E-02   3.4712235644519813E-02
   3.4438764985145242E-01  -7.0682917218212724E-01   6.1789130757935248E-01   3.5603836290702588E-02
  -3.1724220969023835E-01   6.5116113050954798E-01   6.8945381462747912E-01   3.6044442920609163E-02
   9.8332812313618784E-01  -8.2473617204272056E-02  -1.6206142266037768E-01   3.3569443917739283E-02
   4.1711994201243527E-01   8.8839532939708991E-01   1.9174121278686760E-01   3.5449582335349387E-02
   4.8795433187124963E-01  -8.3289652187146003E-01   2.6112057341869236E-01   3.0907285143619178E-02
   8.6470244247476486E-01  -4.6640274715094811E-01   1.8643541355714789E-01   2.6344663856308456E-02
   2.1014112465255587E-02   9.8421033244462829E-01   1.7575104149487062E-01   3.6820099436498643E-02
   6.2417557908450866E-01   3.8021676227726096E-02  -7.8035837831816232E-01   3.6174557308928672E-02
  -8.0571369568143698E-01  -4.9978104211141118E-01   3.1787474032611102E-01   3.1444058678837385E-02
  -3.2996409850825747E-01  -4.8230856867936662E-01  -8.1148144666042334E-01   3.1241735850088621E-02
  -8.8907682139577222E-01  -1.2970972478711491E-02   4.5757421204625003E-01   4.1138977646000993E-02
  -8.4888683885829294E-01  -4.0404031478427340E-01  -3.4079694664447881E-01   3.3467318833902339E-02
   6.6185974389334267E-01   6.8952094802984040E-01  -2.9411314428544169E-01   2.8959777336877770E-02
   2.2305390869767576E-01   9.5615205934739400E-01   1.8978986595818668E-01   3.2945195315803208E-02
  -8.7824842783027428E-01  -3.3412073506985331E-01   3.4211552640889095E-01   3.7386332047405073E-02
   5.3751715458567073E-01  -1.2892877030948546E-01  -8.3333827507957902E-01   3.7609932072651806E-02
   8.4850284858966222E-01  -2.6901305678380222E-01  -4.5571360657222363E-01   2.6110308783853470E-02
  -5.1482474553820800E-01   7.3161188613966636E-01  -4.4687753293344174E-01   3.4908232629398927E-02
   1.9042455041270578E-01  -9.7041721070438526E-01   1.4842145319609136E-01   3.1969640818586491E-02
  -6.2414981386653680E-01  -1.5543668448477117E-01   7.6568691184239865E-01   3.4141749258695246E-02
  -7.3867527026501589E-01  -5.4717904405283892E-01  -3.9364189163289902E-01   3.1637482753611276E-02
   3.1239508376910962E-01  -4.2237067419623732E-01   8.5088913802910131E-01   4.2174383280447287E-02
   3.0223994574929764E-02   8.6522140934848827E-01  -5.0047819428717410E-01   3.7339998719235842E-02
   6.0371840007092414E-01  -4.7218699259167609E-01   6.4231109086098765E-01   3.9367627353383284E-02
  -2.2169700841670905E-01   8.7634311603201133E-01   4.2763673771366548E-01   2.6223667105423968E-02
  -4.3989382746967855E-01  -8.9372061285400619E-01  -8.8073189529708919E-02   3.2919584799102654E-02
   8.2159698853853306E-01   2.3655547551779658E-01   5.1867127877583740E-01   3.6906805026251916E-02
   7.5378129863875713E-01  -6.1133909636861112E-01   2.4099432166272900E-01   4.1068220868848497E-02
   4.4446654611679807E-01   2.8067985863131447E-02  -8.9535561513433936E-01   3.0518096145014070E-02
   8.8482375658810958E-01   6.8662315373904752E-02  -4.6083880720356029E-01   3.2042474130454983E-02
  -9.7595682798374614E-01  -2.7885296562243038E-02   2.1617280159062630E-01   3.4493215857467776E-02
  -5.8210815300753804E-01  -7.7836039802919074E-01   2.3517055296527349E-01   3.1082847471139674E-02
  -5.1137108631702190E-02   9.9834422602278305E-01  -2.6340130746819423E-02   3.5055410740037062E-02
   9.8262337298824711E-01  -1.8551817714356133E-01   5.8577134216652897E-03   3.3120899426502830E-02
   3.9481504856613431E-02  -6.4368059118241571E-01   7.6427515157128658E-01   3.7962103133239262E-02
   1.4850258368190267E-01  -7.5527991435453447E-01   6.3835666645881170E-01   3.7258692628389753E-02
  -5.2487095894132043E-01   2.9049532996899202E-01  -8.0007683363926069E-01   2.8680792739818002E-02
  -7.6984151521602530E-01  -4.0750332589283173E-01   4.9120777766254359E-01   3.5213738933682354E-02
   2.1920361848449974E-01   8.5844581691745798E-01  -4.6370308717995438E-01   2.9392594680066981E-02
  -4.1846451822198069E-01  -1.6998391605016626E-01  -8.9218435049797619E-01   3.4496148093541698E-02
  -5.5424885186077252E-01   8.3146343247001421E-01   3.8428774065764939E-02   3.7392068516953465E-02
   4.6104203406662485E-01   9.7694777722855494E-02   8.8198411166493855E-01   3.1295613225359404E-02
   2.6986256335590228E-01   3.9149007891593452E-02  -9.6210267231729780E-01   3.7273886649780014E-02
   4.4581245858556419E-01  -8.9208104590038903E-01  -7.3774381157434980E-02   2.9350619593459978E-02
   5.4472137122620525E-02  -9.9841223577630504E-01  -1.4345512519758658E-02   3.6325807505946947E-02
  -3.9998145424860798E-01   8.2255994185964151E-01   4.0424000087204614E-01   3.7714263117397304E-02
  -3.8441973686805184E-01   2.1827543324962888E-01  -8.9698233045360744E-01   3.5435752490290144E-02
  -2.8589450412666067E-01  -2.9687828575764513E-01  -9.1111339357720613E-01   3.3989919692273664E-02
   7.6894821440797231E-03   2.9802878509243061E-01  -9.5452591118349729E-01   3.3972658062694929E-02
  -3.7782470926040696E-01   4.9091858359543998E-01   7.8501428862979052E-01   3.4297553960000191E-02
   8.3065459908477663E-01  -9.6825683492939482E-02   5.4830440818530181E-01   3.6035432734160570E-02
   5.9521384999724658E-01  -7.0987720803038119E-01   3.7655653266202411E-01   3.7711349824050879E-02
  -8.8708351681900339E-01   2.8357800585193881E-01  -3.6423392042074649E-01   3.5165744401554497E-02
   9.5459657630655545E-01   4.3423035504063625E-02  -2.9471989497048785E-01   3.2797803330170625E-02
   2.5827136440875753E-01  -9.6554440745814300E-01  -3.1935866243806176E-02   3.6565532178850301E-02
  -1.7444084420764647E-01  -5.9031944087397922E-01  -7.8809475927603784E-01   3.3887072631658599E-02
  -5.3233928639331882E-02   4.4792151577015832E-01   8.9248667471945282E-01   3.6665426637681344E-02
  -7.0600709742531577E-01  -6.4800007967583486E-01   2.8574442273680954E-01   3.5333669613890013E-02
   6.4119720452306561E-01   6.7870744800964279E-01   3.5808147805777927E-01   3.4385822877430998E-02
  -2.6655784024421826E-01   7.7847291594131178E-01   5.6826651929369296E-01   3.5535577967863023E-02
  -2.3884659325189927E-01   2.1735715775300641E-01   9.4641860234544026E-01   2.9543973776516917E-02
   2.5708296380688695E-01  -2.1425095237218503E-01   9.4234010799067586E-01   3.2676764649323604E-02
   8.0629964936851088E-01   2.2104439249257885E-01  -5.4865312536775290E-01   3.5341994551408038E-02
  -3.7311980548801799E-01  -8.0023991812815271E-01   4.6946531734179348E-01   3.5806427470355970E-02
   1.5580966261593529E-01   8.3979022263876466E-01   5.2007281316738964E-01   3.4948604696005682E-02
   4.4288911653929936E-01  -5.5722768561639508E-01   7.0238631594987301E-01   3.5956921900190916E-02
  -3.4628753976156319E-01  -5.9529427470897910E-01   7.2505838820373247E-01   3.2028776747986218E-02
   9.2057343071983552E-01  -1.3331057552991534E-01   3.6711421806379949E-01   3.4752043014118423E-02
   6.8104832731311359E-01   2.0139372604494618E-01  -7.0399839699657213E-01   3.1171061825439592E-02
  -2.2608726952535054E-01   3.8993097046827287E-01   8.9265804473395213E-01   3.3499417903330899E-02
  -7.6626174460174576E-01  -3.8079446977142389E-01  -5.1753116867623436E-01   3.8066136696895220E-02
  -7.9614712086084624E-01   4.4865032990514794E-01  -4.0603281076901529E-01   3.4571230134874753E-02
   1.2033818843738457E-01  -9.3634332053364097E-01   3.2981798995149373E-01   3.6419894526782727E-02
   2.4684588352146952E-02  -8.1320605866119439E-01  -5.8145212808503092E-01   3.3338494090154853E-02
  -9.5495716999142743E-01   9.0454230311494328E-02  -2.8262136455108812E-01   3.3808634016855956E-02
  -7.6875487505718140E-01   1.2770846661995047E-01  -6.2666297930338785E-01   3.3088741945840856E-02
  -1.6311655182681333E-02  -5.2590199364125842E-01  -8.5038874815542513E-01   2.4444787402688281E-02
   7.7762023750972630E-01  -5.4948344130347814E-01  -3.0557276375456625E-01   3.6057794618691838E-02
   9.1371626216388968E-01   1.9412724530765455E-01   3.5698347985097504E-01   2.8731883942765055E-02
  -1.4440599317885995E-01  -1.2506331640994732E-01   9.8158345341726924E-01   3.6227256329615200E-02
   5.4884440910648848E-01  -8.3353963192235944E-01   6.3099101477654251E-02   3.8399435641745839E-02
  -3.5007871034563859E-01  -9.0361794665272476E-02   9.3235167325832897E-01   3.5247591023164681E-02
   6.4443550321158502E-01   5.2681313961530733E-01  -5.5422991450218006E-01   3.8416857924548914E-02
  -6.3417822317661434E-01  -3.7496022577129468E-01  -6.7618252738302251E-01   3.1531672612735630E-02
  -6.9419697960496460E-01  -3.9652910748742291E-02  -7.1869200647878130E-01   3.5217644357555659E-02
  -4.5920094323946329E-01   6.9865105180365372E-01   5.4865399072788623E-01   3.3315885525926556E-02
   6.7404866257411546E-01  -5.6962365435391273E-01   4.7030553141818405E-01   3.3382551780934730E-02
   8.1491385709364028E-01   5.7872898033345467E-01   3.1435216540784551E-02   3.9516992776977929E-02
   1.4599901058982305E-01  -5.1196447131593556E-01   8.4650851680121181E-01   2.7875256225284457E-02
  -4.5203862193549637E-01   8.4304353452519915E-01  -2.9144241828175413E-01   3.7772279883323980E-02
  -3.4936750844072199E-01  -8.7775229925861601E-01  -3.2786162506785530E-01   3.9259295844593729E-02
   4.2980642470622489E-02  -8.6276770019001993E-01   5.0377034438485583E-01   3.6709101020962373E-02
  -6.3411248275424911E-02   5.9618731570982017E-01  -8.0033724027991581E-01   3.5594954381716261E-02
  -4.5858942772072879E-01  -7.7844085252626733E-01  -4.2863221519264325E-01   2.9077265505278822E-02
   1.0620719847730770E-02  -9.2942453679128007E-01  -3.6885936441986997E-01   4.0252029136662610E-02
   4.3648666627376657E-01  -2.4890083714525315E-01   8.6459687914866183E-01   3.5860797922509326E-02
  -9.8147242665333749E-01  -9.9435563622612814E-02  -1.6378169740927290E-01   3.8399090318238982E-02
   4.6761201571853110E-01   8.0855944859161450E-01   3.5717029670575426E-01   3.1272850166245578E-02
   2.5640088170795944E-01   9.5237049948125385E-01  -1.6507277055047000E-01   3.4478888359072952E-02
   7.3500980657296217E-01  -2.6055321148506962E-01   6.2599729090978764E-01   3.5600480948019472E-02
   9.1484997982170277E-01  -3.0197204068387053E-01   2.6807163420520407E-01   4.0787458955793081E-02
   7.6417360791151871E-01  -6.3228755505411342E-01  -1.2747997762466081E-01   3.6149936235486470E-02
  -1.7131149290490386E-01   9.7803202932742383E-01   1.1876751242816523E-01   3.2928810213098986E-02
   4.9362001086094977E-01  -3.9703167478302905E-01   7.7376038545315752E-01   2.8640050631221241E-02
   1.1471912673938635E-01   1.4725761912159760E-01   9.8242288021543515E-01   2.8411787786314658E-02
  -1.2971798811739492E-01   9.0558856952649389E-01  -4.0383485028131707E-01   3.5121806723917794E-02
  -6.4514241270287211E-01  -4.5726724986716451E-01   6.1212574650216868E-01   2.8132118120837272E-02
  -6.7256675802708514E-01   2.8496119958515357E-01  -6.8297223276493941E-01   3.5883932394366402E-02
  -8.3094719875601992E-02   9.6906606730007194E-01  -2.3239239388664953E-01   3.5965293167617096E-02
  -1.3731080276859375E-01  -8.7070276251660168E-01  -4.7225252015103391E-01   3.6693974150951347E-02
