784
   0.0000000000000000E+00   0.0000000000000000E+00   1.0000000000000000E+00   1.7371312466863715E-02
   9.2826756989550656E-01   0.0000000000000000E+00  -3.7191305258123263E-01   1.7708653526779725E-02
   9.1471630809767674E-01   2.4188162443240908E-01  -3.2370875098164275E-01   1.8477560412946441E-02
  -9.8111054588206361E-01   5.1951754922159611E-02   1.8634138541801998E-01   1.7784302460794778E-02
  -9.5437652406074811E-01   2.3418619725974094E-01   1.8526271976505711E-01   1.4673900083840480E-02
   1.7566263246700404E-01  -8.4064672077503601E-01   5.1230433377528701E-01   1.5810975069472872E-02
   9.5915785669051221E-01   2.8228748652212116E-01   1.8165376458694042E-02   1.6282400749249483E-02
   2.1086314564646970E-01  -9.7442921857228608E-01   7.7617213301429428E-02   1.5700422805391034E-02
  -8.6711275883078773E-01   8.9023652498588887E-02   4.9009208600901796E-01   1.3949443798536533E-02
   2.6868711272502210E-02   9.7522872617165639E-01  -2.1956093460395758E-01   1.6504890554949149E-02
  -6.8260402296295810E-01  -1.6550543506381185E-01  -7.1180032228085119E-01   1.4284818733363307E-02
   6.7239442775238504E-01  -3.9370089660749965E-01   6.2680566169905773E-01   1.5768453201479100E-02
  -7.8497955565556392E-01   5.8306259988391238E-01   2.0939222005462934E-01   1.4411967861804457E-02
  -4.1680345918581647E-01  -6.5847530257247175E-01  -6.2664595451724505E-01   1.6683076384235571E-02
  -9.1437321800518702E-01  -3.7175304024909610E-01  -1.6037859975817346E-01   1.5732253894094307E-02
  -2.7277226843221464E-01  -5.5177463844639369E-01  -7.8812437974072047E-01   1.6503205474073179E-02
  -9.8044353897662972E-01   1.0043998660177388E-01  -1.6924029062376765E-01   1.5867554840433943E-02
  -2.5875338545713733E-01   2.8932606902608725E-01  -9.2159487373595023E-01   1.6246843921291159E-02
   4.8327140083749391E-01   8.0766665262091876E-01  -3.3782144895889354E-01   1.6948285047086921E-02
   9.2422856874411003E-01   3.7976191061905097E-01  -3.9779944195311118E-02   1.3662090979216974E-02
  -4.9855717260217655E-01  -4.4082054025617187E-01   7.4640337414509341E-01   1.5918148164533524E-02
  -9.9020277599065824E-01  -7.8072800604464349E-02   1.1577175919096149E-01   1.7088793580161829E-02
   7.4367680130744755E-01  -9.5157822943124372E-02  -6.6173242623423575E-01   1.6598482532804861E-02
   2.5551894123851104E-01   7.7612552224625916E-01   5.7648872008593707E-01   1.8869166555512979E-02
   3.7125082642119364E-01   8.3272909045956318E-01  -4.1077376472210254E-01   1.7601064069370093E-02
  -9.8327628083609077E-01   1.6199636015071323E-01   8.3216193394467783E-02   1.8478010445920432E-02
  -7.6714251836011149E-02  -3.5043227770302798E-01   9.3344102240533057E-01   1.2680152143239076E-02
  -7.1114785781083558E-01   4.5876196059995404E-01   5.3273463172347419E-01   1.6295480541722233E-02
  -3.7311370486700163E-01   8.9958199829369007E-01   2.2702068537107207E-01   1.6882993261459078E-02
  -4.9729858619892555E-01  -1.3065893462994067E-01  -8.5768430029114952E-01   1.6568160859147374E-02
   3.5604288307717908E-01  -7.3094264159086206E-01  -5.8219955351602825E-01   1.6088720619880845E-02
   9.4880824781397326E-01  -2.8096875075739546E-01  -1.4428953523387080E-01   1.5760919845355645E-02
  -6.0666758054474847E-01   7.4933039236428715E-01  -2.6544003050626123E-01   1.4066093520308968E-02
  -8.4277335880155401E-01   2.7543073966747435E-01  -4.6246186149841053E-01   1.5082006043022921E-02
   8.6878292838742474E-01   1.0779012835222070E-02  -4.9507578836463919E-01   1.5772099083415167E-02
   9.9786610320641795E-01  -6.5270847396927154E-02  -1.7194626270326212E-03   1.4465721438659659E-02
  -7.9755058679865120E-01   1.1855064486111637E-01   5.9148863564749980E-01   1.5150485853721889E-02
   9.7975736860608702E-01   1.8284258778325899E-01  -8.1511267655445287E-02   1.6767110652391135E-02
  -4.8146624269216617E-01   8.5873794252728572E-01   1.7538358877583806E-01   1.3547394215837127E-02
   8.7982437406510864E-01  -3.0179320243004688E-01   3.6719195765696790E-01   1.6586907483204820E-02
   7.4895503595167225E-01  -6.5558619888218370E-01   9.6296884465901833E-02   1.7408403414893617E-02
  -4.9384798658183921E-01  -8.2186692909266483E-01  -2.8398752967842799E-01   1.5449827146495236E-02
  -7.6606286665673515E-01  -1.7241643233168457E-01  -6.1920938154365749E-01   1.8332452454208478E-02
  -9.6701061628263182E-01  -2.0337333795692682E-01   1.5339411137635776E-01   1.6265089060070570E-02
   7.8418906312872795E-02   5.2744262794016805E-01  -8.4596379908614434E-01   1.5996203705748439E-02
   6.0471826649376172E-01  -6.7846527894781782E-01   4.1713389149173627E-01   1.4856111833367644E-02
   5.0801458019869318E-01  -7.1428379131045716E-01   4.8137288226145926E-01   1.6087221733810621E-02
   2.6587524789144119E-01   8.9747329562910902E-01   3.5192618003111197E-01   1.5704961021485446E-02
   1.2731000461071642E-01  -9.0570844958513596E-01   4.0433200105372382E-01   1.6441374095759620E-02
   5.4211960891483350E-01   1.7627242536166221E-01  -8.2160474784846844E-01   1.3672520360840290E-02
  -3.9093493424889178E-01  -5.5273845769017801E-01  -7.3596880000044695E-01   1.6942770592644984E-02
   7.5710416965097380E-01   1.5678750351854853E-01  -6.3420103676794052E-01   1.4337289682583427E-02
  -6.4498407513726405E-01   2.1970727385061756E-01   7.3193186611627849E-01   1.7574116419218890E-02
  -9.3288220419540959E-01   3.5901429103618385E-01  -2.8974677345925794E-02   1.7027334776610951E-02
  -1.1158759299739007E-01   6.9104374432012596E-01   7.1414757055182178E-01   1.5243319580678036E-02
  -8.5819294084205495E-01  -5.1281991713031205E-01   2.2816855246179148E-02   1.6963856589376884E-02
   6.9755105013795279E-01  -2.5197729673525999E-01   6.7076819720483911E-01   1.5381165605101669E-02
  -8.7464102475777210E-01  -1.8009595805712375E-01  -4.5007613100692323E-01   1.2774017479692787E-02
   2.4677807394454567E-02   9.9512187025917615E-01  -9.5516852722865053E-02   1.4384601407161587E-02
   1.3050295624953385E-01   8.3965857190268238E-01  -5.2720248580643094E-01   1.5842520136348903E-02
  -5.3322410311767187E-01  -6.2509748353150911E-01  -5.7002209776194581E-01   1.4968201200885847E-02
   6.1829034933286060E-01  -4.9514735623401904E-01  -6.1036557859721298E-01   1.6090538153585747E-02
   6.2215486645036826E-02  -9.5363007818423373E-01   2.9448074165190046E-01   1.6401286740136134E-02
  -9.4442116363558632E-01  -2.5342706833050487E-01  -2.0938812457876121E-01   1.5880861325487414E-02
  -9.5032033228798589E-01   2.2802233674189231E-02   3.1043731119103523E-01   1.6981618385442931E-02
   7.8437245449111738E-01   2.6127588439430478E-01  -5.6257867438212922E-01   1.5120011940796496E-02
  -2.5007172126577854E-01   9.2432828842304850E-01   2.8823835526190482E-01   1.4588719461523176E-02
   9.4813355636803660E-01   1.1312471496716764E-01  -2.9706153933570105E-01   1.5445819179079416E-02
   9.9777026704745548E-01   5.7411636417620819E-02  -3.4035249373260390E-02   1.5249310689589594E-02
  -3.5886348936031033E-01  -6.5324854136496934E-01   6.6669583710165944E-01   1.6133359128491491E-02
  -4.2848609223013509E-01   5.8455897411954591E-01  -6.8897784764218084E-01   1.7786118654670113E-02
   3.2863174044699845E-01   5.9249535794661634E-01   7.3549332422700306E-01   1.6404218745965652E-02
   6.4504195088857718E-01   6.3998203753877378E-01   4.1754505531927668E-01   1.2994447735468210E-02
  -1.7700151034670388E-01  -6.4224638242587470E-01  -7.4578150258360711E-01   1.6108787574881946E-02
   9.4415298288905376E-01   6.8604785193600301E-02   3.2228640733087390E-01   2.0346193325116326E-02
  -1.4704315149338649E-01   3.6085459668684736E-01  -9.2095725831814014E-01   1.6563056965173521E-02
  -4.9681350578530265E-01   4.8129040576081303E-01  -7.2217441507707054E-01   1.5884182457918775E-02
   7.5213928590862177E-01   6.1513429500144845E-01  -2.3642397024400767E-01   1.6853946805010327E-02
  -3.0841299930194248E-01  -8.1451670511511800E-01   4.9136947295288084E-01   1.5567662364523437E-02
  -8.2219741276789441E-01  -4.3217028837843791E-01  -3.7043252594862456E-01   1.5362654587732338E-02
  -7.4988702732185616E-01   2.3941136059572749E-01   6.1672655745645679E-01   1.7855713149018712E-02
  -3.0039239893600759E-01  -6.5655822041086340E-01  -6.9187839240172142E-01   1.6036241078655186E-02
   1.9856706323472581E-01   4.7974022311581503E-01  -8.5464638285265355E-01   1.6417638670309901E-02
  -7.2560675462515602E-01   2.0579760242934179E-01  -6.5661418236029831E-01   1.5437244388820163E-02
   5.5682979048953598E-01   6.5773645129119886E-01  -5.0727048511246932E-01   1.7097558618552099E-02
   7.6577061702258859E-01  -4.9867236368242471E-01   4.0610495663587666E-01   1.5873884956749266E-02
  -3.7924270003905502E-02   4.4660052971169452E-01  -8.9392936891339722E-01   1.5921476316781872E-02
   5.2002340656815704E-01   7.8700381349048997E-01   3.3196483875958215E-01   1.6009576355166286E-02
   3.1087890752798021E-02   4.5189401975188214E-01   8.9152977401824760E-01   1.6013042914507975E-02
   8.8357425898677153E-01   9.4864320483076074E-02   4.5858182427486342E-01   1.5745121967854314E-02
   9.0111033192650360E-01   1.1827282288377625E-01  -4.1714710722047350E-01   1.4347458075936605E-02
  -5.7306763565483596E-01   6.4890819463134032E-01  -5.0051137839740533E-01   1.7594641976166675E-02
   1.5119480042292781E-01  -6.1094345430826768E-01   7.7710245654157636E-01   1.5456063879100280E-02
   5.2134116136992192E-01   8.4558132181246410E-01   1.1487219708592348E-01   1.5870252563225612E-02
   4.1863754881392276E-01  -8.8929499366232676E-01   1.8411142542002380E-01   1.6618542127392153E-02
  -8.5365321664231696E-01   3.1451871736540533E-01   4.1515558787404733E-01   1.5670141044020997E-02
  -7.8812009702777698E-01   3.8249498639825940E-01  -4.8224920740331214E-01   1.6126879342334630E-02
   5.0208394025316325E-01  -3.3825943946046947E-01  -7.9592227544889517E-01   1.7497965486932949E-02
   9.2514735614420633E-01  -2.5044636900158288E-01  -2.8527002238810169E-01   1.6881864563579727E-02
  -2.2963009496936623E-01  -6.6389685307684196E-01   7.1169585354913085E-01   1.5261607791083728E-02
  -4.5784203103249563E-01  -7.3125876765266175E-01  -5.0560981927880863E-01   1.8851780057852208E-02
  -9.0105428519947032E-01   3.4711086160894839E-01  -2.6002927696081679E-01   1.7217206701489340E-02
   5.6572362557298374E-01   7.9231530161697385E-01  -2.2845840385541111E-01   1.4422430933436416E-02
  -5.2878714156718045E-02  -9.8631401657223953E-01  -1.5616818594793291E-01   1.7221709498473353E-02
  -9.1886968194292997E-01  -3.9369600268167296E-01  -2.6114461100524186E-02   1.5194002037670970E-02
  -4.4594877172014353E-01   2.4078135853547144E-01   8.6206382036546926E-01   1.6928611384525873E-02
  -7.3624634889260365E-01  -3.4152398599518947E-01   5.8421116108156310E-01   1.8014685130918133E-02
  -7.0244177299605272E-01   3.5401470434356614E-01   6.1745375912589555E-01   1.5251786262131341E-02
   1.9228728091248514E-01  -7.3862272064311049E-01  -6.4611305369033722E-01   1.7156695800772540E-02
  -8.1021213429031284E-02   9.1304656900885206E-01  -3.9972681395629559E-01   1.3295569607276080E-02
   5.3441431252940096E-01   4.7278123169022459E-01   7.0062775389303695E-01   1.6446334841986390E-02
   2.8172903606091059E-01  -8.4970124252418628E-02   9.5572424277336338E-01   1.5753866853970393E-02
   8.6869612144132339E-01  -4.6238424636645367E-01   1.7767345695102640E-01   1.8494205554199821E-02
   1.1173729488796042E-01   6.6745183042992319E-01   7.3622199843991777E-01   1.5816802486330827E-02
  -5.8370638526138032E-01  -6.0430664181786166E-01   5.4231018657214233E-01   1.7041433397211813E-02
   8.3924373387871451E-01   5.3592230495207573E-01   9.1963243745356546E-02   1.5414388799964838E-02
   4.2466959455889412E-01  -6.4345867411301940E-01  -6.3688042061748104E-01   1.4580186102564740E-02
   2.4663542733102206E-01   3.8134133896510920E-01   8.9092634329754876E-01   1.5695432250675624E-02
   1.2294082780742305E-01  -6.0572010597232202E-02   9.9056377098611587E-01   1.8194192183289072E-02
  -7.5092417358153191E-01  -6.3856305697891935E-01   1.6837490250221573E-01   1.8110535765013080E-02
   2.5336861224446920E-01   8.4448251698288832E-01  -4.7186187050826386E-01   1.5513520556795401E-02
  -7.9494019917567628E-01  -1.1200080940609344E-01   5.9625992522298201E-01   1.6394733600332895E-02
  -3.2073425881002148E-01   6.5857453370257861E-01   6.8074159472153406E-01   1.4748802993248837E-02
   8.3739001100258416E-01   1.3572162530480946E-01  -5.2948806398040071E-01   1.6770151375751991E-02
  -2.1250640141000785E-01   1.4550550994741168E-02  -9.7705133479542318E-01   1.5839244070683655E-02
  -9.4954341338629060E-01  -3.0586910694771258E-01   6.9364223557399933E-02   1.6750900777593329E-02
  -7.6668981772816104E-01  -5.5951710500851534E-01  -3.1484493420547394E-01   1.5957036532385444E-02
   3.9399642961311410E-02  -7.8409958439947384E-01  -6.1938316886971804E-01   1.6676075835953325E-02
   5.1331536998149829E-01  -8.1252993750649284E-01  -2.7622894778869957E-01   1.4799234173440987E-02
   6.1862071736992154E-01  -2.8530792657299897E-01  -7.3205723483573326E-01   1.5606944727429958E-02
   7.2666205570720885E-01  -6.4697447572272261E-01   2.3105472200039862E-01   1.6036848272104819E-02
  -6.4202256206438494E-01  -7.4432727918473604E-01   1.8380405670640385E-01   1.5345705026709531E-02
  -9.8315505725643088E-01  -1.8160463481362576E-01   2.0637102638538684E-02   1.5399811005537539E-02
   7.9831337327227247E-01   6.0213749546274621E-01  -1.1233637545187338E-02   1.5571158223868055E-02
  -6.3177701858540897E-03  -9.8208807431126459E-01   1.8831648912262210E-01   1.5870483221657714E-02
  -5.3168827564460352E-02   5.6057247233424050E-01  -8.2639674432835104E-01   1.6674916731522912E-02
   1.7384354721308610E-01  -2.4734097214078305E-01  -9.5320557310205860E-01   1.3961921609091318E-02
  -7.2848682235823316E-01  -5.3992420449779334E-02  -6.8292881633767521E-01   1.6830341593305824E-02
   6.6642223201829740E-01  -3.7115650714982062E-01  -6.4662528242568404E-01   1.6522087644699530E-02
   8.1496239622011916E-01   4.4704709134355544E-01  -3.6876169929702333E-01   1.6462759576493199E-02
  -1.0436349048236499E-01  -6.4506326235895228E-01   7.5696872419483938E-01   1.6130071994323715E-02
  -8.9988109536364948E-01  -4.2233106888543749E-01   1.0885992128052592E-01   1.6515263350702236E-02
   6.8200461141612152E-01  -7.3095690038823519E-01   2.3910662516304554E-02   1.6443992094367400E-02
   1.3871132888267196E-01  -9.8989858210731060E-01  -2.9325149301223483E-02   1.5907563260625252E-02
   9.6503159424958209E-01  -1.6216303757729512E-01  -2.0595429430777763E-01   1.6431193360673161E-02
  -6.4308174320108681E-01  -7.6434028954566359E-01  -4.7220687613615481E-02   1.7495012735995969E-02
  -6.6073247406385862E-01  -2.8636238275030837E-01  -6.9385098073218740E-01   1.4350344189147101E-02
   1.4455920539963305E-01  -4.1220034619731409E-01   8.9955183882255553E-01   1.4373798640955415E-02
   5.0701113328324654E-01  -1.8268987358729225E-01   8.4235629089803634E-01   1.5515310867849896E-02
  -6.9654148534451767E-01  -7.1417273921675858E-01   6.9190011950315506E-02   1.5080562548170684E-02
   8.7111512944907971E-01  -3.3949683168543316E-01  -3.5482436855501569E-01   1.1009435585490527E-02
  -4.4330192510654615E-01  -3.5373046059139072E-01   8.2362501446145550E-01   1.5820953169407497E-02
   3.2887542622540761E-01   2.6594134229117432E-01   9.0615459855668394E-01   1.5887570074435912E-02
  -7.9242385755254884E-01   4.3561687049537862E-01   4.2696881867573228E-01   1.6722719638569840E-02
   3.9464054431356387E-01  -1.4877831009374251E-01   9.0671045832147783E-01   1.6626029035802545E-02
  -4.0982621829262848E-01   8.6683028921448705E-01  -2.8398542304190851E-01   1.5865485655926083E-02
   3.2365573674826788E-03   7.3708640154907882E-01   6.7579076743311405E-01   1.6008323724378128E-02
   2.8448746054331355E-01   4.8926429959149349E-01   8.2443151925363817E-01   1.5502316048840842E-02
  -1.5504457086234499E-01   4.8411172596528286E-01  -8.6116027418188885E-01   1.5687014665042600E-02
  -1.8323968723285947E-01  -8.2833605512721515E-01   5.2941722374615576E-01   1.5217174957936734E-02
   8.6198265375401881E-01   4.6852390267709003E-01   1.9357493961618059E-01   1.6887540632174006E-02
  -5.2197265735795195E-01  -7.5816443512950382E-01  -3.9080843680176409E-01   1.4442568372754882E-02
  -1.9097777494121821E-01  -7.2798238397635337E-01  -6.5845967082168854E-01   1.6591283887583976E-02
   3.4071232415496921E-01   9.4016749327769915E-01   4.4356831139656165E-04   1.5976912662706579E-02
   6.1883368143408601E-01   3.3854190275157387E-01  -7.0882596933526640E-01   1.4403502560299341E-02
  -8.1009606329181433E-01   1.5416485648026663E-01  -5.6566559491056516E-01   1.8867298013168344E-02
   2.9731778471196914E-01  -8.0621068136463076E-01   5.1149435201920354E-01   1.5580019208997666E-02
  -8.6590399038762715E-01   4.0824152097969390E-02  -4.9854154093341715E-01   1.4792287280320355E-02
   4.5682276993736694E-02   6.3183092258693687E-01  -7.7375888675452886E-01   1.6511164590190605E-02
   5.8177219614615722E-01   8.1334901126891328E-01  -2.1207685301026186E-03   1.5311766246432294E-02
   6.5087493969186276E-01  -7.4115534741688193E-01   1.6447055626000404E-01   1.4975773260880820E-02
  -5.4593982795476678E-01   2.8210646978899607E-01   7.8890154262487657E-01   1.4230416954747759E-02
   1.4714297124211683E-01   9.7996708973802366E-01  -1.3421419092044593E-01   1.8068101701181566E-02
  -6.3756682562787236E-01   5.4184049201949058E-01  -5.4764717114842706E-01   1.5922797196623543E-02
  -7.1519675347774942E-01   5.4866441256195566E-01   4.3296762719969192E-01   1.4721570942340289E-02
  -4.3958398184644122E-01   6.5827466090650101E-01   6.1109769571849872E-01   1.5740251504885121E-02
  -4.4317805102657406E-01   1.0506545019708530E-01   8.9025528151377528E-01   1.5164256590365527E-02
  -4.6769055711735925E-01   2.3879307213556657E-01  -8.5102491825052481E-01   1.5847716771080846E-02
  -4.0257898867814549E-01  -8.9221632470297471E-01   2.0464649473762683E-01   1.6565128000722553E-02
  -8.7721641575252515E-01  -2.4965884146074439E-01   4.1007538674586632E-01   1.4981411391856605E-02
  -4.4026959837655201E-01   7.3593718998077299E-01   5.1435312106426760E-01   1.6299030617103451E-02
   3.2065041213881402E-01   5.2934059651569160E-01  -7.8548191963635964E-01   1.8306282590174411E-02
   2.4339789861618568E-01  -6.7446935994989765E-01   6.9702836774266252E-01   1.5542493633637530E-02
  -1.0024212512388426E-01   4.3934098340391454E-01   8.9270992861753750E-01   1.6463486139477099E-02
  -4.4541758962030284E-01  -3.7425762762830161E-01  -8.1334764954407710E-01   1.4671983600233864E-02
   7.0351223997501977E-01   2.7276292965217385E-01  -6.5625521896049976E-01   1.5718733732194078E-02
  -1.2222712728817861E-01   9.3035070036217888E-01   3.4569944126434832E-01   1.6609520941526723E-02
  -2.0156650140153118E-01  -3.3708423434288481E-01  -9.1964404226321043E-01   1.5911513428151600E-02
  -9.5881883025603329E-01  -2.7430803680888509E-01  -7.3631186928552443E-02   1.7115067709319968E-02
   5.1891004423143796E-01   1.5644088398546543E-01   8.4039194178286429E-01   1.5428432511799632E-02
  -6.1453774475606870E-01   7.8855753919803319E-01  -2.2811568207103984E-02   1.4227292426407709E-02
  -8.5316391018941555E-02  -1.7054755120792828E-02  -9.9620793449524018E-01   1.4799974323145336E-02
  -3.7753000267865721E-01  -8.8632482555005349E-01  -2.6814063603102100E-01   1.6526936481112068E-02
   3.3614151514903007E-01  -8.9333577396211989E-01   2.9826175878381482E-01   1.6444817825065145E-02
  -1.1992667144721103E-01   1.1669636265619263E-01  -9.8590037651803701E-01   1.6790557642723240E-02
   6.6918331856262449E-01   2.5097129117321941E-01   6.9943341152990399E-01   1.5614819776570147E-02
   9.8273670937987258E-01   7.2600270353521416E-02  -1.7016979985242834E-01   1.7230839879590231E-02
  -1.7063363558013739E-01  -8.6497314974243941E-01  -4.7191695522978251E-01   1.6318585298691006E-02
  -3.2775734235938509E-01  -8.1081615039483363E-01  -4.8492504038089769E-01   1.6459997136229514E-02
  -5.0418516597126092E-01  -7.0130399813158650E-01   5.0395438347055163E-01   1.4702362729896538E-02
  -2.2234127629572539E-01  -7.9806959697156019E-01  -5.6004399402621878E-01   1.4161104957629286E-02
  -5.8311915320670459E-01   2.6562598392914500E-01  -7.6773360602826903E-01   1.7994633343293133E-02
  -4.5630509974348845E-01  -8.7591215594364495E-01  -1.5672763323115956E-01   1.5839320457981802E-02
   9.3269975620623579E-04   1.9721113376425016E-01  -9.8036059630657526E-01   1.6671307490068276E-02
  -8.4892637576359639E-01  -4.6628253257530589E-01  -2.4880636717745829E-01   1.6608354269897873E-02
  -7.9913552587349361E-02   5.5083758400786377E-01   8.3077781636081766E-01   1.7939480153353731E-02
   9.0878880893140170E-01  -4.0114236891962633E-01  -1.1483771426928861E-01   1.5583367822368050E-02
   2.8412068384128513E-02  -6.3901914203610612E-01   7.6866591603997536E-01   1.6050594267521141E-02
   9.3898363458783258E-01   2.1660993868357882E-01   2.6718882543946307E-01   1.6915000532589010E-02
  -7.5239976347515344E-01   6.5168079964706731E-01   9.5951713345266238E-02   1.7431117221412685E-02
   9.0766464170089591E-01   1.8202857558257012E-01   3.7816728557262124E-01   1.2145264989005639E-02
   3.9314903480954349E-01  -9.1834693521133097E-01  -4.5527387540687218E-02   1.6781632689135599E-02
  -9.5236050666834106E-01   1.4119453452273846E-01   2.7032123253515987E-01   1.3852871964939734E-02
   1.2064445063035771E-01   3.6302944467819573E-01   9.2393427192021615E-01   1.5490187275802771E-02
   8.7107922293670618E-01   4.9026869389265081E-01  -2.9284725656531961E-02   1.6327551427569844E-02
  -7.0296249033952538E-01  -1.3482718472314392E-01   6.9833041422759460E-01   1.4747928524421391E-02
  -3.1120643874012730E-01   8.7761419186636402E-01  -3.6461470447780359E-01   1.3062931710357599E-02
   8.4642342685549589E-01  -4.9608412010478035E-01  -1.9356634069503117E-01   1.5124081423186519E-02
  -3.4375194663048946E-01   6.8326458476854510E-01  -6.4419260038346957E-01   1.5911698834934941E-02
  -3.4205341374300952E-01  -9.2860302132596501E-01  -1.4386066498888069E-01   1.5394114638790696E-02
  -9.7574808723545629E-01   2.0886335773403041E-01  -6.5511587161468476E-02   1.8821577713399797E-02
   7.9481369811218129E-01   3.6831131003679935E-01  -4.8230484570675331E-01   1.7332956187420491E-02
  -1.8852345288382730E-01   9.8094680416501454E-01  -4.6928404098199267E-02   1.7790437372579432E-02
   6.2255366504894897E-01  -7.5122169450635176E-01  -2.1930093441918243E-01   1.6683797784165530E-02
  -2.0337490248837037E-01   6.1721708182561760E-01   7.6005376319081188E-01   1.7673416132471777E-02
   9.3096636477444398E-01  -1.2920838301474355E-01  -3.4147740981999423E-01   1.5684154658365631E-02
   5.0392461727250488E-01  -5.5237365550400872E-01   6.6403563519731250E-01   1.6880286379672961E-02
  -2.3100198736985859E-01  -8.7849110419506128E-01   4.1820026504214204E-01   1.5076638370631425E-02
  -1.3580248698915173E-01  -9.9013604677791100E-01  -3.4471631794445958E-02   1.7105637677057830E-02
   3.6794653444859903E-01   8.8689541021555804E-01  -2.7934186783553056E-01   1.5568832081738217E-02
  -1.5258739228392506E-01  -2.2829105274024503E-01  -9.6156137763262012E-01   1.3378065362240934E-02
   2.9051506920580717E-01  -2.8059204354486592E-02  -9.5645892521076838E-01   1.6038813021265745E-02
   6.0852645078547586E-01   4.5867455258417564E-01  -6.4754398576941323E-01   1.8986237628631929E-02
  -7.0939069819682432E-01   7.0393107123286933E-01  -3.5297085782922370E-02   1.5684659815486254E-02
   2.1032758909070956E-01   8.6375946367711691E-01   4.5791035604745733E-01   1.5906775034047829E-02
  -2.6066142159705596E-01   8.4149893832632152E-01  -4.7321787802942871E-01   1.6604122980380891E-02
  -9.9854875082050611E-01  -4.8205743777897911E-02  -2.4012465546595112E-02   1.7120763961447948E-02
  -2.0631079858507290E-01  -9.7479109739507272E-01   8.4959818893987861E-02   1.6452314599400152E-02
   1.7643223640240359E-01  -2.9409442393611628E-01   9.3935091194277884E-01   1.6560483471409908E-02
   2.3989035383346259E-01   3.3818918906434216E-02   9.7021074971454321E-01   1.6431902692176906E-02
   7.3394996136169776E-01   6.6977162868470463E-01  -1.1279813662556850E-01   1.5659701808096817E-02
   7.7617742989972535E-01  -1.7237070749850278E-01   6.0649561953135533E-01   1.7727600286627152E-02
  -4.7469249051889166E-01  -2.5474309495619218E-01  -8.4248026387394521E-01   1.4697078921214663E-02
  -4.2356314440570379E-01  -3.2917826867773247E-02  -9.0526829137855937E-01   1.5826766478622314E-02
  -7.9215914485705845E-01   5.1841921881121368E-01   3.2206428362441101E-01   1.6785834195810029E-02
   9.2648117510546299E-01  -3.5991621002602118E-01   1.0996796777109811E-01   1.4692813817377268E-02
   3.3911350799230222E-01  -4.8333203618764795E-01  -8.0708870113009076E-01   1.2498938284279967E-02
  -1.2549549655411853E-01   3.2193356936503829E-01   9.3840804411541647E-01   1.3194956890673028E-02
   9.7680721839268329E-01  -5.0969143818282631E-03   2.1405999056277011E-01   1.2933017242719442E-02
   7.6981990618168776E-01  -1.6859230617151272E-02   6.3803846152831180E-01   1.7568302203227008E-02
   8.0484595109509129E-01  -5.6879990440584542E-01   1.6938023424750305E-01   1.1922339190458939E-02
  -4.1268850022409040E-01   4.7879401127314249E-01   7.7488353741176165E-01   1.1896129630966254E-02
   3.4823837595375279E-01  -9.3382891229941460E-01   8.1814400118711656E-02   1.5812873133200071E-02
   2.1800924349110974E-01  -4.9390867101034272E-01   8.4173998031056544E-01   1.6993047733227455E-02
  -9.5551886362732272E-01   2.8631790304629118E-01   7.0751393255004462E-02   1.5595463590501255E-02
  -5.2300019418248124E-01   8.4895764444774783E-01  -7.5774103880008478E-02   1.5820032171985454E-02
   9.2402087842433946E-02   4.1096820213746108E-01  -9.0695478993953280E-01   1.6506817834998212E-02
  -4.9220412342925623E-01   8.1823872175461414E-01   2.9701935139080170E-01   1.7813261536981630E-02
   1.2286281171859807E-01  -4.7830445646134744E-01  -8.6955711510274884E-01   1.6470665621138520E-02
  -3.4327574839009420E-01  -3.2780233534680447E-01  -8.8017463580155599E-01   1.9002673265768610E-02
  -2.6669053998834346E-01  -7.4619186837085491E-01   6.0997856639224501E-01   1.6119094751236476E-02
  -4.5428882212614087E-01   1.0536963623569453E-01  -8.8460098680184664E-01   1.6458319863136800E-02
  -5.8643528294833044E-01  -2.1128715660066514E-01  -7.8195357686304980E-01   1.6811135390526845E-02
   2.9474720061997663E-01  -6.6456035653303455E-01  -6.8664664875856864E-01   1.6424268187049597E-02
   1.3695274255222718E-01   8.2563627603565912E-01   5.4732868187350867E-01   1.2999725688722292E-02
   1.9978019280359799E-01   9.7983771269649402E-01   2.4354344704352919E-03   1.7095582504541586E-02
  -8.5636651369256231E-01  -3.0251842903059422E-01  -4.1847221451717402E-01   1.6235866682628303E-02
   9.8767684060328910E-02   2.1483495232329823E-01   9.7164339541089113E-01   1.8424258242665473E-02
  -2.6778574400852668E-01  -4.7741460977151444E-01   8.3687877597804600E-01   1.1243930461998226E-02
  -2.3220451991342501E-01   7.8083384100712702E-01  -5.7998239082737024E-01   1.5274092646750960E-02
   7.5946472492268481E-01  -3.1791189353643982E-01   5.6757850518336763E-01   1.6805987043176902E-02
   6.1765464625548593E-01  -7.8351336000589828E-01  -6.7893686387455884E-02   1.6120427487760879E-02
  -2.5682735153089577E-01  -9.2999770149936864E-01  -2.6295244191966915E-01   1.5940164898932993E-02
  -6.8155024297632325E-01   5.9601553951490924E-01  -4.2456418001954236E-01   1.5718859110538572E-02
   6.0265649799050748E-01  -7.1892481866178670E-01  -3.4634123425017495E-01   1.5657689179582576E-02
   6.5525702476702862E-01  -1.5444838617766767E-01  -7.3944839407532390E-01   1.5277907642505872E-02
   7.0566829172970475E-01  -1.1751357211939519E-01   6.9872943434137644E-01   1.6179787405346570E-02
   7.0339647996829661E-02   9.9733251858020413E-01   1.9498238437075507E-02   1.6255443299121481E-02
  -7.9244719452333800E-01  -5.7992689539027697E-01  -1.8897682369826673E-01   1.6035773657082450E-02
   7.3148358538416822E-01  -4.4296130595769245E-01   5.1837924894596030E-01   1.5355551294842193E-02
  -6.7693644325633437E-01  -6.7847009284707828E-01   2.8536885762735302E-01   1.6186047769266451E-02
   4.0383275266030249E-01  -7.5467319236661101E-01   5.1709523359047802E-01   1.3552986767378112E-02
   4.0614953970690708E-01   6.1189880578803652E-01  -6.7869168469271983E-01   1.5697080677169134E-02
  -8.3500654493488148E-01   5.4169319163668996E-01   9.6605155402638587E-02   1.7022603407897696E-02
  -8.4494609138971359E-01   3.8677702857242547E-01  -3.6941796493122911E-01   1.6590662031376948E-02
   6.6569930331772253E-01  -2.7771923618926916E-02  -7.4570312981829669E-01   1.4784283425149265E-02
   7.1147601467785923E-01   5.3737971793623948E-01   4.5279677482163931E-01   1.8434095287397658E-02
   4.5092595778001696E-01   6.8885655494869171E-01  -5.6757592206188096E-01   1.7154499710864683E-02
  -7.3157137295293148E-01  -6.7532515214480870E-01  -9.3484036906595733E-02   1.8786684708072325E-02
   3.9526042251872638E-01   8.5581604492454168E-01   3.3368862078295786E-01   1.5717192974313565E-02
   8.4508466490644291E-01  -4.2310118098409059E-01   3.2682915994420236E-01   1.5578590991714939E-02
   7.0366584405410463E-01  -6.9946543767549398E-01  -1.2490989315924556E-01   1.6132886123713858E-02
   9.4265672320680486E-01   3.0234245492666294E-01  -1.4137659686782686E-01   1.7273953900672780E-02
  -1.3880899328080946E-02   9.9058530919377290E-01   1.3619128402111833E-01   1.9150697905764539E-02
   4.7387177777485929E-01  -1.4177507170195973E-01  -8.6910607365982581E-01   1.4104882390766837E-02
  -9.6054711957171932E-01  -1.2883553214190832E-01  -2.4647644256639309E-01   1.5899549933375459E-02
   6.3413151908079807E-01   2.1280331235394793E-01  -7.4336529832880104E-01   1.7651458569143616E-02
  -6.8649220116894218E-01   6.9964750641630333E-01   1.9804500624774515E-01   1.5964120504759735E-02
  -6.2014530537001251E-04   9.2534063265138417E-01   3.7913629341456638E-01   1.5778567941513621E-02
  -2.3360530380321837E-01  -4.4562509555297058E-01  -8.6420300638704787E-01   1.6104486999992322E-02
   1.0057337657998568E-01   2.8595393231051687E-01  -9.5295086154504975E-01   1.5822591077364734E-02
  -4.8973465050388780E-01   7.3835508103881259E-01  -4.6367202460360203E-01   1.5122062475699308E-02
  -9.1868877300303815E-01  -2.1392865112088514E-01  -3.3203233364805124E-01   1.6600384939408813E-02
   6.3342904068669128E-02  -9.2061295340523514E-01  -3.8530438166031482E-01   1.7030796656639783E-02
  -7.9227262940698341E-01  -4.8005529688860750E-01   3.7663110947150340E-01   1.7341081869385752E-02
   6.3157809903424979E-01   5.3955296557180076E-01  -5.5676898455549661E-01   1.4839383489986238E-02
   8.7772633055026556E-01   3.0571671301106646E-01   3.6896311474790426E-01   1.8809802002903847E-02
   4.0892194078147907E-01   4.8978397035955394E-01   7.6999643422962682E-01   1.5898776247648813E-02
  -7.7747240288467924E-01   5.8092035085128550E-01  -2.4097346061245485E-01   1.1193187159284407E-02
   2.9129324561423036E-01  -2.7750208486947594E-01  -9.1550032111005936E-01   1.8055949506661512E-02
   7.9285400872176072E-01  -5.3650240782038522E-01   2.8904616803680918E-01   1.7187625116207946E-02
  -7.8482323574456582E-01   3.3257685260508553E-01   5.2291980814148253E-01   1.5717908388171382E-02
   7.6914056976764522E-01   2.3086438438967231E-01   5.9592316615305342E-01   1.6309222426324316E-02
  -7.4083158379680158E-01  -5.1029899252059767E-01  -4.3676481392344959E-01   1.7069654369531795E-02
  -5.3845649225741922E-01   7.3878033093074826E-01   4.0530017095442989E-01   1.6956879530699804E-02
  -8.4443479163402486E-01   2.1246613325578600E-01   4.9171945751346433E-01   1.6732743978906265E-02
   1.4399075719513021E-01   9.8237543369774904E-01   1.1918544000645625E-01   1.4340773998372968E-02
   8.5950092437855492E-01   2.3881285257717426E-01  -4.5191435298777848E-01   1.6284483528805258E-02
  -8.8215096866466229E-01   1.5862886927783426E-01  -4.4344847537863261E-01   1.6929907500802046E-02
   9.1243070369696042E-01   3.9963549318694727E-01   8.8100417344614303E-02   1.8515501548302491E-02
   5.7065518564223749E-01  -6.1676122843850142E-01   5.4217916429410495E-01   1.5774840037072504E-02
   3.8217597945979736E-01   9.1408814756047949E-01  -1.3558900845347132E-01   1.8001423430086759E-02
  -3.1023573277913012E-01   6.0587389965713853E-01  -7.3257805578740056E-01   1.4171929753886445E-02
  -4.2632176283828284E-02  -1.6629231448170909E-01  -9.8515448721995930E-01   1.8545831130792006E-02
  -3.4599054094497678E-01   8.7001270221727828E-01   3.5123844259589773E-01   1.7389960813045655E-02
  -4.0251192592620190E-01   8.1325200301145699E-01  -4.2024436829662930E-01   1.6095145859284849E-02
   6.6056431956199057E-01   5.9729000071459283E-01  -4.5486199529963595E-01   1.6671524227330452E-02
  -6.1020530568116884E-01   4.6090445820813874E-01  -6.4437300170197495E-01   1.6997775261493098E-02
   5.4754438902371882E-01   5.6483056828843984E-01   6.1738284003979302E-01   1.2726499756933316E-02
  -9.1343588722457589E-01   2.6096039771662882E-01   3.1230522050364579E-01   1.7715387155044986E-02
  -5.7106740541113962E-01   3.7878409035894300E-01  -7.2828883787130580E-01   1.2256319386835574E-02
  -4.2855062069565601E-01   5.7255554887822981E-01   6.9894528323046660E-01   1.6729921187987346E-02
  -8.2426728165714884E-02  -9.4658115977876029E-01   3.1175301511900799E-01   1.7157180793823441E-02
   1.8539223628482604E-01   5.9235410261688761E-01  -7.8405761002508809E-01   1.5391349784485759E-02
  -2.9698849395715605E-01   9.2262001629809180E-01  -2.4611001601553996E-01   1.8311029398599877E-02
   6.0521862842162708E-01  -2.2086450458839181E-01   7.6480669611632503E-01   1.5985375235751115E-02
   9.0412571919250090E-01  -3.1404238288934918E-02   4.2611085143672964E-01   1.5317855067856269E-02
  -4.4726208758263590E-02  -6.3011078781616136E-01  -7.7521607396119476E-01   1.7291833541277927E-02
   8.3441543830613635E-01  -2.3804083772319128E-01   4.9707890308523410E-01   1.4638163400768339E-02
  -8.6810985626828465E-01  -4.8271400604373333E-01  -1.1563937832359991E-01   1.6626918078138482E-02
  -4.4512859332936001E-01  -5.5595806878356954E-01   7.0197661011964562E-01   1.6038886660723519E-02
   4.5528807888474123E-01  -4.5782769777870093E-01  -7.6361414626242760E-01   1.5734800523911935E-02
  -6.2137379795042466E-01  -3.9776024029294045E-01   6.7504177238358149E-01   1.6142412418991368E-02
   4.5303428995334558E-01  -8.4250807746511675E-01   2.9144480014661585E-01   1.2939295223823799E-02
  -2.3236217764741380E-01   7.6368963005289529E-02   9.6962652598227130E-01   1.6193861553176073E-02
   7.8290627586306662E-01   3.2626213027850141E-02  -6.2128358535992660E-01   1.7389437238269083E-02
  -5.4218349395816574E-01   1.5551598379259012E-01   8.2574320322018905E-01   1.5410308556533220E-02
   2.9393957506032645E-02   9.3925976406296598E-01  -3.4194603503259823E-01   1.5591226038277739E-02
  -1.2059088902271750E-01   8.5087008696284307E-01  -5.1134912984824199E-01   1.8906890509607496E-02
  -4.4935497911592099E-01   3.6784436423769424E-01   8.1410725733302289E-01   1.7777036545280868E-02
   3.2937922337050471E-01  -7.1732601525334684E-01   6.1396475065967637E-01   1.6329579060128367E-02
  -5.8186161781674003E-01   7.8986976970001574E-01   1.9375965685800014E-01   1.6884954240778973E-02
  -9.5156165562975942E-01   2.1896906042416768E-01  -2.1583087386217099E-01   1.5451734719721121E-02
   5.5006847888935315E-01  -2.1333643683003282E-01  -8.0741082061923012E-01   1.6120201345458735E-02
  -2.7538052136841240E-02  -7.3045083964708803E-01   6.8240986697392704E-01   1.5223017129954225E-02
   3.6804202945722419E-01  -3.6888795116241555E-01  -8.5350263270841946E-01   1.7062566710485587E-02
   8.5713397609861612E-01   4.1286261304812077E-01   3.0800293791529731E-01   1.3549076979394909E-02
   6.9262442943959960E-01   6.9339748805074128E-01   1.9867391199750210E-01   1.5758568466357636E-02
  -4.2662603042256010E-01   8.9129040406827471E-01  -1.5359572188606152E-01   1.5467159206805427E-02
   3.9607454855949125E-01  -2.7609280576166495E-01   8.7572696349378595E-01   1.5618660519349618E-02
  -7.7938732936030818E-01  -6.2510489877978763E-01   4.2417642015064833E-02   1.6475209434476870E-02
  -6.6191871121388707E-01  -4.7107059864105895E-01   5.8305755362648454E-01   1.5206159794322040E-02
  -6.4468138397058529E-01  -5.7929948223726670E-01  -4.9879657480921570E-01   1.6139929788520763E-02
   2.8171406478900905E-01  -3.7294174523961194E-01   8.8405409356989377E-01   1.8714833184918830E-02
  -3.0200218999889951E-01   9.5294774057747737E-01   2.6177871650492443E-02   1.6278350983445957E-02
   3.7346007981547506E-01   1.4522397331566281E-01   9.1620825490639994E-01   1.8439555972100425E-02
   6.0549426604991545E-01  -3.3444418737523973E-01   7.2216603306413515E-01   1.5632876960393713E-02
  -1.8277504069055641E-01   6.0390803240145718E-01  -7.7581465112587686E-01   1.6099797916472731E-02
  -8.9148516753253748E-02   9.8519248288129404E-01  -1.4645242789003479E-01   1.5488172293125581E-02
  -4.9533586393699904E-02  -5.5276763510681146E-01   8.3186198698906839E-01   1.4035542960765356E-02
   1.7699947973934144E-03   3.2808277627327200E-01   9.4464731991957684E-01   1.7182925682977381E-02
  -5.6037713581303290E-01  -8.1165968886724950E-01  -1.6488182169633338E-01   1.6298318911299718E-02
  -3.0847471146088603E-01   9.4425144782907324E-01  -1.1503284601287659E-01   1.5637970161044818E-02
   8.1366656956039289E-01  -3.6577101931623645E-01   4.5183877103252596E-01   1.6401495877586159E-02
   5.3066271690654911E-01   4.1468411499014621E-01  -7.3921185438289533E-01   1.2714050121853950E-02
   5.5600530620890973E-01   2.6237042249487174E-01   7.8868235739580168E-01   1.6561840813838875E-02
   2.0194919366204731E-01  -7.6151833109929869E-01   6.1587852258297468E-01   1.5633684758435189E-02
  -9.1542299047888668E-01  -7.9838505401737220E-02  -3.9449532514075364E-01   1.8213570394132922E-02
   7.2221869691237037E-01  -2.3157372948519654E-01  -6.5174670052292151E-01   1.7668554757877757E-02
   8.6229321404683307E-01   3.3873792285864130E-01  -3.7643994557724047E-01   1.1386134231877709E-02
   4.6943490929928604E-01  -4.5835086480141367E-01   7.5468228458535282E-01   1.7148183399700471E-02
   5.1179943573758910E-01   3.0042220137829209E-01  -8.0486510577717709E-01   1.9497557241136272E-02
  -6.8888254945562135E-02   2.2236479187341213E-01   9.7252676449836030E-01   1.5621449758846162E-02
  -2.1423000273203074E-01   2.2375069191779415E-01   9.5081077707172756E-01   1.9397894990032531E-02
   7.9059507305484766E-01   5.1884654553328699E-01   3.2520407846393135E-01   1.6159980814300325E-02
  -2.1858962083143267E-01   8.8354211462834726E-01   4.1421239641377090E-01   1.5949304623583779E-02
   3.6929360311929517E-01   3.1792364498734499E-01  -8.7323925166767963E-01   1.5662093728958850E-02
   4.6836050648418394E-01  -8.8101344464442945E-01   6.6736394281046882E-02   1.5626794529130596E-02
   5.7252973652861296E-01  -4.4843014968097012E-01   6.8638189198694607E-01   1.4458761394628291E-02
   4.3352145563125823E-01   2.0744860418189654E-01  -8.7694026257798078E-01   1.4679907955689055E-02
  -3.1215274940930335E-01   5.5485412810723611E-01   7.7116636179139153E-01   1.6630583765814179E-02
   6.2584560559830793E-01  -5.1437203005106413E-01   5.8629232696192987E-01   1.5589731816119134E-02
   2.7396867365117576E-01  -9.4307355729847106E-01   1.8855617566715444E-01   1.6439161413292751E-02
   7.0080075961138099E-01   3.5078678529644431E-01   6.2114968130837642E-01   1.7343673680510354E-02
  -6.1452593653142422E-01  -8.3377384395256246E-02  -7.8447822474660284E-01   1.4744003861010677E-02
  -7.3537509358938351E-01  -3.2101472785296532E-01  -5.9680232592533712E-01   1.7234744608493956E-02
  -7.0748010342981348E-01   4.1870064000521258E-01  -5.6935198015828998E-01   1.5385498212584431E-02
   7.8444345186652766E-01   5.8422289728780310E-01   2.0816358256998763E-01   1.6001955914721987E-02
   7.6110633176433397E-01  -3.1721345007272798E-01  -5.6576742469074394E-01   1.3725824201834915E-02
  -5.3028438743621215E-01  -8.4683354690231951E-01  -4.0882909415037946E-02   1.5806090439459703E-02
   2.6439642837823678E-01  -8.0092629964317136E-01  -5.3722582886597010E-01   1.7130440215493598E-02
  -3.5647740279370960E-01   7.6312265258530853E-01  -5.3904329919646878E-01   1.7434946517364567E-02
  -2.7878124678599762E-01  -9.5992345143786153E-01  -2.8774707992751924E-02   1.5750684963632430E-02
   4.5411281463130039E-01  -6.5753730930018194E-01   6.0118735720731431E-01   1.6407433012715546E-02
  -3.4573693603718802E-01   4.5164075416349831E-02   9.3724392628141561E-01   1.3677516975644377E-02
  -2.9115715541659819E-02  -9.5678330550170027E-01  -2.8934059760382254E-01   1.7611115518872077E-02
  -5.7813594239614758E-01  -6.7542836557480958E-01  -4.5777216504136601E-01   1.5552010226502219E-02
  -2.1303606758068793E-01   7.2442571034748715E-01   6.5560889568194182E-01   1.5759999683626104E-02
   4.0393276821417742E-01   9.0833313028799462E-01   1.0848614282038395E-01   1.5159530671585812E-02
   9.5847580687676838E-03   7.0922727934821141E-02  -9.9743576187895257E-01   1.4452495968073191E-02
   2.4848625215749287E-01  -4.3260025360314893E-01  -8.6666695048975643E-01   1.5947921058558744E-02
   7.7124277661447848E-01  -6.3573902569118887E-01  -3.1944807609490677E-02   1.5219260384845282E-02
  -3.7541851390239773E-01  -2.7012386345838201E-01   8.8661944362259088E-01   1.3521877081523350E-02
   8.1438703061289032E-01   5.6505716494864630E-01  -1.3222770023606047E-01   1.5782489859526820E-02
  -7.6567494028778249E-01   2.8737917532680729E-01  -5.7546076791018938E-01   1.5311690144335237E-02
   5.2747930822899231E-01   8.4232775219606956E-01  -1.1067762768771549E-01   1.5381918533749767E-02
   8.9527889934961475E-01  -3.7666617710120093E-01  -2.3790393735142174E-01   1.6715956236704778E-02
   1.7705303069134046E-01  -8.7214154860532637E-01  -4.5609356882038412E-01   1.5101950740945857E-02
  -1.4802093623944365E-01  -7.4609412170171882E-01   6.4917899226402830E-01   1.6895514090748877E-02
   6.8060311052152737E-01   6.4545179006551665E-01  -3.4665745722491214E-01   1.2511809273455534E-02
  -6.2305292428028327E-01  -6.6260451343662607E-01   4.1564445421441584E-01   1.7674677917138565E-02
  -9.4644586712047669E-01   1.2882359650667773E-01  -2.9604847845184707E-01   1.5627728626102916E-02
  -5.0739109470048866E-01   7.8988544980725698E-01  -3.4443468640865306E-01   1.6437818378935515E-02
   2.0769033138353707E-01  -9.3098955096267328E-01   3.0020523354551373E-01   1.5357714016782035E-02
   4.8322701759562942E-01   6.6425905517990555E-01   5.7030830002476049E-01   1.8431713733247052E-02
  -2.8119297690186840E-01  -2.0630139119789752E-01   9.3721408745861118E-01   1.5013397306524112E-02
  -5.3441760768150379E-01   1.4940537810986002E-03  -8.4521925463354037E-01   1.5762993131228332E-02
  -4.9248124718329622E-01  -2.2999396556611930E-01   8.3938370068518466E-01   1.6900779146244775E-02
   6.9035177798021765E-01   7.2344791012565732E-01  -6.1273137973452911E-03   1.6260446445571446E-02
  -7.3595509117995714E-01   4.9224010567158762E-01  -4.6483306910623856E-01   1.3970671685786126E-02
   4.5832724078826601E-01   8.6025455834172888E-01   2.2337912884531507E-01   1.6430333463406448E-02
   8.3325994040001791E-02   9.6836980261641620E-01   2.3519503416927975E-01   1.6453547080521806E-02
  -5.9481964296894052E-01  -8.0048677994695989E-01   7.3556151805608678E-02   1.6508055810401939E-02
  -8.4506303637948487E-01  -8.6908478109109577E-02  -5.2755604534290370E-01   1.8361550265657234E-02
   7.2891691578766746E-01   4.8352014558993499E-01  -4.8465286410716963E-01   1.5469905789829754E-02
  -9.1056544413141402E-02  -8.1429872863545664E-01  -5.7325935340142226E-01   1.8514211032415499E-02
  -5.4138789317185231E-01   6.5555429664067208E-01   5.2644820569824037E-01   1.5174420379833815E-02
  -3.1779797210583655E-01   7.4655129673144422E-01   5.8452169358717291E-01   1.7105117742490484E-02
  -5.9397433697146908E-03  -5.2261217444657237E-01  -8.5254984286487740E-01   1.7455666692978009E-02
   3.0612163484730863E-01   4.2039411910217676E-01  -8.5414186719930533E-01   1.3678024880164376E-02
  -8.6086038145719641E-01   4.6651946217707846E-01   2.0317232844897876E-01   1.6425203098819820E-02
  -1.7945175592947862E-01  -1.0985433523363363E-01  -9.7761397919843755E-01   1.6566061284788011E-02
   2.7203007965072210E-01  -5.8068482349889816E-01   7.6733615288429835E-01   1.3641878510213165E-02
  -3.3335675649847096E-01   1.7752220354485180E-01   9.2593689857646310E-01   1.6301466662179075E-02
  -2.1277736514199134E-01   8.1888145105660683E-01   5.3306562635256984E-01   1.6157649175130510E-02
  -3.5181382809723746E-01  -4.5368919064692132E-01  -8.1877539572810125E-01   1.4705361506201137E-02
  -4.1796817467920082E-01  -7.9711316302608246E-01   4.3579032835285733E-01   1.6599097389256054E-02
   3.7209271087442017E-01   3.8402226410359494E-01   8.4502894340186589E-01   1.6984144125417508E-02
  -3.0832009913953308E-01  -8.1983053985203842E-02  -9.4774336997198123E-01   1.6822590822275182E-02
   2.0187236742815257E-01  -9.6210319266064860E-01  -1.8331664938335503E-01   1.9007787012546774E-02
  -6.1997436108650454E-01   7.2299201081275370E-01   3.0481854257297342E-01   1.5175860553156644E-02
   3.9842293198491379E-02  -8.6126282547223951E-01  -5.0659543733857317E-01   1.6913083506796777E-02
   2.0067573108951535E-01   5.8425532370640897E-01   7.8636821379835009E-01   1.6245137569559931E-02
   9.5326712984175774E-01  -3.0206195811011053E-01  -6.3523716786078407E-03   1.9303370768958155E-02
   4.0205781651871355E-01  -8.2060730214460750E-01   4.0614426974063446E-01   1.8251760831952356E-02
   4.1594846932826916E-01  -2.5730216068196272E-01  -8.7222844998994570E-01   1.5199882359643474E-02
  -4.7578104696255714E-01  -6.3734579332679626E-01   6.0615405226711924E-01   1.5739215283471885E-02
  -7.5819908470350725E-02  -9.9385071299193405E-01   8.0697594542663839E-02   1.5840063410986829E-02
  -2.1136954518852606E-01  -9.2713668832978992E-01   3.0941958005217728E-01   1.4841904203378484E-02
  -1.7268232452200951E-02   6.4178045317761718E-01   7.6669397941232650E-01   1.4582378965024784E-02
   5.3132928298959525E-02  -3.3355872810065596E-01   9.4123082548238414E-01   1.7417271874287658E-02
   4.6363096561476631E-01   8.8596129710479054E-01  -1.0904483275992440E-02   1.7233841716023004E-02
   5.0353533421157763E-01  -3.1797904523552933E-01   8.0333149694975620E-01   1.7398028498130453E-02
   6.9990284019903192E-01  -6.6268486246290816E-01  -2.6642970431962904E-01   1.5328052820265640E-02
  -4.5759017909349335E-01  -8.3283305745517051E-01   3.1144875406245802E-01   1.6164686585232999E-02
   8.2471503515552004E-03   1.2899834960614176E-01   9.9161051341238337E-01   1.3991451910743974E-02
  -5.3590234112305576E-01   8.4200484363057235E-01   6.1939680992748966E-02   1.8169759252028024E-02
  -1.6148934923238799E-01  -4.3328274401469428E-01   8.8667201028542503E-01   1.8172781482461799E-02
   2.6884417609669859E-01   9.5790322408409558E-01  -1.0071852991472078E-01   1.3191547641443943E-02
  -5.2242810269445962E-01  -8.3197992375244709E-01   1.8675728630481714E-01   1.6363406978055703E-02
   4.6476198816470146E-01   8.5906686657287796E-01  -2.1447706896974132E-01   1.4312158269443015E-02
  -1.0591057322805825E-01   7.8944236709741808E-01   6.0461863973097091E-01   1.6001216753471814E-02
  -9.3174014848400847E-01  -2.2019517483615200E-01   2.8874622193523888E-01   1.7048535138091809E-02
   6.8394612649635364E-01  -6.1581649987992426E-01  -3.9113646534972019E-01   1.7084740432361891E-02
  -7.3272803580362406E-01   7.5064652632843635E-02  -6.7636892556686358E-01   1.5902631507027711E-02
  -6.1329162124834084E-01   3.4570373945661572E-01   7.1018470261777260E-01   1.6516125759863154E-02
   5.9918428692045200E-01   6.5455507545632336E-02  -7.9793092861448418E-01   1.5521490561120803E-02
   1.4345424431271740E-01  -8.1467021157037748E-01  -5.6190152710999434E-01   1.3234061473524285E-02
  -8.1133894655818963E-01  -2.4845301260201111E-01  -5.2915046473269953E-01   1.5264336545878003E-02
   9.0342977432093647E-01  -4.2850800304951519E-01   1.3983354137630397E-02   1.4880397272409333E-02
  -7.4717446355584868E-01  -4.4294877626891731E-01   4.9550651117003319E-01   1.5047628611336749E-02
   2.2266708121932539E-01   3.3969097061939717E-01  -9.1379943938531624E-01   1.8742165919215132E-02
   7.7304405395447082E-01  -5.6252709040677641E-01  -2.9319986903838088E-01   1.5642328928747271E-02
  -9.2028844203658604E-01   4.8823394652099025E-02  -3.8818225048103185E-01   1.3816976586595497E-02
  -4.9882785568876926E-01  -4.5850215996145529E-01  -7.3549067954639948E-01   1.7259734102069113E-02
   7.8537477593143751E-02  -5.1980657272279264E-01   8.5066620455234414E-01   1.7600497952245701E-02
   7.5349629549093544E-01   5.4918513999206535E-01  -3.6144019518217991E-01   1.5648011291960775E-02
  -7.0790655329652754E-01  -6.5862190179324979E-01  -2.5511860433546091E-01   1.5970264000307789E-02
   3.1959704818810608E-01  -9.3623939808939038E-01  -1.4599149377503279E-01   1.2421084652902849E-02
   1.8119394033405519E-01  -6.5435801829197792E-01  -7.3415552840199627E-01   1.4221262651036634E-02
   5.8374612692710670E-01   7.2202330795227620E-01  -3.7137959296554603E-01   1.8525422025778109E-02
  -4.0889944038757093E-01  -8.2443118497806135E-01  -3.9129843966773094E-01   1.5917568713983452E-02
  -8.6166694729818473E-01  -4.4149357808361182E-01   2.5022688193868569E-01   1.7180647954888506E-02
   8.1933812280791737E-01  -7.8574608082894901E-02  -5.6790058238939788E-01   1.4556919700990533E-02
   8.3993995512082157E-01  -5.3970495705792824E-01   5.6740031007498430E-02   1.7570014377217447E-02
  -6.4381539666653955E-02  -3.1219943011084483E-01  -9.4783254490897004E-01   1.5822124635494025E-02
  -2.0623048705094002E-02  -4.4876140492323539E-01   8.9341361715245390E-01   1.7009315097805572E-02
   4.9369127301832111E-01  -7.7117823182597540E-01  -4.0193663891627471E-01   1.7624780208954174E-02
  -6.6883653375174940E-01   3.2326773760838789E-01  -6.6944429263419635E-01   1.7690900095378800E-02
   1.4838624846801247E-01   8.9854338965526512E-01  -4.1303910005278652E-01   1.6217796188890365E-02
   4.0522166082828778E-01  -8.4931808363618657E-01  -3.3831080148898524E-01   1.5981906901275493E-02
  -7.3794503030380145E-01   6.5732264175284482E-01  -1.5285312194712544E-01   1.8101590208297967E-02
   7.1866998754407251E-01   6.2010384098616402E-01   3.1461830111677997E-01   1.6237556359738743E-02
   3.2449282143708999E-02  -5.1696392723374495E-02  -9.9813552540110936E-01   1.5542595139204298E-02
   9.6640254580629854E-02  -5.9017571829416919E-01  -8.0146945215058114E-01   1.5204661798209773E-02
   5.1154991219528165E-01  -8.5807028963508784E-01  -4.5078435848597182E-02   1.5124001608857096E-02
  -4.9104249661840588E-01  -5.5999930160806794E-01  -6.6729157698358445E-01   1.3391263346470860E-02
   9.8979960121942429E-01  -5.4050946787632687E-02  -1.3181519099568563E-01   1.5897601173254893E-02
   9.7685354254140435E-01   1.1445034350053147E-01   1.8071600730682060E-01   1.5677353181670530E-02
   8.1004654875081545E-01  -2.0709421332744892E-01  -5.4857686395178726E-01   1.6670505137505879E-02
   2.9287227368421312E-01  -8.7002558524251192E-01  -3.9658708038773053E-01   1.6601975698470969E-02
  -5.4241607698452707E-01   5.5795028962725350E-01   6.2807346205167711E-01   1.5955106461443293E-02
  -5.5549395803445698E-01  -3.4323842271467781E-01  -7.5737299117380274E-01   1.6453010936480858E-02
   7.3142716040346344E-02  -7.9654710496127982E-01   6.0013569521237863E-01   1.6190449986763828E-02
   7.3213464359800548E-01   4.3279367941643718E-01   5.2599286563679132E-01   1.3595031470650460E-02
  -7.7236004318792819E-01   5.2804892132816814E-01  -3.5302167124823919E-01   1.8628768889273176E-02
  -3.8664641846312060E-01  -1.8483999834201480E-01  -9.0351464963362122E-01   1.5894092044911934E-02
   6.7323350453091412E-01  -5.6401283216511366E-01   4.7816960749310597E-01   1.6669830019227518E-02
  -5.2872425137848031E-01  -7.5065657866884683E-01   3.9618854968997636E-01   1.4765867341365344E-02
  -6.9442534601340106E-01   6.6005412990399783E-01  -2.8653443843776349E-01   1.8282853219132672E-02
  -7.1591063751036676E-01   6.2459496004926249E-01   3.1201457494892843E-01   1.7201620710608438E-02
  -3.2442225603469005E-01   4.2398629079327889E-01   8.4556834437478745E-01   1.6933792105075495E-02
   9.4735267176017092E-01  -7.7881843520302611E-02   3.1057581000255813E-01   1.5727495946329932E-02
   8.4847203578294454E-01  -1.1869586735270496E-01   5.1575817547348181E-01   1.4892675470587704E-02
  -1.1403730964671763E-01   1.0401400798835045E-01   9.8801648678083200E-01   1.5341721429372405E-02
  -7.4602531179201498E-01  -9.9387062272623083E-04   6.6591684645067505E-01   1.8371795266754439E-02
  -2.9179685814996108E-01  -3.6469341226563702E-01   8.8422469351622243E-01   1.9813660720722506E-02
   9.9329862203414247E-02  -9.5906659283944133E-01  -2.6518832737131536E-01   1.4061918538106006E-02
  -6.3505496111319237E-01   7.5862243513856242E-01  -1.4559257285301139E-01   1.7267160379548034E-02
  -7.8699481961204851E-01  -5.5571843052959462E-01   2.6798540981464533E-01   1.5955368467616830E-02
   9.3290644979875683E-01  -2.1922659357877813E-01   2.8570134159944879E-01   1.4414935634325603E-02
   5.5712695363427062E-01  -6.0726710388258187E-01  -5.6642406558713460E-01   1.6962341619163243E-02
   8.2779554511275250E-01  -4.5414961924404444E-01  -3.2939741776761168E-01   1.7132773626836616E-02
  -5.2348938583944608E-01   8.2555436312488907E-01  -2.1075781465677154E-01   1.6675729148035223E-02
   2.8110586564865194E-01   6.3889764381408724E-01  -7.1609307567293924E-01   1.6410811521616288E-02
  -6.7274013189320713E-01  -6.3528308132944406E-01  -3.7925732889013112E-01   1.6322147137447851E-02
  -8.6871731040512063E-01  -1.3433261355390282E-01   4.7674414892924596E-01   1.7013874325038886E-02
   3.5711200937234606E-03  -9.9913408727465906E-01  -4.1452656695442131E-02   1.5482440588736093E-02
   1.5689861079335088E-01   6.8974887560954387E-01  -7.0684461837555678E-01   1.6621992748805640E-02
  -6.3699880740882548E-01  -4.0066709678135294E-01  -6.5855781592547817E-01   1.6598341967733539E-02
  -8.1600904412645043E-01  -2.4692989799698055E-01   5.2264219632463406E-01   1.6139796446544581E-02
   3.5284018906251897E-01   6.8526227571014732E-01   6.3711805379448787E-01   1.6289397550675936E-02
  -3.3776975738224179E-01   5.6908843425315076E-02  -9.3950677194894911E-01   1.6178224992400096E-02
  -6.0499939779610194E-01  -7.4014876628364048E-01  -2.9352262678566876E-01   1.8770231345132904E-02
  -9.0865364621201312E-01   1.4648977125677166E-01   3.9101061129175533E-01   1.7088860453889525E-02
  -6.0887053638626964E-01   6.9576063295216350E-01  -3.8104305735008621E-01   1.5481535652692750E-02
   3.3267314158519560E-01   8.2682939536089978E-01   4.5352147891248257E-01   1.6049698743794729E-02
   2.0267717813490730E-01   2.1588865483557477E-01  -9.5515132318212128E-01   1.3142836882265231E-02
  -9.5937314053315834E-01  -3.3532666175594156E-03  -2.8212042256195530E-01   1.6317644304320157E-02
   6.4015376620582156E-01   4.7705771392566287E-01   6.0217862233437244E-01   1.8279631802830387E-02
  -9.2701041666445824E-01  -1.1213553119666945E-01   3.5787890415450354E-01   1.5272927824385038E-02
   2.3524415871065955E-01  -5.5677127783479294E-01  -7.9665923076979776E-01   1.8453328453608875E-02
   5.5613542571076886E-02  -2.7998787294309517E-01  -9.5839132137530143E-01   1.6395949036994778E-02
  -5.7836753378663843E-01  -7.6331329237993195E-01   2.8782601261468743E-01   1.5317284561929477E-02
  -8.0870789160769458E-01  -5.8422681081288789E-01  -6.8341638690036967E-02   1.2001387879680791E-02
  -9.4076574798855467E-01   3.0927111995053535E-01  -1.3896467815987199E-01   1.3168682944927703E-02
   2.9070999845274570E-01  -2.2703703552707503E-01   9.2948473968036839E-01   1.5758544099263305E-02
   1.0167987633310247E-02   8.2175341771680230E-01   5.6975251864142153E-01   1.7004637870075740E-02
   4.5953776303145374E-01   5.1391541268273748E-01  -7.2437282731696894E-01   1.6605088877419498E-02
  -1.4101939516149286E-01  -2.4447532601208745E-02   9.8970492993517993E-01   1.6803720584792309E-02
  -9.9697777381132475E-01   3.9522701328090317E-02   6.6882543357332986E-02   1.1834264842497939E-02
  -5.4894761588783067E-02  -8.9871823270695347E-01  -4.3507712345077482E-01   1.5022671001397521E-02
   6.0559621453547602E-01  -9.6847097207905061E-02   7.8985686342697825E-01   1.6772862903270508E-02
  -7.8018110738130284E-01  -3.8991639599162080E-01  -4.8916525205924985E-01   1.6418620305718962E-02
   5.9580536584060173E-02   5.6600257908407636E-01   8.2224767566137231E-01   1.6024179460125083E-02
  -8.1892844808405769E-01  -3.6399311518375840E-01   4.4369495040789015E-01   1.6109157066522956E-02
  -9.9543324136141499E-01   8.3007996517485143E-02  -4.7141643022489150E-02   1.5648636196428300E-02
   7.1138496309005470E-01   3.9212844080666409E-01  -5.8323813335540410E-01   1.7655530292918541E-02
   1.5922011911483258E-01  -3.6474796826159625E-01  -9.1739188644662448E-01   1.5872635509661618E-02
  -4.0146807967513087E-01   9.1066179322611535E-01   9.7562694510548677E-02   1.5727812109942087E-02
   3.4177910356683187E-02  -8.6424586714685052E-01   5.0190731371762140E-01   1.6102485544094098E-02
  -1.8882596569735760E-02   3.2484462494244876E-01  -9.4557887941344400E-01   1.6099795983787307E-02
   1.9325795781222755E-01  -9.2148590832055390E-01  -3.3691999422547063E-01   1.5179444414662905E-02
   4.8161698645363966E-01  -6.1383999180161321E-02   8.7422942240807959E-01   1.6225914170914124E-02
  -6.3666305763754795E-01   3.5547930413748476E-02  -7.7032233232777791E-01   1.7109347725572055E-02
   8.9317211600362327E-01   3.6899582987057137E-01  -2.5707129114651920E-01   1.8406669480424270E-02
  -3.5494799055023991E-01   1.9287203021523895E-01  -9.1477445524292964E-01   1.6452218221370491E-02
   8.5249311388461403E-01  -5.1859581255080762E-01  -6.5680088185707310E-02   1.6050427916089029E-02
  -2.8988759444999882E-01  -8.7734819252223559E-01  -3.8239420976520968E-01   1.6192160392783286E-02
  -1.0940551459821510E-01  -4.3703835452726185E-01  -8.9276419621734568E-01   1.6468354480386297E-02
   4.6040486060284511E-01   6.0422089158046405E-02   8.8565034605935295E-01   1.3431245566463108E-02
  -5.2125094198302965E-01  -1.0494907249966960E-01   8.4692570374458657E-01   1.4534179731402607E-02
   5.6515908896170365E-01  -4.2153434331706236E-01  -7.0915724741994292E-01   1.6036569084768094E-02
  -6.5578058338409883E-01  -7.3492698174082722E-01  -1.7272567257280715E-01   1.2232882204687345E-02
   6.6606423642208687E-01  -5.5174192688851775E-01  -5.0193553278564371E-01   1.5919708547375178E-02
  -8.6127134801727542E-01   3.9767202850778220E-01   3.1633624962531703E-01   1.5021505296531911E-02
  -6.5751966293406196E-01   7.4864624136683595E-01   8.4833355128667644E-02   1.5071926593255486E-02
   1.5635041962162516E-01   4.8511483479556316E-01   8.6035931060540935E-01   1.5981986193259349E-02
  -2.2429349724349028E-01   3.7874252701823394E-01   8.9791231494067762E-01   1.5934157861766440E-02
   9.8519431034136299E-01   1.6333405961552056E-01   5.2097560792417212E-02   1.5658427183949028E-02
   1.5863668623709045E-01  -2.0306046090405800E-02  -9.8712819140772651E-01   1.8204959961669553E-02
   1.3067251285072467E-01   9.2466142417109118E-01   3.5766736646661865E-01   1.7251300465056129E-02
  -5.9689776015105184E-02  -8.1349036366793576E-01   5.7850718133716920E-01   1.6038207234408488E-02
   7.8154038410478490E-01  -6.0329793475386486E-01  -1.5882767370665240E-01   1.7505513929062312E-02
   4.7308748516631959E-01  -7.0590004659518914E-01  -5.2715591203733760E-01   1.6355714189622960E-02
   6.4042696737194306E-01   7.5787285566845996E-01  -1.2442682228406329E-01   1.6417506718332804E-02
  -9.0357589865363276E-01   2.4825894345215488E-01  -3.4916771381142854E-01   1.6350613249740641E-02
  -3.2935529585079019E-01   3.0083108830635350E-01   8.9500041642641328E-01   1.5302103359054120E-02
  -1.4811632035883670E-01   9.6674025484346408E-01   2.0850619968852819E-01   1.6468664938451595E-02
  -5.9446924946772314E-01  -5.1191998207575686E-01  -6.2011631440306311E-01   1.6853640408024328E-02
   4.4736434920362242E-01   7.8188284123992009E-01   4.3419392169422312E-01   1.4048182717028272E-02
   1.3485878205701919E-01   7.5303141351136186E-01   6.4401614821926465E-01   1.6281929279396363E-02
  -5.3516032492108003E-01   5.7543662468063310E-01  -6.1844653577049344E-01   1.4803271255530376E-02
   6.2569742291382492E-01   7.1273882476248253E-01   3.1702697461760767E-01   1.5544742757158617E-02
  -9.6631127815865482E-01  -9.6374752589013894E-02   2.3865125343645905E-01   1.5105022026941865E-02
  -8.7910771684615625E-01  -3.4631308639859863E-01   3.2747040838923897E-01   1.5901298886184232E-02
   7.9788112289096160E-01   3.2727109052211327E-01   5.0624040439570316E-01   1.5833322241989565E-02
   3.0858858693805624E-01  -9.1303491930167250E-01  -2.6672142798688329E-01   1.5816302957927613E-02
  -4.7474771124193324E-01  -8.7663445382529268E-01   7.8272888262647191E-02   1.6057636091520377E-02
  -2.8402243896858699E-04   8.1752506133650708E-01  -5.7589295308936927E-01   1.6603842001215074E-02
  -2.1340124569778780E-01  -9.6704447483962372E-01  -1.3887005442783093E-01   1.6379133271678874E-02
  -3.8445030687932062E-01  -7.3566475831661160E-01   5.5766954812985582E-01   1.5973395651974360E-02
   6.0285414514736235E-01   3.6345099654060519E-01   7.1026069354307086E-01   1.5539168436822146E-02
  -4.5781739970657477E-01   6.7770978432786579E-01  -5.7542391048008090E-01   1.6021265875335084E-02
  -3.2800048441456386E-01   8.1685973096178177E-01   4.7450591372169101E-01   1.5037658319280236E-02
   2.2911065568604889E-01   7.6401033980265120E-01  -6.0315545933510890E-01   1.8914603421248665E-02
  -6.4572718210289110E-01  -4.5750683847950712E-02   7.6219635345552827E-01   1.8290948501008339E-02
   9.1387124869131266E-01   3.4234663047645392E-01   2.1826159858481615E-01   1.5965780526048534E-02
  -8.8977810941372137E-01  -3.4821510325393778E-01  -2.9502738495602947E-01   1.6146326397640824E-02
  -9.0319328021534932E-01  -1.3881777743669958E-02   4.2900955096654076E-01   1.6059640802986026E-02
  -6.9129581163026907E-01  -4.6284188624632118E-01  -5.5487610252956018E-01   1.4856655597347900E-02
  -9.2320710086997408E-01  -3.2574341650091822E-01   2.0391144035969839E-01   1.5517530424464389E-02
   3.8757483385540005E-01   7.4828073591248509E-01   5.3838804632367978E-01   1.4766246271594507E-02
   5.7120955330053355E-01   2.8454432308985699E-02   8.2031091148428476E-01   1.6761680581864291E-02
  -6.0025283150307506E-01  -1.7890727802201977E-01   7.7954392059927748E-01   1.6782115938584214E-02
  -8.3336775556649183E-01  -8.0520458384945730E-03   5.5266024693285356E-01   1.5163611833935989E-02
  -9.8218798612962263E-01  -1.5282697695156064E-01  -1.0931914296445743E-01   1.5323985179525559E-02
   8.0131342762867170E-01   4.2604203931021338E-01   4.1998210847890220E-01   1.6444472375391483E-02
  -1.1373709878567270E-01   9.5357026159614335E-01  -2.7886847896325726E-01   1.8704370477782328E-02
  -6.8172276338711430E-01  -5.4905692299573694E-01   4.8351894398284951E-01   1.5291027728919274E-02
   8.2935341449132256E-01   5.0103728663851141E-01  -2.4725402174586150E-01   1.6180864339003841E-02
  -3.3111034612872654E-01  -7.3815360806287770E-01  -5.8778838844457492E-01   1.5637840818294053E-02
   9.9554212069922414E-01   1.5124079779558964E-02   9.3097519432652173E-02   1.8648040367462165E-02
   5.0400766494960338E-01  -5.4584978500440852E-01  -6.6934616297002058E-01   1.5689895199482773E-02
   1.7036044035185335E-03  -9.1824499370926115E-01   3.9600912774823164E-01   1.1831674944639205E-02
  -9.1373798192642574E-01   3.5246374967841016E-01   2.0211928544218107E-01   1.6053043515906826E-02
   1.8658754339802069E-01  -1.6681101098229915E-01   9.6817311223962168E-01   1.4098990762473859E-02
  -2.8045874615884560E-01  -6.0699974880983056E-02   9.5794488607250052E-01   1.8155091648496249E-02
  -3.9060485527687447E-01  -1.4426639880490263E-01   9.0918372907240083E-01   1.7204597027569372E-02
   5.4526386366916277E-01  -8.1228166327428077E-01   2.0708891444243082E-01   1.9025948730065067E-02
   9.5745888892036887E-01   2.4839254081064887E-01   1.4687961634278319E-01   1.5828348177692057E-02
   7.2378303284392417E-01  -4.3278272330301268E-01  -5.3743579688896687E-01   1.5949985847351511E-02
  -6.2410243250362231E-01   4.5424818208089501E-01   6.3573165944387550E-01   1.4604151413948316E-02
  -5.2831198574027675E-02  -2.3676893445518927E-01   9.7012851526701648E-01   1.6349054745252702E-02
   1.1852126015515058E-01   1.2613158629980889E-01  -9.8490788088466878E-01   1.7340909676722848E-02
   8.7913901769227891E-01  -1.1697831094059543E-01  -4.6198556507810923E-01   1.5256504059473776E-02
   5.2535413550248710E-01   5.7588443898809700E-01  -6.2638657811434566E-01   1.6380616870827084E-02
   5.9655978846467201E-02  -6.9374254302967566E-01  -7.1774817880548358E-01   1.6558735100388622E-02
   6.3482727982715241E-02   8.8150691179557707E-01   4.6788407507041469E-01   1.5321292876311809E-02
  -6.0740409623380626E-02  -7.2975182933873430E-01  -6.8100871522731241E-01   1.5435353981608410E-02
   4.9111057869221621E-01   7.0599594898112609E-02  -8.6823159162565541E-01   1.7156509957031714E-02
  -8.6456898501086456E-02   6.6926845232799010E-01  -7.3797353842808588E-01   1.5274953182657533E-02
  -1.4007296829485755E-01  -9.6074580870011700E-01  -2.3947245064563515E-01   1.2873796540505644E-02
   1.2085737716965605E-01   7.5195314156987391E-02   9.8981774035046647E-01   1.4766275534316277E-02
   3.7332054218527357E-01   8.1083061086195549E-02  -9.2415221148217003E-01   1.5857597716927525E-02
   2.3927050583524609E-01  -1.4513921024416709E-01  -9.6004387123039585E-01   1.5955755257347155E-02
  -6.3199518598330666E-01   6.5241152889445785E-01   4.1825982577761591E-01   1.5962877184671886E-02
  -1.8377288121753700E-01  -2.8616796271241407E-01   9.4039110227927587E-01   1.6641824035382299E-02
   1.4066995116661935E-01   9.4891529561078122E-01  -2.8243889001815020E-01   1.5971005010691023E-02
  -3.8366609888535702E-01  -4.6231302488348253E-01   7.9941665706262075E-01   1.6317908164160712E-02
  -2.7479391642574126E-01  -2.2151463945075549E-01  -9.3563858834723383E-01   1.5931129175693572E-02
   5.8267239568640230E-01   7.8286274464807483E-01   2.1821732824675406E-01   1.5867182436360649E-02
  -3.7067282125041414E-01   3.2731941322197046E-01  -8.6917412600369292E-01   1.5559542523545585E-02
  -8.3085506021013948E-01   5.4014910494082108E-01  -1.3386117194629445E-01   1.7195701405406264E-02
   2.0620441491723076E-01   9.4991937083679651E-01   2.3480402078684083E-01   1.5983851448293327E-02
   3.3726975822885325E-01   7.0242137822310404E-01  -6.2678011902054278E-01   1.2885971437131262E-02
   1.3747356182652525E-01  -9.7214348244611308E-01   1.8983695461177310E-01   1.6305206878576708E-02
  -7.4880412883581666E-01  -2.2299444436067688E-01   6.2415210840203574E-01   1.3223474789489264E-02
   3.6156291389649606E-01  -1.3995129573486220E-01  -9.2178408215634100E-01   1.5869600593307231E-02
   6.1232997123869816E-01   5.9335829134101114E-01   5.2247291261814785E-01   1.5777968979668126E-02
  -2.0164712761511163E-01   9.6233741452130168E-01  -1.8233248897832613E-01   1.3667253851007079E-02
  -4.0940293764400887E-01  -9.1198346327854959E-01  -2.5988408087414800E-02   1.6535737924520943E-02
   9.6659755819824884E-01  -3.1473290411613086E-02  -2.5435918005027686E-01   1.4999024051088635E-02
  -1.4084883556831792E-01  -5.4798936121856280E-01  -8.2454185188522757E-01   1.4851767267922497E-02
   9.5733822038261724E-01   2.0122528841252673E-01  -2.0739314139560818E-01   1.4073417162579248E-02
  -8.3526477932292380E-01  -5.2837588398429335E-01   1.5215674039109834E-01   1.4648421401534015E-02
   5.2473532539326415E-01  -7.7214152516950740E-01   3.5839964201060814E-01   1.6163658109412201E-02
  -6.6266573914708200E-01  -2.7504783317288521E-01   6.9657936204538239E-01   1.6865109693554948E-02
  -3.4265169867085392E-01  -9.3540419008758224E-01   8.7228519215750637E-02   1.6095781957724621E-02
   6.9522168947811131E-01   8.7195695354224191E-02  -7.1348700982631356E-01   1.6648696391387652E-02
   7.9052062327510688E-02  -9.8595527771261792E-01  -1.4711547094850965E-01   1.5106525867318709E-02
   2.0522713583448615E-01   2.7366453511954471E-01   9.3967523375631056E-01   1.3194047453117423E-02
  -8.6904582989011984E-01   4.9425951460500989E-01  -2.1607354604689690E-02   1.5524178713105394E-02
   3.8195387379423664E-01  -6.0310787230867868E-01   7.0026575858946218E-01   1.8456845884274223E-02
   1.0782325957552627E-01   7.7024955676736972E-01  -6.2856166363705243E-01   1.2407378388320815E-02
  -7.9390127519962998E-01   6.0752555688264555E-01  -2.5168690288388635E-02   1.5290541326503516E-02
  -7.1935479880640933E-01   1.2721130387273793E-01   6.8289527572036137E-01   1.4676882251149629E-02
  -5.2411887572297564E-01   4.5107796053561362E-01   7.2237668679845654E-01   1.8366092626411141E-02
  -5.5131549757613038E-01   2.2942178234694887E-02   8.3398134187176591E-01   1.6360147878786486E-02
  -3.8260692376122795E-01   4.7255031302036867E-01  -7.9391948178283255E-01   1.8091880015894579E-02
   5.7961634386521794E-01  -8.1143232507842952E-01   7.4983169725819838E-02   1.7298152521789980E-02
   2.5959890211565044E-01  -8.7464155805853298E-01   4.0940268066695741E-01   1.6165695895830674E-02
   4.4419176344822739E-01   5.8200114083611023E-01   6.8115222186396797E-01   1.5744272015445699E-02
  -1.9556598077039478E-01   9.0710036557437856E-01  -3.7272358919196730E-01   1.6835024668019091E-02
  -1.3737502815896751E-01   2.4012402979628273E-01  -9.6097271134653805E-01   1.5796826260883040E-02
  -4.1348827254860545E-01   9.1011724344012616E-01  -2.6721745035015755E-02   1.6548358423125679E-02
   8.8740664676390643E-01   4.3624456949494581E-01  -1.4899704314317432E-01   1.5280515384170715E-02
   4.4306606539502144E-01   2.6217060614415110E-01   8.5729751835018337E-01   1.5594281429747396E-02
   9.8197092928104972E-01  -1.7723509013631644E-01  -6.5732920757282746E-02   1.5750914503678979E-02
   3.6121721658579097E-01   5.6415088781522753E-03   9.3246463515759749E-01   1.6093980736725985E-02
  -7.1837031196467879E-01  -5.9161708027064321E-01   3.6596902221336913E-01   1.5098567016313698E-02
  -8.4300894424827959E-01   4.7145866873505761E-01  -2.5896456049422669E-01   1.6437866171207886E-02
  -6.3111721465992580E-01   5.6462202897240807E-01   5.3187688966430801E-01   1.7315184507650059E-02
  -2.1079790950625083E-01   7.0124288799421874E-01  -6.8104526529836615E-01   1.7771614489587417E-02
   7.5144191883898026E-01   6.5318773441728419E-01   9.3170951580451486E-02   1.7121729893379851E-02
  -4.3910130934122637E-01  -2.7253679111306738E-02   8.9802409606297235E-01   1.6246350780655363E-02
   8.2530797880304547E-03   7.2706196693241507E-01  -6.8652223774207064E-01   1.7047307619616081E-02
   3.2083459923343218E-01   2.1087827982015627E-01  -9.2336098630753014E-01   1.6870447744423513E-02
  -3.3485017817440825E-01  -8.8033317948600480E-01   3.3598936184443251E-01   1.8619259451660122E-02
   9.0115489562146571E-01  -1.6781255908041272E-01   3.9969838517605765E-01   1.7397771454307275E-02
  -2.8248586450972323E-01  -9.3842636053803403E-01   1.9889118180435730E-01   1.6038841237872123E-02
  -3.1171482043394691E-01  -5.7119300314448615E-01   7.5932366213665130E-01   1.7439509952045197E-02
   4.2351049039836530E-01   4.1862509596125230E-01  -8.0336286543128725E-01   1.6322696462208067E-02
   2.3520678601793556E-01   1.5740624285771396E-01   9.5911471812319266E-01   1.6966136313980515E-02
   8.7209469781294970E-01  -2.3957496612492641E-01  -4.2667865385179561E-01   1.8783973466011662E-02
   8.4355482040038509E-01  -1.1728320001192258E-03   5.3704179487668710E-01   1.4949619507981156E-02
   6.2990052850466859E-01   1.4100161131024513E-01   7.6376951352973874E-01   1.6006571672959452E-02
   8.4703326920944395E-01   2.1570845927002020E-01   4.8580294508341115E-01   1.6899678801567095E-02
  -2.7362169668023246E-01   4.1345595629675919E-01  -8.6843844877375335E-01   1.5735603690042601E-02
   2.0814638847610602E-02   8.8638901957344167E-01  -4.6247297952342742E-01   1.5945340193316868E-02
  -1.7851663625719527E-01  -5.5661252014285658E-01   8.1136570854309244E-01   1.7748628209016718E-02
  -2.0527367424425952E-01   5.0583518423243791E-01   8.3785051474281342E-01   1.5302658063302352E-02
   3.3262394093319311E-01   9.1318536353295591E-01   2.3548631753725062E-01   1.5770283666383932E-02
  -9.8703455085655953E-01  -3.2353235027905000E-02  -1.5721343326388863E-01   1.6153351220210938E-02
   2.7814632335552120E-01   9.5296606305032138E-01   1.2037568474645035E-01   1.6618773107455919E-02
   6.7744682426473454E-01   9.5578983862988344E-03   7.3550965110735502E-01   1.6373923296405314E-02
  -9.0583137301101253E-01   4.1583282254097699E-01   8.0948053507099153E-02   1.5729496661970072E-02
   5.4409052322059299E-01   7.0747507096978958E-01   4.5104825295951727E-01   1.8129332090924926E-02
  -1.0143935556497321E-01  -8.8803501883613797E-01   4.4844605301336235E-01   1.8147368331418480E-02
   4.7832797431790012E-01   7.5196250317895714E-01  -4.5360196516083464E-01   1.4727275498462148E-02
   2.4506944306187130E-01   9.4497892489760175E-02  -9.6488917311385460E-01   1.6211308213193154E-02
   4.9098281074812124E-01   3.8124634476908951E-01   7.8331800959130450E-01   1.6037498782771029E-02
   6.5923712451930418E-02  -1.8752686636605094E-01   9.8004476353250549E-01   1.6415021856732856E-02
  -6.3784497267843764E-01   8.8537690650239753E-02   7.6505873510676645E-01   1.4957275087187252E-02
   6.9983538883685012E-01  -6.1711803519167531E-01   3.5971622033589363E-01   1.5280193635054192E-02
   3.9905891482948124E-01  -3.9065939422053848E-01   8.2954036683114988E-01   1.3843470421877381E-02
   3.7882301372535653E-01  -7.9825072399911976E-01  -4.6828293360629675E-01   1.5104505673409828E-02
   9.7399778263716836E-01  -1.2758666580961344E-01   1.8721635111673727E-01   1.7676091353511420E-02
   2.3630522938014304E-01   6.7990962977056765E-01   6.9417773942474383E-01   1.5368614271796197E-02
  -1.6071186524126456E-01   9.8370415667625916E-01   8.0609109339598354E-02   1.5416906360897256E-02
  -1.5670079608224673E-01  -9.1908428853212367E-01  -3.6156456004507702E-01   1.6396348379346763E-02
  -2.6854363525912150E-01   5.2230670623233175E-01  -8.0937013818558227E-01   1.4551263282631445E-02
  -1.1209057800108590E-01   7.7083728493324246E-01  -6.2709296159351808E-01   1.5452439299081577E-02
  -2.6411584995046939E-01   9.5178661528031156E-01   1.5602902543497934E-01   1.6747966299018708E-02
   5.7902791340812118E-01  -6.7258667489767178E-01  -4.6081866308161920E-01   1.4630695874345702E-02
  -1.7452244809765373E-01  -1.5383330325802024E-01   9.7256219848332978E-01   1.6040542072254481E-02
  -4.3374291169945085E-01   8.0401071425780408E-01   4.0673561180346355E-01   1.3101085073632143E-02
   9.0833714005302024E-01  -3.4604928570312059E-01   2.3489046780288895E-01   1.6539242598814154E-02
   6.3707487894680898E-01   7.6405824002461191E-01   1.0173792048887893E-01   1.5953855671470198E-02
   2.6039272288374810E-01   9.0176469848791231E-01  -3.4498704095979038E-01   1.5617955347375485E-02
   2.5707018733899995E-01   9.4040075369081037E-01  -2.2262376611504723E-01   1.6356470840861989E-02
   8.0571277826853791E-01   1.0589874250556534E-01   5.8276270923123902E-01   1.5326278776535766E-02
   9.5630700476742287E-01  -2.4675654538552795E-01   1.5680599459893120E-01   1.4638636615075455E-02
   1.8321880370822841E-02  -4.0282560852637754E-01  -9.1509334923549250E-01   1.4939215127051976E-02
  -8.0188658002652584E-01   7.2941542502858585E-03  -5.9743176019285701E-01   1.4835106273246565E-02
  -5.5708460791328127E-01   1.4448684728494162E-01  -8.1778988168585424E-01   1.5444453683134467E-02
   1.0419413814588867E-01  -7.1150338466911122E-01   6.9491475389462999E-01   1.5826900204953346E-02
   3.7973033219348417E-01  -5.6831176792701008E-01  -7.2994973063074848E-01   1.7602797128497229E-02
  -8.9456796506196880E-01   4.2453585084480325E-01  -1.3970492916274426E-01   1.5029224410001608E-02
   6.3187040235652967E-01  -7.1784837267160996E-01   2.9229011012779526E-01   1.7345047269693127E-02
  -6.1982649717086149E-02   9.9807127781058326E-01   3.4460910606534471E-03   1.5948264842079944E-02
  -2.4178170764322217E-01   1.4927284631613058E-01  -9.5878007029861045E-01   1.5432440009050192E-02
   5.6511020095694020E-01  -7.1038291409826159E-02  -8.2195135009803301E-01   1.8028944987598512E-02
   3.4973738940976724E-01  -4.9562245974980276E-01   7.9501077718506181E-01   1.5612006213432010E-02
  -9.5818037610380653E-02   8.7076769758302514E-01   4.8226810024555106E-01   1.8577806200726232E-02
   7.5408880051211166E-01  -5.0399628137962837E-01  -4.2111498346379336E-01   1.5254025294116619E-02
  -3.4065470221614493E-02   9.6423660417641539E-01   2.6284465926648632E-01   1.3085655717239370E-02
   7.2325815410148228E-01   1.2836179623036782E-01   6.7854321291589814E-01   1.6811817748589357E-02
  -5.6417699302834778E-01  -3.1858894260770687E-01   7.6171215441634831E-01   1.5226640343229629E-02
  -1.4687153031148534E-01  -9.6773331445379788E-01   2.0474614936606041E-01   1.5979933889493764E-02
   6.0832024803578823E-02  -9.9506354075121183E-01   7.8409276402464724E-02   1.6324708327203431E-02
   4.2755442617348036E-01  -8.8406227061278350E-01  -1.8876205746504165E-01   1.9380153827666749E-02
   9.9926147146794104E-02  -1.4968276746182986E-01  -9.8367160894343435E-01   1.4830531612580073E-02
   8.0928653514980393E-01  -3.6892933748556084E-01  -4.5710660459863250E-01   1.8604392242912389E-02
  -4.6908459705547853E-01   3.6711179074520505E-01  -8.0323631261363441E-01   1.6879474712669020E-02
   5.3990611158717545E-01  -8.2703255757888385E-01  -1.5658396908798335E-01   1.3817983529785959E-02
   6.5703697505145308E-01   7.1175493893691967E-01  -2.4840958176797021E-01   1.6435865637361990E-02
   4.3057788222956432E-01  -3.0028692127368241E-02  -9.0205374838965273E-01   1.5313838153251786E-02
  -6.5315853384397151E-01   1.5863574087469823E-01  -7.4041787619149843E-01   1.3415057946797388E-02
  -4.3102685520839090E-02  -1.1640026535914143E-01   9.9226666613628271E-01   1.4641238295481809E-02
   2.6308441400826132E-01  -9.6398876639112902E-01  -3.8887650708659059E-02   1.6888729981521334E-02
   3.4806203933922139E-01   7.7570470879299913E-01  -5.2643615142521396E-01   1.6001386142524602E-02
  -5.6102744522858607E-01  -5.1398581571194954E-01   6.4889659187516741E-01   1.6831062213451688E-02
   9.8353824009175401E-01  -1.6901925150437769E-01   6.3914183857068538E-02   1.6550900317656116E-02
