841
   0.0000000000000000E+00   0.0000000000000000E+00   1.0000000000000000E+00   1.5086803745713937E-02
   9.7711428128007753E-01   0.0000000000000000E+00  -2.1271502372544724E-01   1.5324520367712822E-02
  -5.3659120787707559E-01   2.2372658279591993E-01   8.1364383595003140E-01   1.7314198300747536E-02
   3.9977924724378472E-03   6.3921525759912257E-01  -7.6901747191324246E-01   1.4966672144117723E-02
  -9.4750920541862644E-01   1.9548937897404821E-01   2.5300238804269028E-01   1.6047583365817772E-02
   5.0914656800942080E-01  -4.6683527629013293E-01  -7.2307302334919363E-01   1.5553727605692962E-02
  -5.0440584654953025E-01  -7.6771532857453364E-01  -3.9520616928174039E-01   1.3866635577646604E-02
   1.6088982546395814E-01  -6.8713524777700483E-01   7.0849108344749920E-01   1.6676115547785420E-02
  -8.9671540820153286E-01   2.3127817961163388E-01   3.7737498635904219E-01   1.5918842209812077E-02
  -7.5338376285310993E-01   5.9152327357487575E-01   2.8725097508720809E-01   1.5351744853168928E-02
   1.2474615411441936E-01   5.9656121876359256E-01   7.9281341392597460E-01   1.4098433455188508E-02
   1.4975652971906195E-01   3.6832778149787759E-01  -9.1755524475824082E-01   1.4648832780640202E-02
  -8.6303660596055476E-01  -1.9708106970911686E-01   4.6510952337529732E-01   1.7118486036397180E-02
  -4.9538127951491422E-01  -8.2526450363432353E-01   2.7117501165734299E-01   1.3859515209144524E-02
  -9.1598145922228049E-01  -3.6750071854086923E-01   1.6100058457336816E-01   1.6076455004230255E-02
  -9.8435654783854751E-01  -1.7586583238128410E-01  -1.0648743034532797E-02   1.3896019173752117E-02
  -2.7974622124482043E-01   9.3413879264937574E-01   2.2164559045198846E-01   1.5617279079826525E-02
  -4.3757732786249441E-01   6.0375933581569052E-01   6.6633381015532702E-01   1.7664990062290484E-02
  -3.4336836092952936E-01  -3.4733183723155441E-01  -8.7261604589757660E-01   1.5019398886787827E-02
  -2.8395965372812269E-01  -1.6365118357323684E-02  -9.5869656198181676E-01   1.5632598888922300E-02
  -5.2308013959338853E-02  -7.8623527163096263E-01   6.1570932209851756E-01   1.6945653859002372E-02
   3.7784018773614427E-01  -8.9273140504165873E-01   2.4549425855579869E-01   1.3927736683655718E-02
  -3.4735210448619087E-01  -1.1318856923376428E-01  -9.3087854379818396E-01   1.2557992065684720E-02
   8.9472789020290993E-01  -1.2671680334601527E-01   4.2825792957377553E-01   1.4984041206318455E-02
   6.7985594717460582E-01   1.9444823135367603E-01   7.0709672352143373E-01   1.4571725695696118E-02
   4.0095189706419525E-01  -5.1754743482535490E-01  -7.5589829272615638E-01   1.4710522304661091E-02
  -7.7377931158913968E-01   2.7029568464847618E-02   6.3287832905325594E-01   1.4301525039191665E-02
   5.2412855512925596E-01  -6.6960826365949790E-02   8.4900265337071108E-01   1.5231428722125364E-02
  -3.8175292593249207E-01   4.2299917416602630E-01   8.2178853861370023E-01   1.5483881317849821E-02
  -6.2167016669813986E-01   7.1202607539611957E-01  -3.2641242591774362E-01   1.4112205163052045E-02
  -3.0038578606824369E-01   6.4266736353491520E-01  -7.0480283723552395E-01   1.3158483876388185E-02
   8.4524700206759960E-01   6.3329846054235128E-02   5.3060987184039679E-01   1.4330517961760179E-02
  -8.1793986074842699E-01   5.7031562604350130E-01   7.5594119410527396E-02   1.6254074723112588E-02
   7.1339290900327548E-01   2.9654064191919112E-02  -7.0013655372416173E-01   1.6044057707625305E-02
  -2.2215856620437262E-01   9.4920043067144597E-01  -2.2285446792729764E-01   1.5645276645006123E-02
   6.9193364742255081E-01   7.2101059938696457E-01   3.7034350759467820E-02   1.4134286194625343E-02
  -4.9136495251157735E-01   1.0005269067450722E-01  -8.6518780766495240E-01   1.4984891257612865E-02
  -5.5954203906577948E-01  -4.3546911886093307E-01   7.0518036915146212E-01   1.1602223937610774E-02
   2.5888124957044560E-01   1.2157254172439105E-01  -9.5822785167178051E-01   1.4378891376104184E-02
   5.9009947157976832E-03   9.9971119717808730E-01   2.3295933081107894E-02   1.4321993692787278E-02
  -9.5186520752559716E-01   3.0033717303108571E-01  -6.1238951639848587E-02   1.3339463637260143E-02
   2.5848665419770582E-02   8.8734700306032099E-01   4.6037717434282470E-01   1.7252162161436679E-02
  -5.8566820088762110E-01  -8.0751388809396190E-01  -7.0100492183930267E-02   1.4292047157794325E-02
   6.3296251119900422E-01  -7.0050553967896336E-01  -3.2962167449325088E-01   1.6085163605682591E-02
  -5.8871167514441520E-01   3.1038117262915104E-01   7.4637932127438367E-01   1.2433788884526216E-02
  -8.3132051788171424E-01  -5.4087000103595360E-01  -1.2792903708011694E-01   1.4245680265396821E-02
   3.6051429381016602E-01  -9.2798702945292710E-01  -9.4178113835908750E-02   1.5146846218252894E-02
   7.4652325122827321E-01   2.4818540188679163E-01   6.1733867663208999E-01   1.4399198124105405E-02
  -2.8089709494517724E-01  -2.5829311283620751E-01  -9.2432758798639263E-01   1.3172254195177024E-02
   9.5415180256376964E-02   4.8681825699293029E-01   8.6827641223000427E-01   1.5611039636890491E-02
   5.5903108324283446E-02  -9.2851259264908954E-01   3.6706839658536290E-01   1.3179358252523143E-02
   2.5903335648487138E-01  -9.3461709366837180E-01   2.4370598772099807E-01   1.6127518840687949E-02
   8.3598172526860033E-01   5.2003933069297723E-01   1.7519603177393819E-01   1.5135487395243672E-02
   8.2647904131044410E-01   5.6094408885359313E-01  -4.7687770494976220E-02   1.5172140810584755E-02
  -6.4510458291059454E-02  -8.6761690505416205E-01  -4.9303073619736368E-01   1.6228094031582647E-02
   3.2868970039382055E-01  -8.5716626803317517E-02   9.4054013244756405E-01   1.5282804857128691E-02
  -5.3943542380609122E-01  -1.2486386094545809E-01   8.3271750298221541E-01   1.5484204126428085E-02
  -2.3517926725863574E-01  -2.2096906214246794E-01   9.4650060001437364E-01   1.3705301183805261E-02
  -1.1267439642184454E-01   6.7636046875698526E-01  -7.2790177681731496E-01   1.6564828454376888E-02
  -2.1458405235608393E-01   7.1573746986845688E-01  -6.6458525314721006E-01   1.3379918543704494E-02
   9.7447767228017383E-01  -1.3526703817101029E-02   2.2407653717258902E-01   1.1593427453961767E-02
   3.9759065800332930E-01   3.1562841634333996E-01  -8.6156855296898733E-01   1.4689417321982865E-02
  -3.8127483693783425E-01  -8.8016747112970908E-01   2.8272729171970749E-01   1.5845773580659479E-02
   5.4044205942380961E-01   8.1259262757027653E-01   2.1820999524353897E-01   1.3671562181208454E-02
  -7.5685264912207675E-01   5.2906078799487775E-01  -3.8375610760368840E-01   1.4456266100203936E-02
   8.8924061972689987E-03   5.3453536690527805E-01  -8.4509932353508752E-01   1.3696417305978137E-02
   3.5541816836558859E-01  -2.0664966742269613E-01   9.1157766567075313E-01   1.3845687323111056E-02
  -5.8204207758577988E-01  -6.6377228780132018E-01   4.6971626527791273E-01   1.3512960850271241E-02
  -8.7098507407839172E-01   1.9382536153492467E-01  -4.5146066269223741E-01   1.4864168415491879E-02
   2.3279681406833239E-01  -9.7229320907896710E-01  -2.1249916201209107E-02   1.4956573979925150E-02
  -1.9673236927606412E-01   8.7339643865234393E-01  -4.4550537126776462E-01   1.6277791846702348E-02
   7.8284599189502559E-01  -6.1213987395995959E-01   1.1152097418054709E-01   1.5229595115075631E-02
  -5.5082005467050958E-02  -5.3839964135262477E-01  -8.4088750666488838E-01   1.4614839835970836E-02
  -4.2508088554406829E-02   9.9481577255949425E-01  -9.2383121154826782E-02   1.5293612170536905E-02
   2.8616961314467048E-01  -6.2160262315077226E-01   7.2918936594324286E-01   1.4656411550634201E-02
   4.4593310457016528E-01  -8.9505996405966073E-01  -3.3655587846096462E-03   1.5207203422870541E-02
  -2.5133237485624553E-01   9.6783302269896083E-01  -1.1457640355349066E-02   1.1999947192048117E-02
   8.4589153053954824E-01   4.4866112767207813E-01  -2.8839332703354948E-01   1.4983912940659627E-02
   4.2290388863230337E-03   7.2757549090507743E-01  -6.8601459187420613E-01   1.3515033044939355E-02
   8.3392429240841874E-01   4.0336451457869922E-01   3.7665281481731783E-01   1.6638202233264736E-02
  -5.6249455699716631E-02   9.6581500472082702E-01   2.5305607163155468E-01   1.7998426663603261E-02
  -3.5968929747707219E-01  -4.6546949254048648E-01   8.0867902210614577E-01   1.5749689643350997E-02
  -8.8531481691259195E-01  -3.5687094180854615E-01   2.9809529658769360E-01   1.6652139411561069E-02
  -5.3167800274853043E-01   8.3558519802468929E-01  -1.3826018311637902E-01   1.2940122330096937E-02
  -1.6510032615022386E-01  -2.6533539392570353E-01  -9.4991526518704887E-01   1.1954602768501217E-02
   6.2472907705070018E-01   7.6907281803822958E-01   1.3505769449430387E-01   1.5441298457282677E-02
   1.7112793454064271E-01  -4.8095448289226512E-01   8.5988255907750997E-01   1.4595782782070512E-02
  -6.7741963908806300E-01   5.4859263194210488E-01  -4.9004974926698273E-01   1.5116333376334405E-02
  -7.6859440337214640E-02   9.2034357080253510E-01   3.8348446919463260E-01   1.4271671550868885E-02
  -7.6705702457613780E-01   4.3978997665949722E-01  -4.6712771003039553E-01   1.5520301249236663E-02
  -5.4482279920318035E-01   4.1933152212495441E-01  -7.2617435373385364E-01   1.4435151696714561E-02
  -3.3848131698181163E-01  -9.2558652798588508E-01   1.6946969423850591E-01   1.4329834042826084E-02
  -4.9123554216954428E-01  -2.1623160241722212E-02   8.7075833676775947E-01   1.3990099865754320E-02
   2.9350653625757781E-01  -5.2184703309700726E-01   8.0095542149481087E-01   1.7476379609956965E-02
  -2.6805468099145480E-01  -9.2178496973458977E-01   2.8010561859764810E-01   1.4959207322360824E-02
  -2.0762395332006163E-01  -9.5205993223005834E-01  -2.2466459322698320E-01   1.4129892613915771E-02
   5.1916272185067269E-01   5.0840964743532595E-01   6.8701506434378032E-01   1.5483537603012163E-02
  -6.6716563411022456E-01  -2.9894028390717766E-01  -6.8229372217527997E-01   1.4230530548854303E-02
  -1.2375303339910753E-01   5.3296388691111893E-01   8.3703923562346301E-01   1.4632351388862634E-02
  -7.9826509188646808E-01   2.3499325317652326E-01  -5.5457282122098528E-01   1.6195832027581187E-02
   1.1254853229957260E-02  -9.6406093678961522E-01  -2.6544272157115500E-01   1.5757561485782157E-02
   3.1429902279075654E-01  -8.8338930234804032E-01   3.4761971286136504E-01   1.5036967272688222E-02
  -6.8479416670910753E-02  -9.1805353283741518E-01   3.9049747801637960E-01   1.4863791463897133E-02
   7.1634805946436053E-01  -6.9765654865825244E-01   1.0990805971370841E-02   1.4445402183592058E-02
  -3.8203652174988214E-01   9.1190333141102879E-01   1.4993468648287875E-01   1.4542586308114931E-02
   5.4335005112888375E-01  -4.1911016236755199E-02  -8.3845941383959772E-01   1.5161553809092451E-02
   4.3376463136661618E-01   6.5482370015924660E-01  -6.1891369857609115E-01   1.4251147638405679E-02
  -8.9851528998952226E-02  -1.7722228554865229E-01  -9.8006069416208224E-01   1.4335256810274164E-02
   4.7398454899695110E-01  -1.4317627042315459E-01  -8.6881482658842355E-01   1.4249770168689024E-02
   5.3893505646245687E-01   5.7759933665027106E-01  -6.1312968548013993E-01   1.5728111502979596E-02
  -2.7118001606457023E-01   7.4564228422430565E-01   6.0866984717823769E-01   1.5098724372816649E-02
  -8.4182434085151794E-01   5.1903185308964970E-01  -1.4811385697574542E-01   1.5659930582434911E-02
  -7.5037998972130273E-01   1.4432582994104790E-01  -6.4505807942981797E-01   1.5524486336517311E-02
   2.3890664700878808E-01  -1.0521381642922472E-01  -9.6532567916088077E-01   1.5101855559265513E-02
   5.8155784563271666E-01  -5.1718066106752234E-01  -6.2794477145748573E-01   1.4483345996346973E-02
  -2.5092755639853710E-01  -4.6132602641340821E-01  -8.5100743756648463E-01   1.3793955704956491E-02
  -4.6003307473391777E-01  -1.1617437730124573E-01  -8.8026875680642291E-01   1.4270492466888101E-02
   1.6202914646368898E-01  -2.0902339775492522E-01  -9.6439399359765545E-01   1.5556371116805185E-02
  -4.0113386839841754E-01   1.0049072061483464E-02  -9.1596432014267020E-01   1.8192854247370454E-02
  -8.8132234439098642E-01  -7.9242671048651694E-02   4.6582349056509651E-01   1.1521669620626660E-02
   3.8187740523066331E-01   1.0548933864926038E-01  -9.1817299394266509E-01   1.5537510737427429E-02
   7.9898339828405671E-01   5.2239756269232620E-01   2.9786962879685719E-01   1.5183172248941059E-02
  -9.2639823270195158E-01   1.4861655397062981E-01  -3.4597606034608179E-01   1.4820139659412872E-02
   6.8444245651137239E-01   4.9761409943558750E-01   5.3284024976308553E-01   1.4720636281297727E-02
   8.1442695408689012E-01   2.0957084604038982E-01  -5.4109961832056950E-01   1.5625320024442897E-02
   4.7381923395663197E-01  -4.6091580452265237E-01   7.5036787955907771E-01   1.5154475995732155E-02
  -3.6253098588087229E-01  -5.6667110797563645E-01   7.3990211491920164E-01   1.1517346637656753E-02
   4.3432170585272702E-01   8.4446630852697897E-01  -3.1343469748576713E-01   1.3566838710279252E-02
  -3.3981650793607141E-01  -6.4143741909825005E-01  -6.8781013246004861E-01   1.6157055980652801E-02
   9.6928656042773724E-01   2.4588536263123788E-01  -4.8941003127523119E-03   1.2571874710689723E-02
  -6.9036804632376816E-01  -7.1747376826104716E-01  -9.2862007690964372E-02   1.7440717295167736E-02
   5.4509294198480420E-01  -8.3730502128279820E-01  -4.2355471110158538E-02   1.4781900810759323E-02
   8.2162447988058602E-01  -1.9416290154119364E-01   5.3594214401002400E-01   1.5065416258446040E-02
   9.4326733201477726E-01  -5.4654830592892978E-02  -3.2750509896272813E-01   1.5160651261672049E-02
   1.4420861816779141E-01   1.8360256958171083E-01   9.7236514277771651E-01   1.5259651616217196E-02
   8.8771721650815252E-01  -3.1852729753885627E-01  -3.3241315292510736E-01   1.4589951073006593E-02
  -1.4011650733318383E-01  -9.8856415334715315E-01   5.5751942475360590E-02   1.4497217796147250E-02
  -8.7047921932019161E-01   4.9176553884266543E-01  -2.0798642707939314E-02   1.3769960223171320E-02
  -6.3415769311905361E-02  -6.9135127932460607E-01   7.1973040006575353E-01   1.6936315797401433E-02
  -8.2642602969490060E-01  -4.6545328685395768E-01  -3.1681738462333584E-01   1.1930094922418406E-02
   3.8875263822710643E-01  -2.2791743561384812E-01  -8.9270657486918505E-01   1.3072200964079481E-02
  -1.3525222119076099E-01   9.9041860960563817E-01   2.7889324298013518E-02   1.8365587018050212E-02
   3.2680393107617389E-01   5.6656832687840541E-02   9.4339238598948931E-01   1.4572196365043570E-02
  -3.6332190350474396E-01   7.7001565967059999E-01  -5.2447409687775828E-01   1.3376474286521292E-02
   6.3780808318079094E-01   3.8736443665967402E-01  -6.6569485670281283E-01   1.4606137745886403E-02
   3.0592467728841948E-02  -6.1009485651800945E-01  -7.9173756192852771E-01   1.5406181310403799E-02
  -8.8714440822911307E-01  -3.5466330165094901E-01  -2.9527739739076679E-01   1.5266850521117017E-02
   3.7151417241938600E-01   3.8122393399012253E-01   8.4654919044591459E-01   1.5138790940171294E-02
  -8.5467420351779637E-01  -1.6330708326753360E-02  -5.1890780858141552E-01   1.5755792921368450E-02
  -3.0975260969976444E-01   9.4385953656011665E-01  -1.1481505140314745E-01   1.5443284092071785E-02
  -1.0020334679942644E-01  -8.6010699119917575E-01   5.0017522227764823E-01   1.5728581078572404E-02
  -7.9490348074397543E-02   4.6884455257313977E-01  -8.7969657842093678E-01   1.4136147766433538E-02
   1.3308143793259584E-02  -9.9279430637447348E-01  -1.1908970794827878E-01   1.5942038794135305E-02
   4.8962066389457295E-01   6.1466142073264338E-01   6.1843588459141507E-01   1.3986234689842478E-02
  -6.9192995810106286E-01   8.7187114358896967E-03   7.2191198712388696E-01   1.5352279492969190E-02
   7.7247215743172726E-01   1.2646644960406439E-01   6.2232869379236844E-01   1.5786927336193974E-02
   3.3874558023503702E-01   8.0821415962380367E-01  -4.8170665768164023E-01   1.4528034554031337E-02
  -7.2124644612433517E-01  -6.9032146936238501E-01   5.7094946277004368E-02   1.5000176372223528E-02
   4.2985492164831172E-01   3.2480117880741783E-03   9.0289212907974132E-01   1.4661415127186970E-02
  -6.6572827416351812E-01   3.5308016006583562E-01   6.5737376396320197E-01   1.5359281543545458E-02
  -8.6542745685080469E-01  -4.8657287509577491E-01   1.1950796688832090E-01   1.5897225115006616E-02
   4.0301361091773034E-01  -8.1075720470429715E-01  -4.2456187350623766E-01   1.4472645141014617E-02
   1.8056733635625587E-01  -9.0969250095128125E-01   3.7397191171825996E-01   1.6260808723510496E-02
  -1.0498751204042447E-01   5.7337189951367744E-01  -8.1254063723831020E-01   1.3782462582230863E-02
   2.4155512245117725E-01  -9.5878654609718179E-01  -1.4959773340740599E-01   1.6292591878285361E-02
   2.3797497334193309E-01   9.3132307543881883E-01   2.7569048082602787E-01   1.4576844856935114E-02
   9.9188050940906614E-01   1.2667595911165197E-01   1.1236388990886927E-02   1.5508754124142598E-02
   4.4191593702522862E-01  -8.4510283831802244E-01  -3.0085128763217339E-01   1.6095206768261399E-02
  -9.9302146626975372E-01  -7.6999107075977360E-02  -8.9328075300942373E-02   1.7853474944598410E-02
   4.8024289726092642E-01  -6.2327489575171278E-01   6.1716704704328063E-01   1.3721330303484549E-02
   6.7682800701945816E-01  -4.6284986452021526E-01  -5.7242803200724435E-01   1.5075295331273395E-02
  -9.9432194876503992E-01   7.0402771193743270E-02  -7.9795438543408288E-02   1.5909009587685738E-02
   4.6238055143992360E-01   7.7665361770563219E-01  -4.2780063552414891E-01   1.7334041742541895E-02
   4.2944887747837681E-01   7.3457717750246410E-01   5.2532849906042163E-01   1.6553917897971591E-02
   6.5119356565666822E-01   6.0099603119194898E-01   4.6341203106833611E-01   1.5599232655210247E-02
   3.9745243248698259E-01   5.7550968948018415E-01   7.1471683989157739E-01   1.7760818694749099E-02
  -1.9182174591660690E-01  -3.3028670161136304E-01   9.2418348423470071E-01   1.3005148000086695E-02
  -7.0875791367716525E-01   2.6631523308664322E-01  -6.5325218440201107E-01   1.4362468245137401E-02
  -5.9397814772240878E-03  -7.1088341681886638E-01  -7.0328478348954535E-01   1.4595293545774641E-02
   5.0874835846552466E-01   2.9418440509564366E-01  -8.0909248146127037E-01   1.4987649425292280E-02
   2.1364321012273626E-01   9.7415171779921454E-01  -7.3382623810353884E-02   1.4541194960781080E-02
   3.0030574202232319E-01  -7.7826363697300724E-01   5.5147273067121736E-01   1.6457620387267069E-02
  -6.1865010126788080E-01  -7.4268178014455017E-01   2.5631196937045826E-01   1.5155795938753069E-02
  -8.1972679628130898E-01  -1.0153718471480142E-01   5.6368269405630471E-01   1.5877189446383162E-02
  -6.3912989677957865E-01  -5.0989713970659132E-01  -5.7577589560658229E-01   1.4978382668493904E-02
   1.9622606106050817E-01   2.5457579393465117E-01  -9.4693531885932938E-01   1.5379935667439401E-02
   1.2009525538653980E-02  -2.0671772466275957E-01   9.7832691550758639E-01   1.3550918932893066E-02
  -5.1663305670862041E-01   5.9474947362461128E-01  -6.1592479113862204E-01   1.2269059000508029E-02
   8.6578708966887969E-01  -2.5295863013867064E-01  -4.3176920548026381E-01   1.4360747384271979E-02
   7.5988089352186989E-01   4.3618663245320031E-01  -4.8199818394838507E-01   1.3703501256679320E-02
   8.4575033357659990E-01  -4.4948055465347672E-01  -2.8753017970897062E-01   1.4627842345844080E-02
  -8.0030018914435583E-01   5.9768013576254617E-01  -4.7938111877426302E-02   1.5305034924592984E-02
   9.0102497760311557E-01  -3.8271089150474328E-01   2.0417238613228239E-01   1.4014081241804730E-02
   2.1758492367861968E-01   4.1358174516211204E-01   8.8408536977852474E-01   1.6422693457263415E-02
   1.2758509620195309E-01  -9.9038765959105106E-01   5.3425901554384243E-02   1.4670821061088722E-02
  -5.8645728084392035E-02   9.8988562243476128E-01   1.2917868661043441E-01   1.3014987917047935E-02
  -1.1326590658331672E-01  -2.3613869224632418E-01   9.6509551466684123E-01   1.6865168346686077E-02
   5.7103055471583541E-01  -8.0655754769803618E-01  -1.5293471755051322E-01   1.3727417001453068E-02
   8.9969399273710451E-01   3.0897729017401536E-01   3.0835653647926629E-01   1.6615923588437996E-02
  -7.7320408240039287E-01  -2.0680410398071993E-01   5.9948937399765336E-01   1.3263672744696815E-02
  -5.6760608212099495E-01  -6.1046032751337442E-01  -5.5241426852636426E-01   1.3887714906649684E-02
  -3.0663177101039585E-01  -5.4640911111066872E-01  -7.7936771828340259E-01   1.4988533307861691E-02
   3.5403245685525442E-01  -9.0980982836752951E-01  -2.1658046010404282E-01   1.4701241843489314E-02
  -9.2168254950939659E-01   3.8750637650917312E-01   1.8441423334159712E-02   1.5668377643164639E-02
  -3.8796430192896914E-01   3.3831376038203653E-01  -8.5733744812934294E-01   1.4861158140579813E-02
  -6.6221976219273957E-01   1.6935666046509086E-01  -7.2992006967715541E-01   1.5511774766858190E-02
   9.6411987902867011E-01  -1.3443112722593265E-01   2.2891293299966184E-01   1.5158748290244297E-02
   5.4970714216378616E-01  -3.3357387289592353E-01  -7.6586586891918440E-01   1.4538910736736435E-02
   4.2231493172357757E-01   8.9530969733589387E-01  -1.4167090138634732E-01   1.6136507363224077E-02
   8.6300019199126901E-01   2.6212658075512900E-01  -4.3187998828917458E-01   1.5040876687138973E-02
  -1.0218071796569903E-01   8.4560166814492348E-01  -5.2394362264134582E-01   1.3408192035105908E-02
   7.9898208317380259E-01  -2.9207307670909399E-01  -5.2566239035043640E-01   1.4632766109941087E-02
  -1.9548850088274001E-01  -8.9959193876245500E-01   3.9053628478827234E-01   1.5603652767747689E-02
  -2.1103468056966532E-02  -9.6195830437237859E-01   2.7237999978887388E-01   1.5340443530584014E-02
   4.8636007365516063E-01  -2.6517134616652411E-01  -8.3254911922743648E-01   1.4774456170554096E-02
  -6.0809743897686772E-01  -4.2411851015028637E-01  -6.7107450708373362E-01   1.3242761092339475E-02
  -7.5681165227698095E-01  -2.7725596756707316E-01  -5.9191659161256176E-01   1.4597625517181618E-02
  -3.6991344159280368E-01  -7.8706197308299615E-01   4.9365726598083040E-01   1.6132724460251517E-02
  -3.8234924634883072E-01   6.9592374525732339E-01   6.0786445413718777E-01   1.1665870876166082E-02
  -5.7450262753020533E-01   6.6781565462833061E-01   4.7325361318665546E-01   1.4605396655228025E-02
   1.2991454779664791E-01   8.4183951880805044E-01  -5.2385917462980691E-01   1.3134723287387624E-02
  -5.8587395949972443E-01   7.7845936658596662E-01   2.2528363934092268E-01   1.4324874665228291E-02
  -2.0849610292189533E-01  -9.6426077120998155E-01   1.6349477108431949E-01   1.4957145542685217E-02
   3.3418951626887070E-01   6.2535580125755752E-01  -7.0515777599732683E-01   1.5299280344147230E-02
  -8.4771067979759689E-01   1.9981264098986360E-02   5.3008240155857136E-01   1.4599243626295586E-02
  -7.6959540031600371E-01   6.1369192543083431E-01  -1.7636649475862843E-01   1.3805944212863264E-02
   4.3943650721470187E-01   5.5524359006764055E-01  -7.0611621693297852E-01   1.5492342057518798E-02
   2.2009938580161394E-01  -6.8279650229091402E-01  -6.9666720665540582E-01   1.5253062577114751E-02
   3.8770618220825085E-01   2.5571736520750994E-01   8.8560292761984005E-01   1.4287149597233828E-02
   2.5424692597045389E-01  -8.5289190748683659E-01   4.5599769163674519E-01   1.3750926436445123E-02
   6.7106827975036492E-02   2.6225337925933663E-01  -9.6266288944063252E-01   1.5088719322051318E-02
  -1.6217785214924736E-01  -8.0547984311519407E-01  -5.7000049702380018E-01   1.5231646660679557E-02
   6.5256689498849347E-01  -7.5385680580103740E-01  -7.6526883593501580E-02   1.4375610002325172E-02
   5.8065544352816314E-01  -5.7699643086149042E-01   5.7438173253874769E-01   1.5458628437598387E-02
  -8.3591981346335906E-01   2.3758015908249663E-01   4.9476634229676417E-01   1.3611259117713150E-02
  -7.7789360804252459E-01  -6.2740764662855284E-01  -3.5230377781171747E-02   1.6353891698422656E-02
   8.9735521500596072E-01   4.2029505436898349E-01   1.3455736833997323E-01   1.3909665113572482E-02
  -4.8123029692298216E-01   7.6378917141724045E-01   4.3016683153072561E-01   1.4264184375174458E-02
   6.9627854248405949E-01   6.4372448206777841E-02   7.1487927595373719E-01   1.4218406954043516E-02
  -9.5227143209881433E-01   2.1265207577806295E-03  -3.0524514331589296E-01   1.8052659909621374E-02
  -3.9063128889575530E-01   8.6014601743478902E-01  -3.2795735214614834E-01   1.5365422581111597E-02
   9.3421259594645960E-01   3.5399344819784213E-01   4.3993911032987203E-02   1.6549148611100017E-02
   9.4553079171461505E-01   7.6193060697969619E-02  -3.1649034648944490E-01   1.4943054025940601E-02
  -7.6926651142884719E-01   4.4845605035182734E-01   4.5510021456480407E-01   1.3638366874622851E-02
   4.0841465185831716E-02   6.6983357935461125E-01   7.4138718001491233E-01   1.4784511607765740E-02
  -9.7206724734370695E-01   1.9481229293691630E-01   1.3089475605343983E-01   1.4611728499570744E-02
   9.9982854710908615E-01   7.7981850801306045E-03   1.6794781784535850E-02   1.4454193456079194E-02
   6.5652881742223528E-02   3.7885610912984924E-01   9.2312390701028502E-01   1.4815433037934522E-02
  -8.0175700021207597E-01  -3.0027547678879789E-01   5.1674011906391915E-01   1.6713599712420104E-02
  -6.0069718595363755E-01   7.5753125070806142E-02  -7.9587961076370579E-01   1.6320882507305690E-02
  -8.3517785922238001E-01   4.1149683576991540E-01  -3.6489491311344642E-01   1.5237210531917464E-02
   9.3808958797208071E-01  -3.2768935959330188E-01  -1.1228360765358276E-01   1.4460667477921505E-02
  -1.6392394762903413E-01  -7.9921693959227893E-01   5.7825705604209041E-01   1.2038543121459362E-02
  -3.9681927900691045E-01  -2.2350997440319502E-01  -8.9026835906411890E-01   1.7529546918904577E-02
  -6.0558391139561092E-01  -7.7374844643076193E-01  -1.8596093112472623E-01   1.4432466696176103E-02
   8.2903149926556914E-01   1.9286695973127099E-01   5.2488961608084690E-01   1.4519316485320979E-02
  -9.2635632970588695E-01  -3.3571035799216373E-01  -1.7077033100223018E-01   1.3321599034224545E-02
   7.5529215159755525E-01  -9.5519078557629982E-02  -6.4839021535386916E-01   1.6824247841567319E-02
   2.2571125456490400E-01   5.9880914740542242E-01  -7.6842828848652367E-01   1.6072434669800540E-02
  -4.8014830986170844E-01   6.8679975667163120E-01   5.4567728079216664E-01   1.5275221431466117E-02
   5.4424923848673252E-01   8.3193325677424692E-01  -1.0807322832046220E-01   1.4884573274205890E-02
  -3.3045339559628344E-01  -9.4300285277910358E-01  -3.9321406248487008E-02   1.0682985150440318E-02
   4.4055057847812096E-01  -3.8837346944521215E-01  -8.0937088904511629E-01   1.6140944660520296E-02
   5.8177000080294947E-01  -1.7687810705444771E-01  -7.9388777633275822E-01   1.7695416909821596E-02
   1.5230262364472901E-01   8.6523800925550063E-01   4.7766839770965621E-01   1.4651041007593699E-02
   8.6953497476009982E-01   2.5490638918984025E-01   4.2300314469179829E-01   1.5717205678759658E-02
  -7.1715137883259992E-01   6.9222037067325815E-01  -8.0776594775205268E-02   1.6005749569357876E-02
   9.5540472933101714E-01   1.9485757228528058E-01   2.2188359492087844E-01   1.5097096051221346E-02
   3.3524421126951545E-01   8.6560406463480675E-01  -3.7194209508736984E-01   1.3752821067172782E-02
   8.9749000501171725E-01  -4.3120990527893479E-01   9.2572720028093745E-02   1.3829379642377593E-02
   2.6688160379839165E-01  -7.1212669854962414E-01   6.4934565122653352E-01   1.1009599356532842E-02
  -8.2996483468919280E-01   1.1099125020368774E-01  -5.4666197559146470E-01   1.3293224561675219E-02
  -7.4321633253241632E-01  -9.8810253510628669E-02   6.6171445265932505E-01   1.5377836831204849E-02
  -6.9121545673608162E-01   4.5400242597664864E-01  -5.6223037055680987E-01   1.1662181500111952E-02
   5.3751242867385169E-01  -6.7914560659799417E-01   4.9984160897206227E-01   1.4759752381265232E-02
   7.4361321239348310E-01  -2.2023537760202263E-01  -6.3129689434238392E-01   1.5188464975150304E-02
   8.9033238083544894E-01   1.4065294226676350E-01  -4.3304157013799935E-01   1.4765283203002424E-02
   2.7483645643210157E-01  -2.3731722279212515E-01  -9.3174323608066949E-01   1.4386315253345510E-02
  -1.1702397493797647E-01  -1.7298798953136632E-02   9.9297841912324305E-01   1.1444215092470897E-02
   5.0352601371258032E-01   8.3606319620338372E-01  -2.1785289869290385E-01   1.4594599094672855E-02
   3.2289410505822764E-01  -4.3977130616362778E-01  -8.3805763238203550E-01   1.4844592019167770E-02
  -8.7850659263689366E-01   1.2864095138511999E-01   4.6008441868883807E-01   1.5281752237320401E-02
  -2.2226149560962485E-01  -6.4982985550649275E-01  -7.2685692296474933E-01   1.4156046830721680E-02
  -3.1810261591494244E-01  -8.6029816816928601E-01   3.9836890891815507E-01   1.3767395972679624E-02
   9.6649136013393075E-01  -1.3192660981175961E-01  -2.2020404267415321E-01   1.4447192247220149E-02
   8.9859026663549493E-01   1.1160291723065323E-01   4.2435871803647220E-01   1.6945515940623402E-02
   8.9636248861786090E-01  -7.1984318798300420E-03   4.4326343361173688E-01   1.2958287926576872E-02
  -6.0971456373211392E-01   3.0442412179316913E-01  -7.3182928668058613E-01   1.5568919271628556E-02
   5.6689306456107404E-02  -6.5120747762122999E-01   7.5677945507507065E-01   1.4559742229988184E-02
  -5.1028353268154731E-01  -3.5812834634338806E-01   7.8189181081489165E-01   1.7329120537800562E-02
  -1.5037910651420415E-01  -5.4667631699967956E-01   8.2373000962430378E-01   1.3624476462229387E-02
  -4.5225113977387865E-01   2.2468725066878368E-01  -8.6312487275024736E-01   1.5602513381864549E-02
  -9.4706468563177584E-01  -2.5098352299255797E-01   2.0018929146043236E-01   1.3738073707529097E-02
   7.0153782978184527E-01   6.8703005649637996E-01  -1.8929969586758348E-01   1.4900342158109070E-02
   9.3779449489221065E-01   2.7556909242580732E-01  -2.1119460374138415E-01   1.5047106436009683E-02
  -9.3124201975009928E-01   3.2261355926840345E-01   1.6943669032393243E-01   1.6331210255197499E-02
   4.0009413981450637E-01  -9.0736305858504362E-01   1.2890678493114618E-01   1.6287028009972673E-02
  -4.5843077277408382E-01   8.5920201978123369E-01  -2.2718520149341752E-01   1.4173483934906395E-02
  -3.1133366093291714E-03  -9.9932406984519346E-01   3.6629367496532508E-02   1.8281780867306033E-02
  -7.2887177463680839E-01  -4.2098132981736782E-01   5.3992652841195916E-01   1.3255301850176859E-02
  -8.8959110085562738E-01  -2.5111313248253309E-01  -3.8153619484038831E-01   1.3382259576592783E-02
  -3.8183266473087958E-01   1.3364661241564046E-01  -9.1451757726920651E-01   1.2420532676438425E-02
  -8.6140268341026438E-01  -4.5142917501399928E-01   2.3280274259504692E-01   1.0980375984469448E-02
   1.8415660136149036E-01   9.7089969115307202E-01   1.5310171747519561E-01   1.4651050025429246E-02
  -6.0140092265988514E-01   5.1037388400135306E-01  -6.1468319381061036E-01   1.7332857145507123E-02
   6.7776450535669817E-01  -1.6273267119761585E-01  -7.1704487516715352E-01   1.2930067428868171E-02
  -6.7215075742400767E-01   6.9221299525113542E-01   2.6278228345873029E-01   1.5198468984455207E-02
  -4.5853684001658159E-01  -8.7436440518933640E-01   1.5884222765217569E-01   1.4964053342041370E-02
   6.0849481271416073E-02   9.8867132524381063E-01   1.3720915155209825E-01   1.5532936305865594E-02
   2.7952253564979630E-01  -8.3932389061060864E-01  -4.6626447292730724E-01   1.4721932958538664E-02
   9.4267545211128851E-01  -2.5374838280634755E-01   2.1673659176507627E-01   1.4766806952093199E-02
  -8.1140418977996411E-01   5.1710654664591251E-01  -2.7244092978746552E-01   1.5162598377567591E-02
   7.0673958117995781E-01   6.9064658955092293E-01   1.5338335221026044E-01   1.3133965570260588E-02
  -5.7750107032619837E-02  -1.1830723217987638E-01   9.9129628464534143E-01   1.5300287032273571E-02
   8.3815840843690363E-01  -7.0815405848783755E-02   5.4081018912460275E-01   1.5687183736277723E-02
   7.2217190915130205E-01   3.7169769524798300E-01   5.8335971491019247E-01   1.4291035478732239E-02
  -2.1210493608764591E-01  -9.7465885262455618E-01  -7.1074728897401807E-02   1.8008597369656435E-02
   5.3658898213713950E-01  -5.1683521895295028E-01   6.6704843954459907E-01   1.5244134072643433E-02
  -5.8506739317110670E-01   7.7703768192991287E-01  -2.3218222651390303E-01   1.5495931891233088E-02
   1.1423335849108043E-01   7.6768676749186628E-01  -6.3056146950613581E-01   1.6306012288767739E-02
   5.4311816778360029E-01   6.6835404123856224E-01   5.0825734759417607E-01   1.6344354391617539E-02
  -6.6682126608087176E-01   7.3237309847310925E-01   1.3776445018654340E-01   1.5951169678029133E-02
  -4.9651525403142891E-01   8.0826328207893230E-01   3.1651709172981151E-01   1.4538290872074522E-02
  -9.9625541722480193E-01   6.9848669121546356E-02   5.0953970131722945E-02   1.7212757157303789E-02
  -7.2974639380187565E-01  -6.5401530185332843E-01   1.9933435648391741E-01   1.7836701086403426E-02
   1.7110401109279860E-01  -5.8695699047422165E-01   7.9133109930129741E-01   1.4264515279188375E-02
   4.8935454455514327E-01  -7.6248593433078158E-01   4.2325799421977051E-01   1.5269373141605993E-02
   3.3165425519526268E-01  -8.7847988613669052E-01  -3.4391647919828285E-01   1.4675255224139021E-02
   6.5482871602993500E-01  -4.2787872667018139E-01   6.2299209298809810E-01   1.8362370774014114E-02
   9.8641214926381657E-01   7.9645748204038718E-02   1.4369282020253134E-01   1.7460634422481567E-02
  -8.0178517845659911E-01  -5.5693258786748974E-01   2.1671783539556744E-01   1.4588353906513869E-02
  -3.1823378395486079E-01   8.4170885852058124E-01  -4.3618053170419122E-01   1.4229947976573953E-02
  -4.5072393927437542E-01  -6.3891388883149940E-01  -6.2340754986060256E-01   1.4491339955437534E-02
  -9.7719009933262448E-01   8.9862900595309316E-02   1.9241665432829095E-01   1.4348414690187035E-02
   9.4039562528870562E-01  -4.4309164322824888E-02   3.3718357892233897E-01   1.6514373787963375E-02
  -6.6822856614441486E-01   2.3101815171622344E-01   7.0717833462727029E-01   1.4804178644414669E-02
  -3.9592849776159786E-01  -7.0612925378377875E-01   5.8704522961268335E-01   1.3280727687290312E-02
  -4.3826191257919120E-01  -8.1259407096063772E-01   3.8421006210411424E-01   1.5263602162955882E-02
  -2.7098983749369889E-01  -9.6074357329840137E-01   5.9466749877206162E-02   1.5895336098834685E-02
   1.2267800133275291E-01  -9.9004562887179421E-01  -6.8991019276819063E-02   1.4903510845458936E-02
  -8.0282259627779755E-01  -1.3151136724326955E-01  -5.8153300782636776E-01   1.6196040827034168E-02
   1.4635914608937759E-01   9.2137518589071838E-01   3.6006494855905116E-01   1.5107702309772655E-02
  -5.8577655717948565E-01   7.2709072829770660E-01   3.5805711539146827E-01   1.5721069148060041E-02
   8.7005099309329488E-01   4.1909697291656824E-01   2.5955538274044891E-01   1.3986934383753478E-02
  -3.5096688986027398E-01  -2.5565364730426543E-01   9.0081266356653344E-01   1.7276793428292336E-02
   4.7340966128303332E-01   8.8081399393007018E-01  -7.0711173687058455E-03   1.5702997632648690E-02
   1.6369932748944245E-01   6.8808006061327029E-01   7.0692882270136810E-01   1.5685256877915956E-02
   7.3811167990023208E-01  -5.0352886872095484E-01  -4.4905436904616867E-01   1.4949435708385832E-02
   2.0251986465422607E-01  -4.7829287069375797E-01  -8.5453006633117248E-01   1.5474127780731681E-02
  -2.1919800805642158E-01   5.9346524057407475E-01  -7.7443607966987997E-01   1.6242073223757236E-02
   7.8363438531224094E-01   6.1558043336267962E-01   8.3533707072784900E-02   1.7499764330332872E-02
  -1.0180190817411834E-01  -9.8034323067738445E-01  -1.6900746006356313E-01   1.5168718179479967E-02
   5.2664740574133120E-01  -8.4624995549318740E-01   8.0644422334741890E-02   1.4613426074197293E-02
  -2.7726664162008809E-01   3.7246048330685317E-01   8.8566155941168798E-01   1.4599077584113498E-02
   9.5709023138297482E-01  -2.8973135907013132E-01  -5.8334006084378505E-03   1.5163104407863692E-02
  -5.6640338064486802E-02  -3.0793946509815511E-01  -9.4971846246085097E-01   1.7896063729192379E-02
  -6.4974532542422363E-01   3.8793278508498542E-01  -6.5371183739135112E-01   1.5548188156658784E-02
  -2.6173989054474003E-01  -5.4321538391914990E-01   7.9775264109321373E-01   1.5729100450905699E-02
   5.8108154035262940E-01  -2.6696640021587554E-01   7.6881284108500196E-01   1.5869829155215980E-02
  -4.3770890211272642E-01  -8.9628453327777553E-01  -7.1308852313804563E-02   1.6983486023362538E-02
  -5.4996175828514113E-01  -7.5131865970412646E-01   3.6477710455058836E-01   1.5997748123146474E-02
  -9.1444452162177061E-01   1.5485636439191146E-02   4.0441490073933268E-01   1.4982044822396117E-02
  -9.9794635187639784E-01  -5.6503502099358709E-02   3.0173382758594833E-02   1.3281060068996040E-02
  -5.1237672291613698E-01  -8.1319478912661260E-01  -2.7601508790470897E-01   1.5241207523599316E-02
   4.8747339219012762E-01  -8.4837790107699611E-01   2.0645732941903687E-01   1.5077857781371309E-02
  -1.1988064363954989E-01   7.7061953091928572E-01  -6.2591866072702071E-01   1.5918011747314460E-02
   6.5251388566571489E-01  -7.0806020633668867E-01   2.6995624315039684E-01   1.5007532559746652E-02
   5.9022840942482899E-01  -6.6962188719445574E-01  -4.5081809291328581E-01   1.5029902508805031E-02
  -2.9904189236907147E-01  -8.6133609106747233E-01  -4.1069950673568085E-01   1.3866166067408447E-02
   2.0221013686939537E-02   1.3724530665344090E-01   9.9033067023448069E-01   1.5634976809146077E-02
  -9.5927161876444007E-01  -1.3435387933603979E-01   2.4848942943394490E-01   1.3603100599513887E-02
   4.8043736593768376E-01  -3.4691691949683907E-01   8.0549896857642462E-01   1.4420205729720006E-02
  -5.6480495953130045E-01   2.0131180485219469E-01  -8.0029301816022222E-01   1.3897214883320572E-02
  -8.3162730407489054E-01  -3.7674703573782904E-01  -4.0799227710814403E-01   1.8261348351886459E-02
  -2.6433062489663701E-01   9.0300201791004557E-01  -3.3869850367567214E-01   1.4930413212973299E-02
   9.4133753060167500E-01  -3.2008370754492894E-01   1.0691152250825569E-01   1.4360879266301847E-02
   1.0680296496574646E-01  -6.7996450045542423E-01  -7.2542498219659537E-01   1.1332233560793310E-02
  -8.9667830488294662E-01  -4.3400617848790155E-01  -8.7216137191309073E-02   1.4943340139960826E-02
  -8.8314949802902536E-01   4.5635620276123792E-01   1.0856325498263375E-01   1.4855514426293683E-02
  -6.4607203656996512E-01  -5.4196920913853672E-01   5.3745725402871516E-01   1.7690151868318220E-02
   2.2920769162365371E-01   7.9007540224838468E-01  -5.6854612201879373E-01   1.5991137467212568E-02
  -5.5331367662446134E-01  -5.3558191330627185E-01   6.3796237302799783E-01   1.4260976065806585E-02
  -9.5138698036903140E-01  -3.0412516100791178E-01  -4.8689834937161809E-02   1.6181359508682633E-02
   4.3300238087225935E-01   8.8072699148599867E-01   1.9190858403671404E-01   1.5045080973890017E-02
   3.7542788576917667E-01  -6.6604669050354346E-01   6.4454302312271059E-01   1.6464609404470534E-02
   8.2295201506170628E-01  -3.9598320197136720E-01  -4.0736627825874399E-01   1.7918973952328865E-02
   5.8633072124242469E-02  -8.2021261170217681E-01   5.6904607410821093E-01   1.3745594078964145E-02
   7.0534562635101477E-01  -6.1398326074049425E-01   3.5427687324741504E-01   1.5314209840151252E-02
   9.7469222607316137E-01  -2.0421708721405714E-01   9.0941990974199030E-02   1.5334181656905370E-02
   1.9374919502960545E-01   7.7639518883142937E-01   5.9972640444188299E-01   1.7670992908554406E-02
  -1.7388117168380997E-01   9.7958228267715146E-01  -1.0091525949472027E-01   1.4461393989518250E-02
  -3.8712219680218048E-01   8.7683736441826170E-01   2.8511864390651578E-01   1.4621774325851162E-02
   3.0177071126998984E-02   9.3979829764355411E-01   3.4039462998771546E-01   1.2797167104427136E-02
   7.2023309784535527E-01  -6.4250626622727092E-01  -2.6162947583705858E-01   1.4077471455255899E-02
   6.9794295414515624E-01   5.3381754533228998E-01  -4.7740387624582690E-01   1.4021515477701914E-02
  -3.1833685091630972E-01   2.4126129049198135E-01  -9.1676313138063694E-01   1.5907899417696236E-02
   4.5688551055202078E-01   8.3054952744816966E-01   3.1850135431932043E-01   1.4578235479556834E-02
   6.5459727847317160E-01   7.5185016348994740E-01  -7.8890650115564931E-02   1.6038668714539874E-02
  -8.9821019132937305E-01   7.4234113890345661E-02  -4.3325252281662037E-01   1.5460079548970207E-02
   8.9314948866243711E-01   3.2436163370507769E-01  -3.1156623931709975E-01   1.4584171818799430E-02
  -4.7997906144289164E-01   5.2122602198920207E-01  -7.0565114226345056E-01   1.5906699434475646E-02
  -8.9250191111211343E-01   2.9296730274449843E-01  -3.4294387031092772E-01   1.7930374499786796E-02
   6.1317855662957665E-01  -3.9885045104317367E-01  -6.8185803169892045E-01   1.4792446027427808E-02
   8.4423335456747566E-01  -5.8848092927997397E-02  -5.3273534235536193E-01   1.5320114402643650E-02
   3.4119131957812012E-01   4.2175157434591100E-01  -8.4006790974378180E-01   1.3274259403377484E-02
  -1.4853659040444853E-01  -9.4845958551898697E-01   2.7993087708963542E-01   1.4567359891254783E-02
  -1.0118080060356662E-01   9.7375749152723010E-01  -2.0385973924200407E-01   1.4297757095586860E-02
   7.4838364530216293E-01   6.6120500761049783E-01  -5.2248036853529261E-02   1.5427962702459732E-02
   9.3388077199563213E-01   3.1211068828514006E-01   1.7450966149476743E-01   1.5653103803904280E-02
   6.9122660448322062E-01   6.1543903840792344E-01  -3.7873548983179250E-01   1.4508148738631772E-02
  -2.1264814569699610E-01   1.6812542847277694E-01   9.6255628740997494E-01   1.4697731744097799E-02
   6.0841645733736875E-01   1.3360727569634929E-01   7.8229055364490083E-01   1.6016126041516687E-02
   7.7411068398515255E-01   5.0869061985810804E-01  -3.7681096349285421E-01   1.4939576108489523E-02
  -1.8428113233772049E-01  -6.3591237390931816E-01   7.4943706671964341E-01   1.4970771352202408E-02
   5.5551090751769605E-01   3.9455310561557560E-01   7.3193953198195967E-01   1.5114617150036702E-02
   1.0876378383600933E-01   9.5108079624843445E-01  -2.8916389527933433E-01   1.3623687877120698E-02
   2.2298349989684958E-01  -2.7509336117760199E-02   9.7443398709205127E-01   1.4649218865002620E-02
   2.2824900082209689E-01   7.0292110029695571E-01  -6.7364999842724815E-01   1.3771194933899462E-02
   4.9159922386904276E-02  -4.2387830428735755E-01   9.0438403633931301E-01   1.3993870164315838E-02
  -2.8163588827093857E-02   4.5545385348004546E-01   8.8981380053051300E-01   1.4551139100332032E-02
   2.7388033143331820E-01   8.2106315495158739E-01   5.0084414705067832E-01   1.5328473151320976E-02
  -7.2632384540857089E-01   1.3650119927189910E-01   6.7366244825449471E-01   1.4489471675087700E-02
  -9.5736153530679609E-01   2.8300950054973963E-01   5.8004424948458482E-02   1.3127376354123710E-02
  -5.1225498658113118E-01  -2.4294919620548781E-01  -8.2375391761488608E-01   1.4548182332589197E-02
  -4.3309169330008999E-01   4.4134471501791488E-01  -7.8590484647965901E-01   1.4994306925863807E-02
  -1.8767292586638376E-01   6.9018327687588554E-01   6.9887475073693670E-01   1.5373089595306711E-02
  -9.6605952665820283E-01  -2.1972575731766337E-01  -1.3582924031337478E-01   1.4896164530714131E-02
   1.8725676760122223E-01   2.4884702465071920E-02  -9.8199575079058601E-01   1.5792623104282879E-02
   4.2496829665864642E-01  -7.2696023648588906E-01   5.3937997868240251E-01   1.5775461224217288E-02
   3.5719657681934813E-01  -7.6646030318140648E-01  -5.3380634049775590E-01   1.4977533926919806E-02
   6.8738803953299161E-01  -1.9928968297148177E-01   6.9841342009451433E-01   1.5714323773298579E-02
  -2.7921423112601635E-01  -7.5612082678148962E-01   5.9187896435334144E-01   1.5295205058714578E-02
  -4.8248455577291063E-01  -7.2709007674774027E-01   4.8841444873752691E-01   1.5307333017437596E-02
  -7.4110303678404490E-01   6.6949536040476421E-01   5.0420742417792175E-02   1.3320434263774052E-02
   1.1878358214168634E-01  -9.5490081903761332E-01   2.7213027471210220E-01   1.4830673338512717E-02
  -6.8229765342214135E-01  -2.2195067540928495E-01   6.9656859663639858E-01   1.6188726314516487E-02
  -9.8079303755909493E-01  -1.5089263708027223E-01   1.2359785415032452E-01   1.6976929109216523E-02
   6.0680668030367224E-01  -6.9378540082998628E-01   3.8787558615361700E-01   1.4646270662751597E-02
  -1.0618904493649839E-01  -9.5205718379380340E-01  -2.8689894653359511E-01   1.2032388545757386E-02
   2.0801425371598481E-01   5.1754373544395191E-01   8.2998707951009862E-01   1.2610077640423913E-02
   6.5800247499780795E-01   3.2374422601809445E-01   6.7986941320867222E-01   1.5604568041411460E-02
  -9.3465129547195271E-01   1.0865215620800952E-01   3.3855821482272566E-01   1.3734026874330052E-02
   3.2697839294797810E-01   7.2337069063146062E-01  -6.0812825495985736E-01   1.5095934265066344E-02
   7.5129938139426624E-01   5.1169704042089412E-01   4.1679176856206102E-01   1.4027180708454092E-02
  -4.6605582296835601E-01   8.8240033871823993E-01   6.4510558106590903E-02   1.4663103862697340E-02
  -9.2872075398786009E-01   3.1641997389747303E-01  -1.9327742038568063E-01   1.4633879304408914E-02
   4.8178392947779951E-01   3.2592919432540688E-01   8.1342141942742181E-01   1.5610661369858656E-02
   3.8873848262420374E-01   6.7050440660121646E-01   6.3190682292200488E-01   1.3984096157336403E-02
   6.4338730302796598E-01  -5.9439068425276878E-02  -7.6322983133990219E-01   1.3995258144915359E-02
   9.6653849523911202E-01   1.4038777776022915E-01  -2.1469655115175330E-01   1.4852144346556583E-02
  -5.2689174545052655E-01   1.0238156211563880E-01   8.4374350623566823E-01   1.4582758766517392E-02
   7.1337545003213503E-01  -3.4607852413031215E-01  -6.0936452343997995E-01   1.5222594736275736E-02
  -9.8759559456194506E-02   6.3217310681761791E-01   7.6850745762977404E-01   1.4487698654708003E-02
   4.3936213767200796E-01  -8.3202883938488785E-01   3.3865752968466518E-01   1.4520404621204048E-02
  -8.3262795166950614E-01   3.1630747561767736E-01  -4.5462102345471775E-01   1.4038614206470590E-02
   4.9463574009754465E-01  -2.2119378616535101E-01   8.4048128687079711E-01   1.6945045909046232E-02
   5.8452625726399843E-01   8.1132878743321530E-01   8.6402112873684871E-03   1.4115163943131160E-02
   5.8452105763999453E-01   6.9868880886906295E-01  -4.1251555308442889E-01   1.4884905185977324E-02
  -6.5040463188974673E-01   6.3655282482883706E-01  -4.1445665155573401E-01   1.5272403502216603E-02
   3.2431120297751699E-01   2.1949340860826783E-01  -9.2013308124466420E-01   1.5137802990524212E-02
   7.7570092964887039E-02  -3.0393944760519220E-01  -9.4952814221952870E-01   1.4314591059651898E-02
   5.9014690633257549E-01   5.6155062524314037E-01   5.7998924493056636E-01   1.5052257006137251E-02
   9.3931679591586814E-01   3.3229479973943703E-01  -8.5229824454088003E-02   1.4719498917213198E-02
   4.6967439521184637E-01  -5.7939580653087059E-01  -6.6611294977415669E-01   1.5402911975416242E-02
   8.9351001375620243E-01  -1.1425818302331467E-01  -4.3426365600819254E-01   1.4417480318413070E-02
   7.9204824319623723E-01   3.2584458045715623E-01  -5.1622174483108898E-01   1.3662062560112562E-02
  -1.2307122756851261E-01  -7.3376481604604429E-01  -6.6816365336472341E-01   1.5279434260943495E-02
   8.5934461006748961E-01   5.0845868710988720E-01   5.4741251816562233E-02   1.3841470898696830E-02
   8.9886646660347260E-01   3.9824974260141239E-01  -1.8285572928868577E-01   1.5258915945515636E-02
   9.5107769642841280E-02  -9.7139320634188042E-02   9.9071613721605072E-01   1.7111490136042917E-02
  -8.1589538939083965E-01   4.7435626379482940E-01   3.3060678845023803E-01   1.5891455775262804E-02
  -6.4714959960024530E-01  -1.1333580847366105E-01   7.5389149766718013E-01   1.4458365679554383E-02
   3.0871031739522010E-01  -7.1290316747101006E-01  -6.2965626634183796E-01   1.2396347194460611E-02
  -7.3274913599731404E-01  -7.5014669800120384E-02  -6.7635161196671110E-01   1.4037977032648654E-02
  -1.0275814529362348E-01   1.0218811284409501E-01   9.8944345627689962E-01   1.5075619400060360E-02
  -9.6130389364067312E-01  -7.0875916254899725E-03   2.7539896535069208E-01   1.6613804533875662E-02
   3.8634892724985125E-01   9.1873139888956441E-01   8.1652453161636949E-02   1.3844087800775029E-02
  -4.2268437528624698E-02  -5.9726459379602144E-01   8.0092969990290808E-01   1.3413806327344227E-02
   2.6478521906469519E-01   9.6287931140787908E-01   5.2461599551957043E-02   1.5903846794980763E-02
  -2.3612415538443039E-03   8.0608635749296713E-01  -5.9179321456235447E-01   1.4856524112246261E-02
   8.6544711866273669E-02   9.9208573910314293E-01  -9.0971968848399349E-02   1.6411161745713720E-02
  -6.6882674991305047E-02  -3.6325696161249654E-01   9.2928525632663774E-01   1.7078648978694484E-02
   3.7957458772274277E-01  -4.3001425839193725E-01   8.1915253154387671E-01   1.3530383866578299E-02
   4.1394859875695289E-01   1.3171163980393943E-01   9.0072115636711487E-01   1.5730993663067383E-02
   4.6488596246346487E-02  -9.8627030991057492E-01   1.5846036163010133E-01   1.4656092999790491E-02
   7.6629816210633459E-01   1.3371538405956147E-01  -6.2841652016656733E-01   1.4996554998095410E-02
  -4.8869072852034847E-01  -7.0593305896373506E-01  -5.1267912783763192E-01   1.5548463327274842E-02
  -8.3070703057518145E-01  -2.5313802480952892E-01  -4.9582957732319173E-01   1.5923029804507864E-02
  -1.0960578468351017E-02  -4.1732082262885069E-01  -9.0869312571407654E-01   1.5453889334207638E-02
  -7.0585161427188945E-02   9.0566697508325422E-01  -4.1807303815224177E-01   1.4033302905336598E-02
  -5.4297274031684921E-01   7.1832490760701759E-01  -4.3495968822889921E-01   1.5602217194846311E-02
  -9.9015620746981465E-02  -6.4285973179562621E-01  -7.5955728690056379E-01   1.4914743575688152E-02
  -7.2792151872103439E-01   6.1479095696679362E-01  -3.0358251236643512E-01   1.5884869883719661E-02
   9.4206020640088237E-01  -2.5163828175448870E-01  -2.2181240423289110E-01   1.4647549966501616E-02
   1.1768712851580199E-01  -9.7364312114780631E-01  -1.9536840180352375E-01   1.4252777878350853E-02
  -7.3727314245940541E-01  -5.9576784063191726E-01   3.1857337220303847E-01   1.5478877762068226E-02
   9.9297033366115688E-01  -1.1828878997827121E-01   4.2045968090989048E-03   1.3780219086917893E-02
  -7.8153606948262659E-01  -5.6885913386010003E-01  -2.5612625387020338E-01   1.7863022991201039E-02
  -5.0797321806846973E-01   7.9403678135630944E-01  -3.3386943492700141E-01   1.5170469902150017E-02
   5.5097523005511260E-01  -7.7752227050493943E-01   3.0312607069429025E-01   1.5427872714872564E-02
  -7.5480663653348881E-01   6.3256044823140360E-01   1.7359211035726164E-01   1.4921167702093118E-02
   5.2608612510755410E-01   7.0498895466774583E-02   8.4750415615929793E-01   1.3953150856681253E-02
   7.1810957051850828E-02  -5.1356310675786752E-01  -8.5504159069866557E-01   1.4589680662417011E-02
  -6.0327098545531914E-01  -7.3203293356618451E-01  -3.1653104473693321E-01   1.5493174701057324E-02
  -1.8925302581494595E-01   2.7236003153989143E-01  -9.4339986508345266E-01   1.4406987716789155E-02
  -6.7512943338281257E-01  -5.9851736508763107E-01   4.3125075289066057E-01   1.3913119163661916E-02
  -8.5624933989819354E-01  -5.1656223456569474E-01   7.2508234274726737E-04   1.5231232309051004E-02
  -6.3165483064166139E-01  -7.7464806717576540E-01   3.0537631668234733E-02   1.5166285611240173E-02
   7.7352775798173647E-01  -5.3734882471020438E-01  -3.3602239242989453E-01   1.5346062497249231E-02
   5.7263714022169303E-01   1.7562915277879969E-01  -8.0077531576149514E-01   1.5243697362284485E-02
   5.4819867719400763E-01  -7.9304042603701772E-01  -2.6564090986473756E-01   1.3875008411252723E-02
   3.4109247601031130E-01  -3.3499831244932339E-01  -8.7831204788802744E-01   1.4766326106135588E-02
   1.0352374332592778E-01   9.6336759453495375E-01   2.4739788270663161E-01   1.4878127982975718E-02
   5.3064039263871452E-01  -6.3228506765898249E-01  -5.6447884541026596E-01   1.4859080375712299E-02
   9.7301270503991901E-01   2.0050834212866384E-01  -1.1420455580980213E-01   1.4812422763037230E-02
  -4.0525451834337662E-01  -3.5826103941501191E-01   8.4108132959872144E-01   1.1838716053880245E-02
  -8.6108694494752154E-01  -3.0660795585672340E-01   4.0561167962264779E-01   1.1087898013761379E-02
  -3.1428371798616688E-01   6.4858633385642674E-01   6.9322544106767410E-01   1.4807494337736089E-02
   7.9122512391169755E-01   1.1834906937883025E-02  -6.1141044991780316E-01   1.2225923619937276E-02
  -4.2846872414265205E-01  -1.2960093197746221E-01   8.9421370536474178E-01   1.5193981218628394E-02
  -5.6523455833188043E-01  -3.3555908798666421E-01  -7.5359803113922883E-01   1.7264818373956102E-02
  -6.2836282999770896E-01  -1.9950761145838214E-01  -7.5190216574195450E-01   1.5111217536238019E-02
  -5.2578055722431074E-01  -8.4998785465227567E-01   3.2794093805365683E-02   1.5850350468681970E-02
   5.2097231547000078E-01   8.4691701794909449E-01   1.0639272165913927E-01   1.4805800974197032E-02
   3.3565440288425261E-01   5.2584221284559156E-01  -7.8155363796355477E-01   1.3838799570526543E-02
  -7.4657061502486100E-01  -4.6755031567509429E-01  -4.7331703866807988E-01   1.5813084315409867E-02
  -8.8993419206993440E-02  -9.9465382451342954E-01  -5.2382637568722057E-02   1.2054934860254132E-02
  -3.1220379151873674E-01  -9.3713842914344472E-01  -1.5588571834482399E-01   1.5843061290734395E-02
  -1.3908835293129140E-01   1.6593583443471546E-01  -9.7627850991882195E-01   1.5322079698063074E-02
  -5.6441678822621917E-01   4.2310662803860222E-01   7.0881201349737513E-01   1.5402411066133157E-02
  -4.3329675122583486E-01   8.9577018571371756E-01  -9.9245653625480497E-02   1.6876073526022743E-02
   5.0079901850737221E-01   1.9897438080032146E-01   8.4238324938663247E-01   1.5039476762437342E-02
  -9.0938384418668683E-01  -4.2187142060588370E-02  -4.1381308458892816E-01   1.1020674169365618E-02
  -7.9880314129946015E-01  -5.9526617014012571E-01   8.7015677534690745E-02   1.3810478351672386E-02
   6.8897815049343869E-01  -6.0421316582223916E-01  -4.0029433969231683E-01   1.4902271556328738E-02
  -9.4133928871397448E-01   2.1863097281729744E-01  -2.5706194048989577E-01   1.1984156532436245E-02
  -1.5516948020587941E-01   4.2230026706396568E-01   8.9307609801759931E-01   1.5567938163229744E-02
   9.2202947942975690E-01   1.9147914869226907E-01   3.3644817532359328E-01   1.1162930175656707E-02
  -1.9933304652522066E-01  -9.1281533296656860E-01  -3.5641900126691688E-01   1.6893726615409024E-02
   2.7770426634991292E-01   6.8315505134458601E-01   6.7541062789493678E-01   1.3751964981817237E-02
  -6.1919005984169235E-01  -3.3178396935059378E-01   7.1170433993000612E-01   1.3908968710236933E-02
   3.7006104657355614E-01  -8.1232686167064685E-01   4.5075480210110017E-01   1.4482741430715606E-02
   7.7477100184829943E-01   4.1653430477873288E-03   6.3222823775301009E-01   1.5079236697926877E-02
  -1.2587293864787856E-01  -4.4927336085645200E-01  -8.8448258916775497E-01   1.4917450187855533E-02
   4.5294976788026444E-01   2.0230819691356299E-01  -8.6827870021024793E-01   1.4851228783561186E-02
  -7.1724993447375613E-01  -3.1944897192027657E-01   6.1927771301450116E-01   1.5373738957370307E-02
   3.3957164864547500E-01   9.0502033051503545E-01  -2.5618215548833598E-01   1.6792782963156425E-02
   2.7888020978000809E-01   1.9346387190347452E-01   9.4063678370621613E-01   1.6947040661005497E-02
   6.4217235650284730E-01  -6.0607188559697978E-01   4.6935224941668423E-01   1.4315914274215238E-02
   1.7931516560601002E-01  -7.7867702248736812E-01   6.0125549147920125E-01   1.7113565051649184E-02
   4.2318837121469715E-01  -6.7759641951842635E-01  -6.0147709409790533E-01   1.4536791996644323E-02
   6.3467171956227180E-01  -5.6943488599383452E-01  -5.2243250186130048E-01   1.5359657828028399E-02
  -5.8191052638445928E-02   2.6730678910458638E-01  -9.6185283795985441E-01   1.5349117065450888E-02
  -9.8855548231183104E-01  -2.4440557224365138E-02   1.4886476263301964E-01   1.4664115779941744E-02
   3.7411892744044128E-01   8.2485390916461192E-01   4.2385263555470782E-01   1.6619118814788136E-02
  -3.4740242775881374E-01  -2.5129614058361618E-02   9.3737935526901808E-01   1.6756198119396581E-02
   8.2786621562920892E-01  -1.7849642588926353E-01  -5.3176738802274333E-01   1.5326144585261496E-02
   9.2412742163916821E-01  -1.8651655583389013E-01  -3.3346676442249299E-01   1.6104402535006168E-02
  -5.0356992444244373E-01   3.1893940471258118E-01  -8.0292900515463757E-01   1.4872508369216813E-02
   2.0918545355212843E-01  -8.9971893968156422E-01  -3.8307607025298790E-01   1.4601210004049832E-02
   7.6838246356620123E-01  -1.2673879892502726E-01   6.2731624124597385E-01   1.3462589553165392E-02
   8.0408321860595535E-01   3.1031274496123187E-01   5.0710568708200556E-01   1.4293802921714203E-02
   2.2397970661367474E-02   8.7410463804049900E-01  -4.8522099363727129E-01   1.5253222247986198E-02
  -2.5263193506344841E-01   4.8631621882963811E-01   8.3646496680335698E-01   1.5128538159601003E-02
   3.0275944739578735E-01   9.4141755720346829E-01  -1.4855874259582292E-01   1.3036584745819519E-02
   8.3636457233575250E-01  -5.4038668797251654E-01  -9.2068070489870735E-02   1.3247498486246159E-02
  -6.4257134537422180E-01  -6.0544375892833777E-02  -7.6383011504634313E-01   1.6271840088429523E-02
  -2.9267274230921592E-01  -3.8159665400445380E-01   8.7677058547935367E-01   1.6479550956472511E-02
  -1.9251525941958468E-01   8.8591904739202647E-01   4.2200155966372224E-01   1.4002041235222864E-02
   3.2404523219987373E-01   4.9141233640529371E-01   8.0839878965595950E-01   1.5601303874811459E-02
  -6.3298420084121796E-03   9.4626492674340064E-01  -3.2333051435869011E-01   1.5752498950114225E-02
  -6.8610538471329630E-01   6.9550590960277194E-01  -2.1337978061437926E-01   1.5117961339112107E-02
   5.5869281838605520E-01   7.6450151154063626E-01   3.2155835168119724E-01   1.3799834319561399E-02
  -6.8066063019895626E-01  -6.4133819936923810E-01  -3.5409945005179444E-01   1.3251686304951220E-02
  -4.5633107800510118E-01   4.8807717094230751E-01   7.4400445055903788E-01   1.4868815107356528E-02
  -3.3167927702621833E-01   7.1327378121535041E-01  -6.1743774602960695E-01   1.4320517431712174E-02
  -8.7083036935276255E-01  -1.4574020118705979E-01  -4.6948297261017498E-01   1.5985508359556588E-02
   7.6076564306777890E-01  -4.0310453968693229E-01  -5.0866724527086973E-01   1.2032670106370438E-02
  -2.8874012117538882E-01   8.8937559174525109E-01   3.5445761274291501E-01   1.4099303075807219E-02
  -4.0592442607920187E-01  -9.1229217600881825E-01   5.4298673145536434E-02   1.5985369280450050E-02
   1.1196437396354231E-01  -9.3969440721031230E-01  -3.2316930550504308E-01   1.5136339502733036E-02
   1.1723941159198463E-01   5.7026727777895054E-01  -8.1304990760970544E-01   1.3680467987888558E-02
  -1.8218233831390528E-01   9.3428621091959876E-01   3.0646186009351450E-01   1.4057435290834011E-02
   9.2360368032589548E-01   2.0249111320308568E-01  -3.2550513169877373E-01   1.4940346882141098E-02
   7.9961943158591984E-01  -5.6109746405607748E-01  -2.1395887562811926E-01   1.5710276175611377E-02
   2.5740955268792409E-01  -2.7456341788435745E-01   9.2647463632020841E-01   1.5197115918366140E-02
  -8.2738247461585690E-01   5.2535736290030153E-01   1.9858973272800821E-01   1.3613900461338815E-02
  -6.9327441902313591E-02   4.3057715330434334E-02  -9.9666430604783116E-01   1.5207522968981650E-02
  -7.4135779408898719E-01  -5.0412395944851243E-01   4.4299848154758452E-01   1.3453522102725515E-02
   1.3441150622913123E-01   1.4660957107619945E-01  -9.8001998992983257E-01   1.5293483035346060E-02
  -7.5836008288645198E-01  -6.3286445631641790E-01  -1.5611715029354873E-01   1.1724249048371485E-02
  -3.1653273427185313E-01  -1.3834364028073201E-01   9.3843916442583524E-01   1.2512327098094636E-02
   5.6190832797072163E-02   3.5763118132545690E-02  -9.9777932915600580E-01   1.4227586717126690E-02
   1.0115367438320020E-01   4.6573574010529137E-01  -8.7912351495529570E-01   1.4556488720868512E-02
   7.2609205088900612E-01   2.5971012469494181E-01  -6.3666394963648978E-01   1.7276471640866998E-02
  -9.1558249689979618E-01  -2.3627033098861356E-01   3.2539978805350502E-01   1.6817087992858095E-02
  -3.7614275152492653E-01   8.3220340944915225E-01   4.0737466265891413E-01   1.5900315004064844E-02
   5.3796490023333270E-01   7.7822493073711874E-01  -3.2397488065612019E-01   1.4386132476095970E-02
   3.5249313095840566E-01   8.8695490908564771E-01   2.9842852054723394E-01   1.4823762414498686E-02
  -9.3603415541116632E-01  -2.3391509799704706E-01  -2.6291402935700563E-01   1.6528522979698421E-02
   2.2825684095737615E-01   4.7671962747181826E-01  -8.4890353476663645E-01   1.7626729965464747E-02
  -1.7915568327422640E-03   5.7104031026833333E-01   8.2092006576326337E-01   1.5862435239562256E-02
  -1.8228064552726440E-01   2.9817141277098042E-01   9.3694587617018819E-01   1.5352535604453270E-02
   5.8242886502005824E-01   2.6736974907201070E-01   7.6765228747957028E-01   1.4386978504858599E-02
   7.8145601278713421E-01   6.0473515400017286E-01  -1.5369415602169621E-01   1.2480829269072127E-02
  -8.6343232769449312E-02   2.2046598605787340E-01   9.7156553826617902E-01   1.4629317568745681E-02
  -5.6587259270465493E-02  -4.8689099269121954E-01   8.7162781238577729E-01   1.4435585342369903E-02
   7.1475996239538233E-01   6.0763232502741840E-01   3.4626745983173950E-01   1.5560083053322420E-02
  -5.8322144738969017E-01  -2.2700704043631839E-01   7.7994906686079100E-01   1.4364224202549747E-02
   1.1690429391837815E-01  -8.0073648479478372E-02  -9.8990989331485633E-01   1.4489758965715098E-02
   7.4311411871737825E-01  -2.7705539023422503E-01   6.0911552049266948E-01   1.6609379513523121E-02
   7.8517534485358089E-01  -5.3616441440839413E-01   3.0988287877222915E-01   1.2306950166611228E-02
   2.3334738690232744E-01  -9.3453883020959339E-01  -2.6867484410778046E-01   1.4711927047360540E-02
  -2.3216291959037112E-01   5.9156325721227496E-01   7.7210963695817103E-01   1.5041871800776905E-02
   4.3992249802315708E-01   4.5650479521058909E-01   7.7335086971102811E-01   1.4685468250671374E-02
  -8.7022041479672900E-01  -4.4805991245425876E-01  -2.0483833753106628E-01   1.5655564307470926E-02
  -1.9101340024987270E-01   5.4657741117797096E-02  -9.8006449392929333E-01   1.2292535452777613E-02
   3.5772567736689087E-01  -1.1642119663870798E-01  -9.2654111874520204E-01   1.5023454696095664E-02
  -9.8295424404722578E-01  -6.4462998913139842E-03  -1.8373731065643282E-01   1.2633763868102981E-02
  -3.3691054776524672E-02  -7.9654547948416132E-01  -6.0363914049818925E-01   1.4181443915752845E-02
  -5.8253957722348257E-01   6.2337599984598855E-01  -5.2158412915300669E-01   1.4229454988883761E-02
   9.0172018151160209E-01  -4.3109361234537893E-01  -3.2542459183280235E-02   1.7795930681099481E-02
   3.1523213955140488E-01  -3.1577515616220047E-03  -9.4900933967949896E-01   1.4227459302605315E-02
  -6.9781901055655284E-01  -4.0341061523950934E-01  -5.9186865436341032E-01   1.6994970912741452E-02
  -5.4245835908581785E-01   8.3986940421045340E-01  -1.8929144964840619E-02   1.5434038618119121E-02
  -8.7730209072712277E-01   4.1851338675624268E-01   2.3492038377211713E-01   1.6182309917145159E-02
   2.1964423656714356E-01   9.2086001980846071E-01  -3.2213853116508453E-01   1.4478831587452361E-02
  -4.2499053315749578E-01   1.8903094634772017E-01   8.8524027701488635E-01   1.5504164118901455E-02
   3.3602717683233707E-01  -6.2213586130837708E-01  -7.0712990779924816E-01   1.6693376336266832E-02
   1.6826718003820337E-01   3.0880531758662393E-01   9.3612255178059627E-01   1.4225546596711336E-02
  -3.9387994215037807E-02   8.0718548217300299E-01   5.8898232849624002E-01   1.4768282801950261E-02
  -5.6208221568540502E-01  -8.1124450194946505E-01   1.6107743748567107E-01   1.5624087547521734E-02
   1.4063526746013086E-01   9.8972394567979318E-01   2.5850201052199795E-02   1.4536899277176332E-02
  -9.0610868444053487E-01   3.1223722251017705E-01   2.8543820497714268E-01   1.1354563608626080E-02
  -6.7465918613127034E-01  -5.7278336431119623E-01  -4.6556868466107062E-01   1.5590014236968209E-02
  -6.4832481527774242E-01  -4.3722151062586105E-01   6.2330753608561587E-01   1.6205409050411883E-02
   1.6185117021070980E-01  -8.5460514933719924E-01  -4.9341082013649373E-01   1.3520210061397462E-02
  -4.6323883339454426E-01  -4.9412298730708528E-01   7.3569848215827092E-01   1.6878002077697687E-02
  -2.2497217265459786E-01   3.1483710432936136E-02   9.7385640497377484E-01   1.6422938532831763E-02
  -4.6547622975185456E-01   6.9416375898437330E-01  -5.4906152228023020E-01   1.8023060890558696E-02
   3.1237314039984385E-01   9.3293799854664403E-01   1.7902433361004686E-01   1.5066562144968243E-02
   6.1776433907682406E-02  -8.9679310639880114E-01  -4.3811619067233556E-01   1.5265197104662455E-02
   7.4666063894706625E-01  -5.1021205771036735E-01   4.2682730279834677E-01   1.7528867348509902E-02
   2.2138630094310607E-01  -1.4960115340635198E-01   9.6364288024880747E-01   1.4955476982274940E-02
   2.1988006350995994E-01  -7.8380617368744971E-01  -5.8077589461021493E-01   1.6831495426493785E-02
   1.9148528106515650E-01   9.6106047981292235E-01  -1.9923890502899642E-01   1.7027387760923736E-02
  -4.1460667665990645E-01   6.2337705700211741E-01  -6.6294973299067452E-01   1.4390058978570927E-02
   7.1404385268522397E-01   3.8634730024636536E-01  -5.8384684638592255E-01   1.4582475343477819E-02
   1.3272811992451858E-01  -2.3045042113689131E-01   9.6398954848023735E-01   1.4912306504524732E-02
  -4.7336893640400648E-01  -2.5115959736481441E-01   8.4429894391695406E-01   1.5655206434631701E-02
  -1.5744224594087637E-01   7.8264441355418848E-01   6.0222891090142205E-01   1.4303644914303484E-02
  -8.1174805882733576E-01  -4.7644789021577019E-01   3.3773139756172146E-01   1.7313532713540472E-02
   1.2207896978526094E-01   6.7281663869169117E-01  -7.2966738712634243E-01   1.5681227484646774E-02
  -7.7921200420352825E-01  -3.6064767755979910E-01  -5.1260306785644971E-01   1.0057330224986063E-02
  -3.4736715272380092E-01   5.3901797284031536E-01   7.6733023279659491E-01   1.4604745802920864E-02
  -3.0545725912807682E-01   2.4491732173534810E-01   9.2016920637453801E-01   1.5679361722910301E-02
   9.9036312732455016E-01  -7.1056259229656771E-02   1.1887760117122501E-01   1.6473748997134474E-02
   8.3758877350958052E-01  -5.1018856475221490E-01   1.9532709716470936E-01   1.8008695070726263E-02
   2.5942133476208076E-01   8.8078997830499794E-01   3.9611814549164714E-01   1.3838732210188251E-02
   9.0465217693929567E-01  -3.6399364996889738E-01  -2.2161466905715690E-01   1.2782246102627948E-02
   9.9260076102703909E-01   6.6329070417885774E-02  -1.0170635981118308E-01   1.5109449921574624E-02
   9.5250461274642237E-01   8.2738958340807738E-02   2.9306863951891176E-01   1.6849815249642446E-02
  -7.5204654295352613E-01   3.4945494753782218E-01  -5.5884455519669149E-01   1.5282594012205548E-02
   6.1237089940220804E-01   6.8753708758487839E-01   3.9024945196711553E-01   1.3796930418955886E-02
   4.3431012861770517E-01  -1.2678314083311892E-01   8.9179635981571597E-01   1.2992441378788468E-02
   7.5783806847469624E-01   6.1346902613880729E-01   2.2211982338108673E-01   1.3916139029067591E-02
   6.2433178689666828E-01   2.7603937926674975E-01  -7.3076130231727561E-01   1.5651310603237722E-02
   4.9099217180735009E-01   7.5849181833433832E-01   4.2850536606181571E-01   1.4280996119226419E-02
   7.6617019525680181E-02   8.2671210292474537E-01   5.5738400694381864E-01   1.3387223167218791E-02
  -3.7780174877074280E-01   7.7121004617929865E-01   5.1234841982570076E-01   1.5613833175089662E-02
   6.7478768133935629E-01  -5.0875455262548090E-01   5.3463107868464030E-01   1.2217605749184319E-02
   8.8826124075762181E-01  -3.2818339899526676E-01   3.2138392117783927E-01   1.4904658342224486E-02
   6.3054974446179903E-04   1.5036568707134503E-01  -9.8863024562198287E-01   1.5506308205767980E-02
  -5.0976185889297376E-01  -8.4695877865398668E-01  -1.5100885563081123E-01   1.3103191914668464E-02
  -3.4516084511240042E-01   5.4712573339376469E-01  -7.6257289675127362E-01   1.5627860026175489E-02
   1.4323608030811261E-01  -8.5884077118090083E-01   4.9180886028554163E-01   1.4896313728382444E-02
  -6.4036855332173026E-02   7.2313975116584732E-01   6.8772682181441986E-01   1.5172598555484054E-02
   2.8318526671860585E-01   3.1429641653955125E-01   9.0610367357378543E-01   1.3832467470023513E-02
   4.3729209238566096E-01  -1.2068641380483913E-02  -8.9923855223861473E-01   1.5180960263939673E-02
  -6.7251412351294126E-01   5.4763407389689336E-01   4.9781690889594374E-01   1.7377105780980866E-02
   6.1425511327528026E-01  -7.8564095379042387E-03   7.8906839541597753E-01   1.5161103151472808E-02
   6.1037991639821811E-01   7.6557955994343239E-01  -2.0328377961491380E-01   1.3824401144198846E-02
  -8.5141379393154999E-01   3.5368765279733076E-01   3.8729781275111677E-01   1.7690848876481975E-02
  -3.9602590701003866E-01  -7.9168861559454697E-01  -4.6518019832626782E-01   1.5430316878542776E-02
   6.1883779040306859E-02  -5.3621955433016115E-01   8.4180697754631026E-01   1.5871938238077298E-02
   9.9200844342282846E-01  -6.6387639993610996E-02  -1.0729365980287768E-01   1.5424082921354996E-02
   8.7430546039101227E-01  -4.5790739681561750E-01  -1.6096825113047850E-01   1.4775836783718635E-02
   1.1062660235066757E-01   3.8668248508168389E-02   9.9310952135686321E-01   1.4857108701246977E-02
   9.2355127142349716E-01  -1.9987846250544266E-01   3.2726388324791102E-01   1.4900281601737964E-02
   4.1809707252325481E-01   7.3726982987201843E-01  -5.3068638187536843E-01   1.2594778174042334E-02
  -7.5401391189533395E-01  -5.4075199783393799E-01  -3.7289448575555566E-01   1.4572288402525746E-02
  -1.6366054032445714E-01   9.7017042279404251E-01   1.7884232797728776E-01   1.4090570905805007E-02
   7.9103968798445496E-01  -6.1164943312744926E-01  -1.1882044787243231E-02   1.2956241981981624E-02
   3.5567327077883770E-01   9.3392877083650117E-01  -3.5687188980162277E-02   1.5299827366745240E-02
  -5.2262722122766387E-01  -6.3364201858741485E-01   5.7040212123756735E-01   1.6286038227670138E-02
   1.7110603819071288E-01  -5.9570768547671431E-01  -7.8476434498431082E-01   1.7016377136904781E-02
   2.3780216507767822E-01   8.6365696271480399E-01  -4.4446235052995036E-01   1.5896917459346158E-02
   4.7931883130883817E-01  -7.2910196033900583E-01  -4.8853228079887234E-01   1.5182162828622648E-02
   8.4298408213955316E-01   5.0670586787201959E-01  -1.8062945696479972E-01   1.4712616602468954E-02
   8.4949756361277426E-01  -5.2551151154116749E-01   4.6813893810256797E-02   1.4465331909196721E-02
   3.1831629473057665E-01   7.4955303723205802E-01   5.8038347743986796E-01   1.2543038672448374E-02
   2.8372238884702444E-01  -5.4376969796430652E-01  -7.8982030971781469E-01   1.3076061591648291E-02
  -9.8422308976551971E-01   1.7649660181626537E-01  -1.2403996119179592E-02   1.5201862585422905E-02
   6.1935096703882921E-01   5.8322482974934484E-02  -7.8294499654043745E-01   1.5059762119006552E-02
  -2.5874221316136019E-01   3.6060889537167480E-01  -8.9611031224240563E-01   1.4785905278980471E-02
   7.4689008272725648E-01  -6.5332084686172784E-01  -1.2380256612666309E-01   1.8172446820412745E-02
  -1.0906264294063537E-01   8.5789744019616059E-01   5.0211285785137854E-01   1.5671576448169300E-02
  -5.6818586570356135E-01   8.1700769298784319E-01   9.8301839318379809E-02   1.4210932233964993E-02
  -2.3694866618937875E-01   7.9879023602506214E-01  -5.5298235814725576E-01   1.7574766079478419E-02
   2.1765474069635204E-01   9.2616251029811600E-02   9.7162165676645280E-01   1.2493768088773525E-02
   1.1335216337734213E-01   9.0515434434099422E-01  -4.0969122516634542E-01   1.6416048528430682E-02
   6.0229873444482109E-01  -1.4092362607465119E-01   7.8573326650978617E-01   1.4355465612533429E-02
  -2.6469120891157196E-01   9.5879792559835320E-01   1.0317510258403175E-01   1.4945251833863271E-02
  -3.9588635762640155E-01   3.0588806215413458E-01   8.6585592639704743E-01   1.4262902588923632E-02
   8.3394322659171287E-01   3.8396257317866329E-01  -3.9637285126484452E-01   1.4536399685682298E-02
   8.4630663767873706E-01   7.7474994615451021E-02  -5.2703197268310653E-01   1.4872962483483456E-02
   6.5372022100075871E-01  -7.2876748851790794E-01  -2.0383282447638336E-01   1.5051277851024222E-02
  -3.6685670972252704E-01   9.3020730930714404E-01   1.1424370578939045E-02   1.6033463292237635E-02
  -3.8475206886386349E-01  -4.4651774102613819E-01  -8.0782903664939614E-01   1.6689927658146768E-02
  -6.5361273070015535E-01   7.5670309858658067E-01   1.3813719852152442E-02   1.5411183122843064E-02
  -9.6964142109244076E-01   1.0206614985346079E-01  -2.2221164586025353E-01   1.5112368540100705E-02
  -7.3867585070351733E-01   5.4602560735502799E-01   3.9523919808137409E-01   1.2922510515966234E-02
  -5.3198918864546165E-01   5.2914009716816812E-01   6.6105843972617517E-01   1.1728327963415301E-02
  -3.0584005165886974E-01  -6.6298262129438656E-01   6.8331245171072643E-01   1.8833003660098662E-02
  -3.4326857489363545E-01   9.1198964983360309E-01  -2.2459199470790292E-01   1.4117183716698001E-02
  -2.8608286744141562E-01  -7.9610155232188573E-01  -5.3327189251561098E-01   1.5148537274320882E-02
  -4.8437285085700177E-01   8.5145524653562390E-01   2.0101468727339484E-01   1.5941891347259434E-02
   6.4061636269134956E-01   4.9520493115371407E-01  -5.8684133461537167E-01   1.6108281844235075E-02
  -3.1871353899170476E-01   1.1226179732435966E-01   9.4117956253038528E-01   1.3828677987184923E-02
  -2.6955244635089519E-01   1.3324905443517219E-01  -9.5372226992892450E-01   1.6130146519283448E-02
  -2.0769114165394749E-01  -3.6718297558305646E-01  -9.0666479589782938E-01   1.5803316268282290E-02
   9.7324914666483018E-03   3.8014682269827080E-01  -9.2487494927815028E-01   1.7319131821493046E-02
   7.4084137017765812E-01  -4.1115803478190607E-01   5.3113381992448092E-01   1.4460587953482571E-02
   9.0378544705487336E-01   1.7448452527025542E-02  -4.2763000034636836E-01   1.4976200383017026E-02
  -5.6480063245577465E-01   5.9676980180488117E-01   5.6997021784591499E-01   1.5026526514959464E-02
   1.1011935888391491E-01  -4.1233005059115291E-01  -9.0435482869197568E-01   1.2808525773208630E-02
  -7.0030496730552709E-01   3.9249537081773695E-02  -7.1276393469792723E-01   1.3906438060067443E-02
   1.6967137746543070E-01  -9.7093593677395855E-01   1.6880471068622156E-01   1.2718240264517897E-02
  -1.2897512652931054E-02  -7.9807915395405606E-02  -9.9672681854538627E-01   1.5720383778781768E-02
  -6.4805116764996598E-01  -6.7688364932774068E-01   3.4908195224083958E-01   1.4054299636981369E-02
   8.1673608476240727E-01  -3.9347996464667933E-01   4.2203754011772681E-01   1.6173523587842462E-02
  -6.5716473089325742E-01  -7.3971164857415470E-01   1.4477981017289241E-01   1.2271288577260717E-02
  -5.6085687219786742E-01  -1.3111087894352871E-01  -8.1746529365538230E-01   1.3283843169544274E-02
   2.7160969596840716E-02   9.7862425094922880E-01  -2.0385499058060956E-01   1.4957519687386589E-02
  -1.8745634244524609E-01  -8.6545647686157388E-01  -4.6459144023044887E-01   1.4297588715029366E-02
  -4.0711627369280698E-01  -8.4562658122328163E-01  -3.4521301369315180E-01   1.6444879018203808E-02
  -4.8814502185266200E-01   3.5100867741503086E-01   7.9906654667794408E-01   1.5447323003153577E-02
  -3.1504932490688669E-01  -9.0753741572730675E-01  -2.7770445068582621E-01   1.4148009886446411E-02
   7.4791175305896989E-01  -6.2363317367745994E-01   2.2739761283979556E-01   1.4956285439620540E-02
   5.9453208674299081E-01  -7.8493038058911129E-01   1.7440153514593173E-01   1.5620633442073284E-02
  -9.6972117281287780E-01  -1.2204992231677363E-01  -2.1152934420757448E-01   1.2721004601636690E-02
  -1.4914763555661468E-01  -5.7695332669051647E-02  -9.8713030112345290E-01   1.4405539718440188E-02
  -6.6337678249965748E-01   6.3864555284990292E-01   3.8995269234285859E-01   1.4408441311475593E-02
  -5.9003354737865070E-01  -6.7441781029714951E-01  -4.4387051053405635E-01   1.6328944425415117E-02
   5.2200861444289801E-01   6.7547586866026457E-01  -5.2080644898567341E-01   1.4327789947259570E-02
  -6.8919274274968210E-01  -6.8458575340390500E-01  -2.3739357526600893E-01   1.5976628598625591E-02
   4.9295308899325754E-02   2.6091324420581814E-01   9.6410282206749880E-01   1.4861921624830612E-02
  -4.3714547981117047E-01   7.8745385320806189E-01  -4.3453453090455021E-01   1.4194028666104663E-02
  -5.3032633945946541E-01  -1.7192295590375553E-02  -8.4761925334896517E-01   1.4337952448252405E-02
   8.9091608137051477E-01   4.5106482665392713E-01  -5.3000548214796321E-02   1.6614680489695235E-02
   6.9628153950168459E-01  -7.0963741023993538E-02   7.1425217200162825E-01   1.5913641013629906E-02
  -2.5279335766990845E-01  -7.2804844223497742E-01  -6.3721345252371790E-01   1.4636917718137187E-02
  -7.9169132118344896E-01   3.4410903215602415E-01   5.0479087348272174E-01   1.3815094090459399E-02
  -2.0605078001697748E-01   4.8516538007340255E-01  -8.4979858203731187E-01   1.6108273106708131E-02
   6.7620914037029003E-01   1.6317464695980812E-01  -7.1841160421391823E-01   1.4659920928063510E-02
   9.7540796825747442E-01  -1.9848492966441665E-01  -9.5828117773111572E-02   1.6692188338202278E-02
   4.7121981293942072E-02  -3.1316859379242401E-01   9.4852778069016459E-01   1.3366096869750845E-02
  -9.6942026025872643E-01   2.0202860804844489E-01  -1.3931547125108035E-01   1.5892090794637164E-02
  -9.5787346636171353E-01  -2.7708042164737687E-01   7.5530539385782189E-02   1.5361829384661377E-02
   6.3158632495392029E-01  -7.7376337934990689E-01   4.8876854524538444E-02   1.5116966373710943E-02
   5.7448877642990031E-01  -3.9494343966493076E-01   7.1692560647650829E-01   1.3818848486546667E-02
  -7.9903408760370471E-02  -9.8264042532580351E-01   1.6743129869889064E-01   1.4730224258013047E-02
   1.6584499306575249E-01  -3.6248452837601719E-01   9.1711526263771059E-01   1.5890291069704658E-02
   2.0813134617992954E-01  -3.4734605830909309E-01  -9.1434788702903802E-01   1.7121929874990687E-02
  -9.3148716832106757E-01  -1.3041940324920411E-01  -3.3959157013877848E-01   1.6555867338733432E-02
  -8.0805787157311784E-01   1.3684752112899810E-01   5.7298798604296310E-01   1.5756712176662912E-02
   5.4307585107240026E-02  -7.4612970991585144E-01   6.6358205384165361E-01   1.3030580335046493E-02
  -5.0404921340012319E-01  -4.5120840305592660E-01  -7.3644101425873707E-01   1.4612878782481918E-02
   8.6949314393976298E-01  -2.5255762092772365E-01   4.2449537188652000E-01   1.4674306016704217E-02
  -7.8760005057155880E-01   1.7323747403456988E-02  -6.1594321825601694E-01   1.5330723333757899E-02
   4.0587205754728313E-01  -5.5894159899713616E-01   7.2308516912799377E-01   1.5614060899458022E-02
   2.6224900571959138E-01   5.9767556376455069E-01   7.5763406699924225E-01   1.5843279084842381E-02
   7.7037610386451547E-01   4.1817440404556114E-01   4.8130118054672275E-01   1.3833597095670949E-02
   4.4882420140587458E-01   4.3311618980946616E-01  -7.8164391020291930E-01   1.7718377347304013E-02
  -6.3079404721399008E-01   4.8476540175789378E-01   6.0588891329838868E-01   1.5273775380168297E-02
  -6.2956558699978507E-01   1.2699990885466319E-01   7.6649735473550287E-01   1.5894736810777143E-02
  -4.2134554138202436E-01   6.7501947656361239E-02   9.0438455416934591E-01   1.3576991094979587E-02
  -9.0292803075198318E-01   4.1209297722306646E-01  -1.2206698737076629E-01   1.5219818645880148E-02
   3.8614214886478093E-02  -1.9290189728285249E-01  -9.8045795444444064E-01   1.4537296333635961E-02
  -7.1648155158876081E-01   4.1483446923540841E-01   5.6086232657144919E-01   1.4488887815696263E-02
  -4.2250584305176453E-01  -5.4623610706007364E-01  -7.2326684420825869E-01   1.4137853526782789E-02
  -4.3957555160532360E-01  -6.1136655286785855E-01   6.5803060146572783E-01   1.5315108105979871E-02
  -4.5524882904706301E-02  -9.2283970019165125E-01  -3.8248447391586486E-01   1.6023636090359705E-02
  -5.9068110722668532E-02   3.3706320362962439E-01   9.3962724260984949E-01   1.4839251686174581E-02
   5.9791692610846026E-02  -8.3582294630490335E-01  -5.4573341103960340E-01   1.3365243733936851E-02
   6.1524592045755089E-01   6.0887572532468992E-01  -5.0074225752444113E-01   1.4925700365921610E-02
  -9.2601876187455545E-01  -1.0970922660486508E-01   3.6118297060365085E-01   1.4946077357729997E-02
   5.5171645831623986E-01   3.7865271544249195E-01  -7.4312251393092099E-01   1.1960825941198932E-02
   6.5859731164928705E-01  -3.1789730949544470E-01   6.8204903174470477E-01   1.2556854801573871E-02
  -3.1992482970349339E-01   4.4767688873420646E-01  -8.3500509377635037E-01   1.4525743959724569E-02
  -2.2865093551779827E-01  -1.5107075808516677E-01  -9.6171532988634887E-01   1.7351690760395639E-02
  -1.7585335475141495E-01  -7.2320350424788069E-01   6.6787146148511152E-01   1.3684163078846350E-02
  -4.1617078922323198E-01  -8.8478103759055990E-01  -2.0967686977223852E-01   1.4221791690072559E-02
  -5.9977101271142432E-01  -7.3613672190404156E-04   8.0017135065799447E-01   1.5206228780882871E-02
   6.5477073478979175E-01   7.0668902797249036E-01   2.6807816510512912E-01   1.6992943835064080E-02
   2.1813930795529219E-02  -8.8053826831408202E-01   4.7347281913293155E-01   1.4706387390056435E-02
   7.6512917278176484E-01   5.8340777050729287E-01  -2.7242012089785539E-01   1.7738218576929170E-02
   4.6348415645520200E-01  -8.7156545628645361E-01  -1.5986272899958807E-01   1.7241587867228292E-02
  -1.8230722632311636E-01  -4.4046163224031716E-01   8.7906633751643994E-01   1.5342915489980678E-02
   2.6818834084859766E-01  -9.5704733132343698E-01   1.1016087980569029E-01   1.6084938946296754E-02
  -7.2114602478519387E-01  -1.8962932158005763E-01  -6.6632509432978706E-01   1.4518114538559508E-02
   6.2728908776791972E-01   4.4689663718362658E-01   6.3780231736899262E-01   1.5063436994422235E-02
   9.7178103009384103E-01   2.0999312454273431E-01   1.0744541495351401E-01   1.3710003140541454E-02
  -3.7578834592456216E-01  -7.2380872565154188E-01  -5.7869166897232294E-01   1.4605051378554556E-02
   3.4077390274745540E-01  -9.3985330260308970E-01   2.3428973352090994E-02   1.1934993674211856E-02
  -2.3800779306382096E-01  -8.3783516267723872E-01   4.9130899709092875E-01   1.5303275789508442E-02
   2.7255335762469217E-01   3.4054536015785741E-01  -8.9985750256496821E-01   1.4906882159348369E-02
   6.1242805296943974E-02   7.5613332708587571E-01   6.5154563191644890E-01   1.4466994768727908E-02
   6.4657008568091277E-01  -2.8193474492991895E-01  -7.0884407587556142E-01   1.5232072023160637E-02
  -1.8095690019457733E-01  -5.6106557909244597E-01  -8.0774997135848174E-01   1.5382078895182650E-02
   5.0748981133027602E-01   8.4310352963975728E-02  -8.5752309343775153E-01   1.4757333147942444E-02
   8.4559334281824867E-01  -4.3700273253589561E-01   3.0659502660287918E-01   1.4386954858662717E-02
   5.2312705351630173E-01  -7.6402438974672737E-01  -3.7763053074598347E-01   1.4780285850431440E-02
  -2.0125479864525677E-01  -1.0164242740347169E-01   9.7425116010902819E-01   1.6609277301655538E-02
   2.7208664879741136E-01  -4.0637958298654517E-01   8.7225253801744582E-01   1.4009436684095780E-02
  -6.2686416772003888E-01   7.7148054014103282E-01  -1.0889945551913209E-01   1.3644990323968886E-02
   3.7347834695958246E-01  -3.1531667234753185E-01   8.7240433314605745E-01   1.6173557145010591E-02
   6.9583166811914667E-01  -7.0335427866396483E-01   1.4529641539838294E-01   1.4921722303865508E-02
  -8.0213184439014000E-01  -4.0449309082318843E-01   4.3928332963086136E-01   1.4638204769425047E-02
  -2.5401430287682611E-01   8.2339484954177600E-01   5.0744226832426564E-01   1.6870154584655062E-02
  -5.3142419591438781E-01  -5.4281542355981838E-01  -6.5033817352383769E-01   1.6445469448053935E-02
  -4.5552637310174866E-01  -3.4790806394399265E-01  -8.1942400651403258E-01   1.2983088648076160E-02
  -8.7697661235475284E-01   4.1117850813286463E-01  -2.4868505349621164E-01   1.4838310103994554E-02
   8.0251352383317389E-01  -3.1064423867521973E-01   5.0938413897838934E-01   1.3112856943662978E-02
   5.4201478695918484E-01   4.8314853202385564E-01  -6.8759542372007010E-01   1.4200986063159751E-02
   6.4911075750491580E-01   6.9788015909030152E-01  -3.0268549360597019E-01   1.6072062720370592E-02
  -1.3562814072687071E-01   9.3693853577221962E-01  -3.2210431171901659E-01   1.5046614278919501E-02
  -9.1713878901774244E-01  -3.9737774281535847E-01   3.0779395608741518E-02   1.3812047589121324E-02
   1.0291748305535824E-01  -7.6264256055750890E-01  -6.3857992178570457E-01   1.7524108994161760E-02
  -1.3252580118376553E-01   3.7674117564962017E-01  -9.1678950615217190E-01   1.4450055328054452E-02
  -7.5354255833268455E-01   2.6430985692490094E-01   6.0192517168978004E-01   1.7731511295046774E-02
