# Data from J.L. Campbell and Tibor Papp, Atomic Data and Nuclear Data Tables 77, 1-56 (2001)
# doi:10.1006/adnd.2000.0848
# Beginning with Z=10 data from Tables IIA and IIB, Z=3,6-8 from Table I
#  WARNING no data for Z=4, Z=5, Z=9 values are made up!!!
# Z  K     L1    L2    L3    M1   M2    M3     M4    M5   N1   N2    N3   N4   N5   N6   N7
3    0.03
4    0.05
5    0.05
6    0.1
7    0.132
8    0.14
9    0.16
10   0.24  0     0.01  0.01
11   0.28  0.28  0.02  0.02
12   0.33  0.46  0.03  0.03
13   0.37  0.78  0.04  0.04
14   0.43  0.9   0.05  0.05
15   0.47  1.1   0.07  0.07
16   0.52  1.3   0.09  0.09
17   0.57  1.5   0.11  0.11
18   0.66  1.8   0.13  0.13  0.14
19   0.71  2.1   0.18  0.18  0.7
20   0.77  2.5   0.21  0.21  1.1   1.2   1.2
21   0.83  3.3   0.36  0.23  1.7   1.2   1.2
22   0.89  3.9   0.52  0.25  2.1   1.2   1.2
23   0.96  4.6   0.78  0.28  2.2   1.2   1.2
24   1.02  5.2   0.76  0.32  2.3   1.2   1.2
25   1.11  6.2   0.97  0.36  2.4   1.2   1.2
26   1.19  7.0   1.14  0.41  2.4   1.23  1.23
27   1.28  7.2   1.13  0.47  2.4   1.25  1.27
28   1.39  6.4   0.98  0.53  2.3   1.3   1.3
29   1.49  5.5   1.04  0.61  2.2   1.9   1.8
30   1.62  4.8   1.06  0.68  2.1   2.1   2.15
31   1.76  4.1   0.77  0.77  2.0   2.25  2.3   0.012
32   1.92  3.8   0.86  0.86  2.1   2.3   2.3   0.045 0.044
33   2.09  3.8   0.95  0.94  2.4   2.25  2.25  0.058 0.06
34   2.28  3.8   1.05  1.02  2.8   2.2   2.2   0.065 0.066
35   2.49  3.8   1.14  1.11  3.2   2.1   2.15  0.068 0.07
36   2.71  3.75  1.25  1.19  3.5   1.6   1.1   0.07  0.072   0.4
37   2.96  3.75  1.34  1.27  4.0   1.9   1.95  0.067 0.069   1.2
38   3.23  3.75  1.43  1.35  4.4   1.9   1.9   0.061 0.064   1.6   0.4
39   3.51  3.75  1.53  1.43  4.9   1.95  1.95  0.062 0.066   2.0   0.8   0.3
40   3.83  3.75  1.63  1.51  5.4   2.0   2.0   0.07  0.074   2.4   1.2   0.6
41   4.16  3.8   1.73  1.6   5.8   2.05  2.05  0.092 0.095   2.8   1.5   1.0
42   4.52  3.8   1.83  1.69  6.3   2.1   2.1   0.22  0.12   3.2   2.2   1.6
43   4.91  3.8   1.93  1.78  6.7   2.15  2.15  0.5   0.14   3.5   2.7   2.2
44   5.33  3.9   2.03  1.87  7.2   2.2   2.2   0.59  0.17   3.9   3.2   2.8
45   5.77  4.0   2.13  1.96  7.6   2.25  2.25  0.61  0.21   4.2   4.2   3.8
46   6.25  3.9   2.23  2.05  8.0   2.35  2.35  0.26  0.26   4.35  6.4   5.6
47   6.76  3.8   2.32  2.15  8.4   2.45  2.55  0.3   0.31   4.4   8.4   8.0
48   7.32  3.5   2.42  2.24  8.8   2.55  2.8   0.34  0.35   4.4   10.8  10.5
49   7.9   3.0   2.53  2.34  9.2   2.7   3.05  0.38  0.39   4.2   13.2  14.0
50   8.53  2.4   2.64  2.43  9.6   2.85  3.3   0.43  0.44   3.4   17.0  17.0  0.08  0.08
51   9.2   2.3   2.74  2.53  10.0  3.0   3.6   0.47  0.48   2.6   0     0     0.14  0.14
52   9.91  2.2   2.84  2.62  10.2  3.2   3.9   0.52  0.52   2.4   0     0     0.17  0.2
53   10.7  2.1   2.95  2.72  10.4  3.35  4.3   0.56  0.56   2.4   0     0     0.11  0.12
54   11.5  2.0   3.05  2.82  10.6  3.5   4.7   0.6   0.6   2.6   0     0     0.1   0.08
55   12.3  2.0   3.15  2.92  10.8  3.7   5.0   0.63  0.63   2.8   0     0     0.08  0.08
56   13.2  2.1   3.25  3.02  11.1  3.9   5.4   0.67  0.67   3.1   5.0   1.3   0.08  0.08
57   14.2  2.2   3.35  3.12  11.4  4.1   5.8   0.7   0.7   3.3   5.03  1.45  0.09  0.1
58   15.2  2.5   3.41  3.19  11.6  4.3   6.2   0.72  0.72   3.5   5.06  1.6   0.61  0.32
59   16.2  2.7   3.48  3.27  11.8  4.5   6.7   0.75  0.75   3.7   5.08  1.75  0.78  0.53
60   17.4  2.9   3.55  3.36  12.0  4.7   7.3   0.78  0.78   4.0   5.1   1.9   1.05  0.8
61   18.5  3.1   3.63  3.44  12.2  5.0   7.8   0.82  0.82   4.2   5.13  2.05  1.38  1.11
62   19.8  3.3   3.7   3.53  12.4  5.2   8.1   0.86  0.86   4.4   5.16  2.2   1.78  1.48
63   21.1  3.6   3.77  3.62  12.6  5.4   8.2   0.9   0.9   4.6   5.2   2.35  2.2   1.9
64   22.4  3.8   3.87  3.72  12.8  5.6   8.3   0.95  0.95   4.9   5.23  2.5   2.45  2.2
65   23.8  4.0   3.93  3.8   13.0  5.8   8.2   1.01  1.01   5.1   5.26  2.65  2.7   2.4
66   25.3  4.3   4.01  3.9   13.2  6.0   8.0   1.065 1.065   5.4   5.3   2.8   2.95  2.6
67   26.9  4.5   4.09  4.0   13.4  6.3   7.8   1.13  1.13   5.6   5.33  2.95  3.15  2.8
68   28.5  4.7   4.18  4.1   13.6  6.6   7.5   1.2   1.2   5.8   5.36  3.15  3.35  2.95
69   30.2  4.9   4.26  4.2   13.8  6.85  7.1   1.27  1.27   6.1   5.4   3.3   3.55  3.1
70   32.0  5.2   4.36  4.31  13.9  7.1   6.7   1.35  1.35   6.3   5.5   3.5   3.7   3.2   0.03  0.03
71   33.9  5.4   4.46  4.43  14.1  7.3   6.0   1.43  1.43   6.6   5.5   3.65  3.8   3.3   0.03  0.03
72   35.9  5.7   4.57  4.55  14.2  7.5   5.6   1.52  1.52   6.8   5.6   3.85  3.9   3.5   0.07  0.03
73   37.9  6.0   4.69  4.68  14.3  7.8   5.7   1.61  1.61   7.0   5.7   4.0   4.0   3.65  0.08  0.04
74   40.1  6.3   4.82  4.81  14.5  8.1   6.4   1.7   1.7   7.3   5.8   4.2   4.1   3.8   0.1   0.06
75   42.2  6.7   4.95  4.95  14.6  8.4   6.9   1.79  1.79   7.5   5.9   4.4   4.1   3.9   0.15  0.11
76   44.6  7.2   5.09  5.09  14.7  8.6   7.5   1.89  1.89   7.7   6.0   4.6   4.1   3.9   0.22  0.18
77   47.0  7.9   5.23  5.24  14.8  8.9   8.0   1.99  1.99   8.0   6.1   4.75  4.1   4.0   0.31  0.27
78   49.5  8.8   5.38  5.39  14.9  9.2   8.3   2.08  2.08   8.25  6.25  4.9   4.1   3.95  0.35  0.31
79   52.1  9.8   5.53  5.54  15.0  9.5   8.5   2.18  2.18   8.5   6.4   5.05  4.1   3.9   0.37  0.33
80   54.8  10.5  5.69  5.71  15.1  9.8   8.6   2.28  2.28   8.8   6.55  5.3   4.0   3.85  0.33  0.31
81   57.6  11.1  5.87  5.89  15.1  10.1  8.7   2.38  2.38   9.1   6.7   5.6   3.9   3.8   0.29  0.27
82   60.6  11.8  5.04  6.07  15.2  10.4  8.7   2.48  2.48   9.35  6.9   5.8   3.8   3.8   0.26  0.23
83   63.6  12.3  6.22  6.27  15.2  10.7  8.6   2.58  2.58   9.6   7.2   5.95  3.8   3.8   0.22  0.2
84   66.8  12.7  6.41  6.46  15.3  11.1  8.5   2.68  2.68   9.9   7.35  6.2   3.9   3.8   0.19  0.18
85   70.0  13.0  6.6   6.66  15.3  11.4  8.4   2.78  2.78   10.1  7.6   6.4   3.9   3.85  0.17  0.16
86   73.4  13.2  6.81  6.87  15.3  11.7  8.3   2.88  2.88   10.4  7.8   6.6   4.0   3.9   0.16  0.16
87   76.9  13.5  7.02  7.08  15.4  12.1  8.2   2.98  2.98   10.7  8.1   6.8   4.1   3.95  0.15  0.15
88   80.6  13.7  7.5   7.29  15.4  12.5  8.2   3.08  3.08   10.95 8.3   7.0   4.15  4.0   0.15  0.16
89   84.4  14.0  8.0   7.51  15.4  12.9  8.0   3.18  3.18   11.2  8.5   7.25  4.2   4.05  0.15  0.17
90   88.2  14.3  8.5   7.74  15.5  13.2  8.0   3.28  3.28   11.5  8.75  7.5   4.3   4.1   0.15  0.18
91   92.1  14.7  9.1   7.97  15.5  13.6  7.9   3.39  3.39   11.6  9.2   7.75  4.4   4.2   0.29  0.25
92   96.3  16.0  10.0  8.2   15.5  14.1  7.9   3.5   3.5   12.2  9.6   8.0   4.5   4.25  0.37  0.31
