#   iter=  100   gam= 0.18374662E-01   kpref= 0.46716700E-05
     #   Energy           Spect        Spect(0)            SPKK         SPKK(0)
-0.40817000E+02  0.12566960E-07  0.12566960E-07 -0.17022260E-05 -0.17022260E-05
-0.40726296E+02  0.12603859E-07  0.12603859E-07 -0.17045088E-05 -0.17045088E-05
-0.40635592E+02  0.12640932E-07  0.12640932E-07 -0.17067983E-05 -0.17067983E-05
-0.40544887E+02  0.12678183E-07  0.12678183E-07 -0.17090945E-05 -0.17090945E-05
-0.40454183E+02  0.12715611E-07  0.12715611E-07 -0.17113975E-05 -0.17113975E-05
-0.40363479E+02  0.12753219E-07  0.12753219E-07 -0.17137073E-05 -0.17137073E-05
-0.40272775E+02  0.12791006E-07  0.12791006E-07 -0.17160239E-05 -0.17160239E-05
-0.40182071E+02  0.12828975E-07  0.12828975E-07 -0.17183475E-05 -0.17183475E-05
-0.40091367E+02  0.12867125E-07  0.12867125E-07 -0.17206777E-05 -0.17206777E-05
-0.40000662E+02  0.12905462E-07  0.12905462E-07 -0.17230151E-05 -0.17230151E-05
-0.39909958E+02  0.12943983E-07  0.12943983E-07 -0.17253594E-05 -0.17253594E-05
-0.39819254E+02  0.12982692E-07  0.12982692E-07 -0.17277107E-05 -0.17277107E-05
-0.39728550E+02  0.13021588E-07  0.13021588E-07 -0.17300691E-05 -0.17300691E-05
-0.39637846E+02  0.13060673E-07  0.13060673E-07 -0.17324345E-05 -0.17324345E-05
-0.39547142E+02  0.13099949E-07  0.13099949E-07 -0.17348070E-05 -0.17348070E-05
-0.39456437E+02  0.13139416E-07  0.13139416E-07 -0.17371867E-05 -0.17371867E-05
-0.39365733E+02  0.13179077E-07  0.13179077E-07 -0.17395735E-05 -0.17395735E-05
-0.39275029E+02  0.13218932E-07  0.13218932E-07 -0.17419676E-05 -0.17419676E-05
-0.39184325E+02  0.13258983E-07  0.13258983E-07 -0.17443689E-05 -0.17443689E-05
-0.39093621E+02  0.13299231E-07  0.13299231E-07 -0.17467775E-05 -0.17467775E-05
-0.39002917E+02  0.13339678E-07  0.13339678E-07 -0.17491934E-05 -0.17491934E-05
-0.38912212E+02  0.13380324E-07  0.13380324E-07 -0.17516166E-05 -0.17516166E-05
-0.38821508E+02  0.13421172E-07  0.13421172E-07 -0.17540473E-05 -0.17540473E-05
-0.38730804E+02  0.13462223E-07  0.13462223E-07 -0.17564853E-05 -0.17564853E-05
-0.38640100E+02  0.13503478E-07  0.13503478E-07 -0.17589309E-05 -0.17589309E-05
-0.38549396E+02  0.13544938E-07  0.13544938E-07 -0.17613839E-05 -0.17613839E-05
-0.38458692E+02  0.13586604E-07  0.13586604E-07 -0.17638443E-05 -0.17638443E-05
-0.38367987E+02  0.13628480E-07  0.13628480E-07 -0.17663124E-05 -0.17663124E-05
-0.38277283E+02  0.13670566E-07  0.13670566E-07 -0.17687882E-05 -0.17687882E-05
-0.38186579E+02  0.13712864E-07  0.13712864E-07 -0.17712716E-05 -0.17712716E-05
-0.38095875E+02  0.13755376E-07  0.13755376E-07 -0.17737627E-05 -0.17737627E-05
-0.38005171E+02  0.13798101E-07  0.13798101E-07 -0.17762615E-05 -0.17762615E-05
-0.37914467E+02  0.13841043E-07  0.13841043E-07 -0.17787681E-05 -0.17787681E-05
-0.37823762E+02  0.13884203E-07  0.13884203E-07 -0.17812825E-05 -0.17812825E-05
-0.37733058E+02  0.13927582E-07  0.13927582E-07 -0.17838048E-05 -0.17838048E-05
-0.37642354E+02  0.13971181E-07  0.13971181E-07 -0.17863349E-05 -0.17863349E-05
-0.37551650E+02  0.14015004E-07  0.14015004E-07 -0.17888730E-05 -0.17888730E-05
-0.37460946E+02  0.14059050E-07  0.14059050E-07 -0.17914190E-05 -0.17914190E-05
-0.37370242E+02  0.14103322E-07  0.14103322E-07 -0.17939730E-05 -0.17939730E-05
-0.37279537E+02  0.14147821E-07  0.14147821E-07 -0.17965351E-05 -0.17965351E-05
-0.37188833E+02  0.14192550E-07  0.14192550E-07 -0.17991053E-05 -0.17991053E-05
-0.37098129E+02  0.14237509E-07  0.14237509E-07 -0.18016836E-05 -0.18016836E-05
-0.37007425E+02  0.14282700E-07  0.14282700E-07 -0.18042701E-05 -0.18042701E-05
-0.36916721E+02  0.14328126E-07  0.14328126E-07 -0.18068648E-05 -0.18068648E-05
-0.36826017E+02  0.14373785E-07  0.14373785E-07 -0.18094675E-05 -0.18094675E-05
-0.36735312E+02  0.14419684E-07  0.14419684E-07 -0.18120788E-05 -0.18120788E-05
-0.36644608E+02  0.14465822E-07  0.14465822E-07 -0.18146984E-05 -0.18146984E-05
-0.36553904E+02  0.14512202E-07  0.14512202E-07 -0.18173264E-05 -0.18173264E-05
-0.36463200E+02  0.14558824E-07  0.14558824E-07 -0.18199628E-05 -0.18199628E-05
-0.36372496E+02  0.14605692E-07  0.14605692E-07 -0.18226077E-05 -0.18226077E-05
-0.36281792E+02  0.14652806E-07  0.14652806E-07 -0.18252611E-05 -0.18252611E-05
-0.36191087E+02  0.14700168E-07  0.14700168E-07 -0.18279231E-05 -0.18279231E-05
-0.36100383E+02  0.14747780E-07  0.14747780E-07 -0.18305937E-05 -0.18305937E-05
-0.36009679E+02  0.14795645E-07  0.14795645E-07 -0.18332730E-05 -0.18332730E-05
-0.35918975E+02  0.14843764E-07  0.14843764E-07 -0.18359609E-05 -0.18359609E-05
-0.35828271E+02  0.14892139E-07  0.14892139E-07 -0.18386576E-05 -0.18386576E-05
-0.35737567E+02  0.14940772E-07  0.14940772E-07 -0.18413631E-05 -0.18413631E-05
-0.35646862E+02  0.14989665E-07  0.14989665E-07 -0.18440775E-05 -0.18440775E-05
-0.35556158E+02  0.15038819E-07  0.15038819E-07 -0.18468007E-05 -0.18468007E-05
-0.35465454E+02  0.15088238E-07  0.15088238E-07 -0.18495329E-05 -0.18495329E-05
-0.35374750E+02  0.15137922E-07  0.15137922E-07 -0.18522740E-05 -0.18522740E-05
-0.35284046E+02  0.15187875E-07  0.15187875E-07 -0.18550242E-05 -0.18550242E-05
-0.35193342E+02  0.15238094E-07  0.15238094E-07 -0.18577833E-05 -0.18577833E-05
-0.35102638E+02  0.15288589E-07  0.15288589E-07 -0.18605517E-05 -0.18605517E-05
-0.35011933E+02  0.15339358E-07  0.15339358E-07 -0.18633293E-05 -0.18633293E-05
-0.34921229E+02  0.15390403E-07  0.15390403E-07 -0.18661161E-05 -0.18661161E-05
-0.34830525E+02  0.15441727E-07  0.15441727E-07 -0.18689122E-05 -0.18689122E-05
-0.34739821E+02  0.15493332E-07  0.15493332E-07 -0.18717176E-05 -0.18717176E-05
-0.34649117E+02  0.15545219E-07  0.15545219E-07 -0.18745324E-05 -0.18745324E-05
-0.34558413E+02  0.15597392E-07  0.15597392E-07 -0.18773567E-05 -0.18773567E-05
-0.34467708E+02  0.15649852E-07  0.15649852E-07 -0.18801904E-05 -0.18801904E-05
-0.34377004E+02  0.15702601E-07  0.15702601E-07 -0.18830337E-05 -0.18830337E-05
-0.34286300E+02  0.15755643E-07  0.15755643E-07 -0.18858865E-05 -0.18858865E-05
-0.34195596E+02  0.15808978E-07  0.15808978E-07 -0.18887490E-05 -0.18887490E-05
-0.34104892E+02  0.15862610E-07  0.15862610E-07 -0.18916213E-05 -0.18916213E-05
-0.34014187E+02  0.15916541E-07  0.15916541E-07 -0.18945032E-05 -0.18945032E-05
-0.33923483E+02  0.15970774E-07  0.15970774E-07 -0.18973950E-05 -0.18973950E-05
-0.33832779E+02  0.16025310E-07  0.16025310E-07 -0.19002966E-05 -0.19002966E-05
-0.33742075E+02  0.16080151E-07  0.16080151E-07 -0.19032081E-05 -0.19032081E-05
-0.33651371E+02  0.16135302E-07  0.16135302E-07 -0.19061296E-05 -0.19061296E-05
-0.33560667E+02  0.16190761E-07  0.16190761E-07 -0.19090610E-05 -0.19090610E-05
-0.33469962E+02  0.16246536E-07  0.16246536E-07 -0.19120026E-05 -0.19120026E-05
-0.33379258E+02  0.16302628E-07  0.16302628E-07 -0.19149544E-05 -0.19149544E-05
-0.33288554E+02  0.16359038E-07  0.16359038E-07 -0.19179164E-05 -0.19179164E-05
-0.33197850E+02  0.16415769E-07  0.16415769E-07 -0.19208886E-05 -0.19208886E-05
-0.33107146E+02  0.16472825E-07  0.16472825E-07 -0.19238711E-05 -0.19238711E-05
-0.33016442E+02  0.16530207E-07  0.16530207E-07 -0.19268640E-05 -0.19268640E-05
-0.32925737E+02  0.16587918E-07  0.16587918E-07 -0.19298674E-05 -0.19298674E-05
-0.32835033E+02  0.16645961E-07  0.16645961E-07 -0.19328812E-05 -0.19328812E-05
-0.32744329E+02  0.16704339E-07  0.16704339E-07 -0.19359056E-05 -0.19359056E-05
-0.32653625E+02  0.16763055E-07  0.16763055E-07 -0.19389407E-05 -0.19389407E-05
-0.32562921E+02  0.16822110E-07  0.16822110E-07 -0.19419863E-05 -0.19419863E-05
-0.32472217E+02  0.16881509E-07  0.16881509E-07 -0.19450428E-05 -0.19450428E-05
-0.32381512E+02  0.16941253E-07  0.16941253E-07 -0.19481100E-05 -0.19481100E-05
-0.32290808E+02  0.17001347E-07  0.17001347E-07 -0.19511881E-05 -0.19511881E-05
-0.32200104E+02  0.17061792E-07  0.17061792E-07 -0.19542771E-05 -0.19542771E-05
-0.32109400E+02  0.17122591E-07  0.17122591E-07 -0.19573771E-05 -0.19573771E-05
-0.32018696E+02  0.17183746E-07  0.17183746E-07 -0.19604880E-05 -0.19604880E-05
-0.31927992E+02  0.17245264E-07  0.17245264E-07 -0.19636102E-05 -0.19636102E-05
-0.31837287E+02  0.17307146E-07  0.17307146E-07 -0.19667436E-05 -0.19667436E-05
-0.31746583E+02  0.17369395E-07  0.17369395E-07 -0.19698882E-05 -0.19698882E-05
-0.31655879E+02  0.17432014E-07  0.17432014E-07 -0.19730442E-05 -0.19730442E-05
-0.31565175E+02  0.17495007E-07  0.17495007E-07 -0.19762115E-05 -0.19762115E-05
-0.31474471E+02  0.17558375E-07  0.17558375E-07 -0.19793903E-05 -0.19793903E-05
-0.31383767E+02  0.17622123E-07  0.17622123E-07 -0.19825807E-05 -0.19825807E-05
-0.31293062E+02  0.17686254E-07  0.17686254E-07 -0.19857826E-05 -0.19857826E-05
-0.31202358E+02  0.17750772E-07  0.17750772E-07 -0.19889961E-05 -0.19889961E-05
-0.31111654E+02  0.17815678E-07  0.17815678E-07 -0.19922215E-05 -0.19922215E-05
-0.31020950E+02  0.17880978E-07  0.17880978E-07 -0.19954586E-05 -0.19954586E-05
-0.30930246E+02  0.17946674E-07  0.17946674E-07 -0.19987076E-05 -0.19987076E-05
-0.30839542E+02  0.18012769E-07  0.18012769E-07 -0.20019685E-05 -0.20019685E-05
-0.30748837E+02  0.18079268E-07  0.18079268E-07 -0.20052415E-05 -0.20052415E-05
-0.30658133E+02  0.18146174E-07  0.18146174E-07 -0.20085265E-05 -0.20085265E-05
-0.30567429E+02  0.18213489E-07  0.18213489E-07 -0.20118237E-05 -0.20118237E-05
-0.30476725E+02  0.18281219E-07  0.18281219E-07 -0.20151332E-05 -0.20151332E-05
-0.30386021E+02  0.18349363E-07  0.18349363E-07 -0.20184548E-05 -0.20184548E-05
-0.30295317E+02  0.18417932E-07  0.18417932E-07 -0.20217889E-05 -0.20217889E-05
-0.30204612E+02  0.18486926E-07  0.18486926E-07 -0.20251356E-05 -0.20251356E-05
-0.30113908E+02  0.18556350E-07  0.18556350E-07 -0.20284948E-05 -0.20284948E-05
-0.30023204E+02  0.18626206E-07  0.18626206E-07 -0.20318666E-05 -0.20318666E-05
-0.29932500E+02  0.18696498E-07  0.18696498E-07 -0.20352511E-05 -0.20352511E-05
-0.29841796E+02  0.18767231E-07  0.18767231E-07 -0.20386484E-05 -0.20386484E-05
-0.29751092E+02  0.18838409E-07  0.18838409E-07 -0.20420586E-05 -0.20420586E-05
-0.29660387E+02  0.18910036E-07  0.18910036E-07 -0.20454817E-05 -0.20454817E-05
-0.29569683E+02  0.18982115E-07  0.18982115E-07 -0.20489179E-05 -0.20489179E-05
-0.29478979E+02  0.19054651E-07  0.19054651E-07 -0.20523671E-05 -0.20523671E-05
-0.29388275E+02  0.19127648E-07  0.19127648E-07 -0.20558296E-05 -0.20558296E-05
-0.29297571E+02  0.19201110E-07  0.19201110E-07 -0.20593053E-05 -0.20593053E-05
-0.29206867E+02  0.19275041E-07  0.19275041E-07 -0.20627944E-05 -0.20627944E-05
-0.29116162E+02  0.19349447E-07  0.19349447E-07 -0.20662969E-05 -0.20662969E-05
-0.29025458E+02  0.19424330E-07  0.19424330E-07 -0.20698130E-05 -0.20698130E-05
-0.28934754E+02  0.19499695E-07  0.19499695E-07 -0.20733427E-05 -0.20733427E-05
-0.28844050E+02  0.19575549E-07  0.19575549E-07 -0.20768860E-05 -0.20768860E-05
-0.28753346E+02  0.19651890E-07  0.19651890E-07 -0.20804430E-05 -0.20804430E-05
-0.28662642E+02  0.19728731E-07  0.19728731E-07 -0.20840141E-05 -0.20840141E-05
-0.28571937E+02  0.19806073E-07  0.19806073E-07 -0.20875991E-05 -0.20875991E-05
-0.28481233E+02  0.19883921E-07  0.19883921E-07 -0.20911983E-05 -0.20911983E-05
-0.28390529E+02  0.19962279E-07  0.19962279E-07 -0.20948116E-05 -0.20948116E-05
-0.28299825E+02  0.20041153E-07  0.20041153E-07 -0.20984391E-05 -0.20984391E-05
-0.28209121E+02  0.20120547E-07  0.20120547E-07 -0.21020810E-05 -0.21020810E-05
-0.28118417E+02  0.20200466E-07  0.20200466E-07 -0.21057373E-05 -0.21057373E-05
-0.28027712E+02  0.20280915E-07  0.20280915E-07 -0.21094081E-05 -0.21094081E-05
-0.27937008E+02  0.20361899E-07  0.20361899E-07 -0.21130936E-05 -0.21130936E-05
-0.27846304E+02  0.20443424E-07  0.20443424E-07 -0.21167939E-05 -0.21167939E-05
-0.27755600E+02  0.20525494E-07  0.20525494E-07 -0.21205089E-05 -0.21205089E-05
-0.27664896E+02  0.20608115E-07  0.20608115E-07 -0.21242389E-05 -0.21242389E-05
-0.27574192E+02  0.20691292E-07  0.20691292E-07 -0.21279839E-05 -0.21279839E-05
-0.27483487E+02  0.20775031E-07  0.20775031E-07 -0.21317440E-05 -0.21317440E-05
-0.27392783E+02  0.20859337E-07  0.20859337E-07 -0.21355194E-05 -0.21355194E-05
-0.27302079E+02  0.20944215E-07  0.20944215E-07 -0.21393101E-05 -0.21393101E-05
-0.27211375E+02  0.21029672E-07  0.21029672E-07 -0.21431162E-05 -0.21431162E-05
-0.27120671E+02  0.21115709E-07  0.21115709E-07 -0.21469377E-05 -0.21469377E-05
-0.27029967E+02  0.21202340E-07  0.21202340E-07 -0.21507750E-05 -0.21507750E-05
-0.26939262E+02  0.21289567E-07  0.21289567E-07 -0.21546281E-05 -0.21546281E-05
-0.26848558E+02  0.21377395E-07  0.21377395E-07 -0.21584971E-05 -0.21584971E-05
-0.26757854E+02  0.21465831E-07  0.21465831E-07 -0.21623820E-05 -0.21623820E-05
-0.26667150E+02  0.21554881E-07  0.21554881E-07 -0.21662830E-05 -0.21662830E-05
-0.26576446E+02  0.21644551E-07  0.21644551E-07 -0.21702003E-05 -0.21702003E-05
-0.26485742E+02  0.21734847E-07  0.21734847E-07 -0.21741338E-05 -0.21741338E-05
-0.26395037E+02  0.21825775E-07  0.21825775E-07 -0.21780838E-05 -0.21780838E-05
-0.26304333E+02  0.21917343E-07  0.21917343E-07 -0.21820503E-05 -0.21820503E-05
-0.26213629E+02  0.22009556E-07  0.22009556E-07 -0.21860335E-05 -0.21860335E-05
-0.26122925E+02  0.22102421E-07  0.22102421E-07 -0.21900334E-05 -0.21900334E-05
-0.26032221E+02  0.22195945E-07  0.22195945E-07 -0.21940502E-05 -0.21940502E-05
-0.25941517E+02  0.22290134E-07  0.22290134E-07 -0.21980841E-05 -0.21980841E-05
-0.25850812E+02  0.22384996E-07  0.22384996E-07 -0.22021351E-05 -0.22021351E-05
-0.25760108E+02  0.22480537E-07  0.22480537E-07 -0.22062033E-05 -0.22062033E-05
-0.25669404E+02  0.22576763E-07  0.22576763E-07 -0.22102889E-05 -0.22102889E-05
-0.25578700E+02  0.22673684E-07  0.22673684E-07 -0.22143920E-05 -0.22143920E-05
-0.25487996E+02  0.22771302E-07  0.22771302E-07 -0.22185125E-05 -0.22185125E-05
-0.25397292E+02  0.22869632E-07  0.22869632E-07 -0.22226511E-05 -0.22226511E-05
-0.25306587E+02  0.22968678E-07  0.22968678E-07 -0.22268075E-05 -0.22268075E-05
-0.25215883E+02  0.23068448E-07  0.23068448E-07 -0.22309819E-05 -0.22309819E-05
-0.25125179E+02  0.23168949E-07  0.23168949E-07 -0.22351745E-05 -0.22351745E-05
-0.25034475E+02  0.23270188E-07  0.23270188E-07 -0.22393853E-05 -0.22393853E-05
-0.24943771E+02  0.23372175E-07  0.23372175E-07 -0.22436146E-05 -0.22436146E-05
-0.24853067E+02  0.23474916E-07  0.23474916E-07 -0.22478625E-05 -0.22478625E-05
-0.24762362E+02  0.23578420E-07  0.23578420E-07 -0.22521290E-05 -0.22521290E-05
-0.24671658E+02  0.23682695E-07  0.23682695E-07 -0.22564143E-05 -0.22564143E-05
-0.24580954E+02  0.23787749E-07  0.23787749E-07 -0.22607187E-05 -0.22607187E-05
-0.24490250E+02  0.23893592E-07  0.23893592E-07 -0.22650421E-05 -0.22650421E-05
-0.24399546E+02  0.24000231E-07  0.24000231E-07 -0.22693848E-05 -0.22693848E-05
-0.24308842E+02  0.24107675E-07  0.24107675E-07 -0.22737469E-05 -0.22737469E-05
-0.24218137E+02  0.24215934E-07  0.24215934E-07 -0.22781286E-05 -0.22781286E-05
-0.24127433E+02  0.24325016E-07  0.24325016E-07 -0.22825299E-05 -0.22825299E-05
-0.24036729E+02  0.24434929E-07  0.24434929E-07 -0.22869511E-05 -0.22869511E-05
-0.23946025E+02  0.24545685E-07  0.24545685E-07 -0.22913923E-05 -0.22913923E-05
-0.23855321E+02  0.24657286E-07  0.24657286E-07 -0.22958534E-05 -0.22958534E-05
-0.23764617E+02  0.24769753E-07  0.24769753E-07 -0.23003350E-05 -0.23003350E-05
-0.23673912E+02  0.24883091E-07  0.24883091E-07 -0.23048371E-05 -0.23048371E-05
-0.23583208E+02  0.24997309E-07  0.24997309E-07 -0.23093599E-05 -0.23093599E-05
-0.23492504E+02  0.25112416E-07  0.25112416E-07 -0.23139034E-05 -0.23139034E-05
-0.23401800E+02  0.25228424E-07  0.25228424E-07 -0.23184678E-05 -0.23184678E-05
-0.23311096E+02  0.25345343E-07  0.25345343E-07 -0.23230534E-05 -0.23230534E-05
-0.23220392E+02  0.25463182E-07  0.25463182E-07 -0.23276603E-05 -0.23276603E-05
-0.23129687E+02  0.25581953E-07  0.25581953E-07 -0.23322886E-05 -0.23322886E-05
-0.23038983E+02  0.25701666E-07  0.25701666E-07 -0.23369385E-05 -0.23369385E-05
-0.22948279E+02  0.25822333E-07  0.25822333E-07 -0.23416101E-05 -0.23416101E-05
-0.22857575E+02  0.25943963E-07  0.25943963E-07 -0.23463038E-05 -0.23463038E-05
-0.22766871E+02  0.26066570E-07  0.26066570E-07 -0.23510196E-05 -0.23510196E-05
-0.22676167E+02  0.26190163E-07  0.26190163E-07 -0.23557576E-05 -0.23557576E-05
-0.22585462E+02  0.26314755E-07  0.26314755E-07 -0.23605182E-05 -0.23605182E-05
-0.22494758E+02  0.26440357E-07  0.26440357E-07 -0.23653014E-05 -0.23653014E-05
-0.22404054E+02  0.26566980E-07  0.26566980E-07 -0.23701075E-05 -0.23701075E-05
-0.22313350E+02  0.26694639E-07  0.26694639E-07 -0.23749366E-05 -0.23749366E-05
-0.22222646E+02  0.26823339E-07  0.26823339E-07 -0.23797887E-05 -0.23797887E-05
-0.22131942E+02  0.26953106E-07  0.26953106E-07 -0.23846645E-05 -0.23846645E-05
-0.22041237E+02  0.27083944E-07  0.27083944E-07 -0.23895639E-05 -0.23895639E-05
-0.21950533E+02  0.27215869E-07  0.27215869E-07 -0.23944871E-05 -0.23944871E-05
-0.21859829E+02  0.27348891E-07  0.27348891E-07 -0.23994344E-05 -0.23994344E-05
-0.21769125E+02  0.27483026E-07  0.27483026E-07 -0.24044058E-05 -0.24044058E-05
-0.21678421E+02  0.27618287E-07  0.27618287E-07 -0.24094016E-05 -0.24094016E-05
-0.21587717E+02  0.27754687E-07  0.27754687E-07 -0.24144221E-05 -0.24144221E-05
-0.21497012E+02  0.27892240E-07  0.27892240E-07 -0.24194674E-05 -0.24194674E-05
-0.21406308E+02  0.28030962E-07  0.28030962E-07 -0.24245377E-05 -0.24245377E-05
-0.21315604E+02  0.28170866E-07  0.28170866E-07 -0.24296332E-05 -0.24296332E-05
-0.21224900E+02  0.28311968E-07  0.28311968E-07 -0.24347542E-05 -0.24347542E-05
-0.21134196E+02  0.28454281E-07  0.28454281E-07 -0.24399009E-05 -0.24399009E-05
-0.21043492E+02  0.28597823E-07  0.28597823E-07 -0.24450735E-05 -0.24450735E-05
-0.20952787E+02  0.28742608E-07  0.28742608E-07 -0.24502722E-05 -0.24502722E-05
-0.20862083E+02  0.28888650E-07  0.28888650E-07 -0.24554973E-05 -0.24554973E-05
-0.20771379E+02  0.29035969E-07  0.29035969E-07 -0.24607489E-05 -0.24607489E-05
-0.20680675E+02  0.29184572E-07  0.29184572E-07 -0.24660270E-05 -0.24660270E-05
-0.20589971E+02  0.29334492E-07  0.29334492E-07 -0.24713325E-05 -0.24713325E-05
-0.20499267E+02  0.29485736E-07  0.29485736E-07 -0.24766653E-05 -0.24766653E-05
-0.20408562E+02  0.29638323E-07  0.29638323E-07 -0.24820257E-05 -0.24820257E-05
-0.20317858E+02  0.29792270E-07  0.29792270E-07 -0.24874137E-05 -0.24874137E-05
-0.20227154E+02  0.29947594E-07  0.29947594E-07 -0.24928298E-05 -0.24928298E-05
-0.20136450E+02  0.30104315E-07  0.30104315E-07 -0.24982742E-05 -0.24982742E-05
-0.20045746E+02  0.30262450E-07  0.30262450E-07 -0.25037471E-05 -0.25037471E-05
-0.19955042E+02  0.30422019E-07  0.30422019E-07 -0.25092488E-05 -0.25092488E-05
-0.19864337E+02  0.30583040E-07  0.30583040E-07 -0.25147795E-05 -0.25147795E-05
-0.19773633E+02  0.30745533E-07  0.30745533E-07 -0.25203396E-05 -0.25203396E-05
-0.19682929E+02  0.30909518E-07  0.30909518E-07 -0.25259292E-05 -0.25259292E-05
-0.19592225E+02  0.31075015E-07  0.31075015E-07 -0.25315486E-05 -0.25315486E-05
-0.19501521E+02  0.31242045E-07  0.31242045E-07 -0.25371982E-05 -0.25371982E-05
-0.19410817E+02  0.31410628E-07  0.31410628E-07 -0.25428782E-05 -0.25428782E-05
-0.19320112E+02  0.31580786E-07  0.31580786E-07 -0.25485888E-05 -0.25485888E-05
-0.19229408E+02  0.31752538E-07  0.31752538E-07 -0.25543304E-05 -0.25543304E-05
-0.19138704E+02  0.31925912E-07  0.31925912E-07 -0.25601033E-05 -0.25601033E-05
-0.19048000E+02  0.32100919E-07  0.32100919E-07 -0.25659074E-05 -0.25659074E-05
-0.18957296E+02  0.32277599E-07  0.32277599E-07 -0.25717438E-05 -0.25717438E-05
-0.18866592E+02  0.32455966E-07  0.32455966E-07 -0.25776122E-05 -0.25776122E-05
-0.18775887E+02  0.32636045E-07  0.32636045E-07 -0.25835132E-05 -0.25835132E-05
-0.18685183E+02  0.32817861E-07  0.32817861E-07 -0.25894469E-05 -0.25894469E-05
-0.18594479E+02  0.33001436E-07  0.33001436E-07 -0.25954137E-05 -0.25954137E-05
-0.18503775E+02  0.33186798E-07  0.33186798E-07 -0.26014140E-05 -0.26014140E-05
-0.18413071E+02  0.33373972E-07  0.33373972E-07 -0.26074480E-05 -0.26074480E-05
-0.18322367E+02  0.33562983E-07  0.33562983E-07 -0.26135160E-05 -0.26135160E-05
-0.18231662E+02  0.33753859E-07  0.33753859E-07 -0.26196185E-05 -0.26196185E-05
-0.18140958E+02  0.33946627E-07  0.33946627E-07 -0.26257557E-05 -0.26257557E-05
-0.18050254E+02  0.34141315E-07  0.34141315E-07 -0.26319280E-05 -0.26319280E-05
-0.17959550E+02  0.34337951E-07  0.34337951E-07 -0.26381357E-05 -0.26381357E-05
-0.17868846E+02  0.34536564E-07  0.34536564E-07 -0.26443792E-05 -0.26443792E-05
-0.17778142E+02  0.34737183E-07  0.34737183E-07 -0.26506589E-05 -0.26506589E-05
-0.17687437E+02  0.34939840E-07  0.34939840E-07 -0.26569752E-05 -0.26569752E-05
-0.17596733E+02  0.35144559E-07  0.35144559E-07 -0.26633282E-05 -0.26633282E-05
-0.17506029E+02  0.35351381E-07  0.35351381E-07 -0.26697186E-05 -0.26697186E-05
-0.17415325E+02  0.35560325E-07  0.35560325E-07 -0.26761462E-05 -0.26761462E-05
-0.17324621E+02  0.35771441E-07  0.35771441E-07 -0.26826123E-05 -0.26826123E-05
-0.17233917E+02  0.35984754E-07  0.35984754E-07 -0.26891168E-05 -0.26891168E-05
-0.17143212E+02  0.36200297E-07  0.36200297E-07 -0.26956602E-05 -0.26956602E-05
-0.17052508E+02  0.36418106E-07  0.36418106E-07 -0.27022428E-05 -0.27022428E-05
-0.16961804E+02  0.36638215E-07  0.36638215E-07 -0.27088650E-05 -0.27088650E-05
-0.16871100E+02  0.36860662E-07  0.36860662E-07 -0.27155273E-05 -0.27155273E-05
-0.16780396E+02  0.37085482E-07  0.37085482E-07 -0.27222301E-05 -0.27222301E-05
-0.16689692E+02  0.37312713E-07  0.37312713E-07 -0.27289739E-05 -0.27289739E-05
-0.16598987E+02  0.37542395E-07  0.37542395E-07 -0.27357590E-05 -0.27357590E-05
-0.16508283E+02  0.37774567E-07  0.37774567E-07 -0.27425859E-05 -0.27425859E-05
-0.16417579E+02  0.38009268E-07  0.38009268E-07 -0.27494551E-05 -0.27494551E-05
-0.16326875E+02  0.38246540E-07  0.38246540E-07 -0.27563671E-05 -0.27563671E-05
-0.16236171E+02  0.38486423E-07  0.38486423E-07 -0.27633222E-05 -0.27633222E-05
-0.16145467E+02  0.38728964E-07  0.38728964E-07 -0.27703210E-05 -0.27703210E-05
-0.16054762E+02  0.38974204E-07  0.38974204E-07 -0.27773640E-05 -0.27773640E-05
-0.15964058E+02  0.39222184E-07  0.39222184E-07 -0.27844516E-05 -0.27844516E-05
-0.15873354E+02  0.39472959E-07  0.39472959E-07 -0.27915844E-05 -0.27915844E-05
-0.15782650E+02  0.39726561E-07  0.39726561E-07 -0.27987624E-05 -0.27987624E-05
-0.15691946E+02  0.39983059E-07  0.39983059E-07 -0.28059870E-05 -0.28059870E-05
-0.15601242E+02  0.40242491E-07  0.40242491E-07 -0.28132584E-05 -0.28132584E-05
-0.15510537E+02  0.40504909E-07  0.40504909E-07 -0.28205769E-05 -0.28205769E-05
-0.15419833E+02  0.40770362E-07  0.40770362E-07 -0.28279433E-05 -0.28279433E-05
-0.15329129E+02  0.41038904E-07  0.41038904E-07 -0.28353580E-05 -0.28353580E-05
-0.15238425E+02  0.41310589E-07  0.41310589E-07 -0.28428216E-05 -0.28428216E-05
-0.15147721E+02  0.41585471E-07  0.41585471E-07 -0.28503347E-05 -0.28503347E-05
-0.15057017E+02  0.41863607E-07  0.41863607E-07 -0.28578978E-05 -0.28578978E-05
-0.14966312E+02  0.42145055E-07  0.42145055E-07 -0.28655116E-05 -0.28655116E-05
-0.14875608E+02  0.42429874E-07  0.42429874E-07 -0.28731766E-05 -0.28731766E-05
-0.14784904E+02  0.42718124E-07  0.42718124E-07 -0.28808935E-05 -0.28808935E-05
-0.14694200E+02  0.43009867E-07  0.43009867E-07 -0.28886628E-05 -0.28886628E-05
-0.14603496E+02  0.43305166E-07  0.43305166E-07 -0.28964853E-05 -0.28964853E-05
-0.14512792E+02  0.43604089E-07  0.43604089E-07 -0.29043616E-05 -0.29043616E-05
-0.14422087E+02  0.43906700E-07  0.43906700E-07 -0.29122923E-05 -0.29122923E-05
-0.14331383E+02  0.44213062E-07  0.44213062E-07 -0.29202781E-05 -0.29202781E-05
-0.14240679E+02  0.44523258E-07  0.44523258E-07 -0.29283197E-05 -0.29283197E-05
-0.14149975E+02  0.44837340E-07  0.44837340E-07 -0.29364174E-05 -0.29364174E-05
-0.14059271E+02  0.45155408E-07  0.45155408E-07 -0.29445727E-05 -0.29445727E-05
-0.13968567E+02  0.45477525E-07  0.45477525E-07 -0.29527859E-05 -0.29527859E-05
-0.13877862E+02  0.45803768E-07  0.45803768E-07 -0.29610578E-05 -0.29610578E-05
-0.13787158E+02  0.46134216E-07  0.46134216E-07 -0.29693891E-05 -0.29693891E-05
-0.13696454E+02  0.46468953E-07  0.46468953E-07 -0.29777806E-05 -0.29777806E-05
-0.13605750E+02  0.46808060E-07  0.46808060E-07 -0.29862331E-05 -0.29862331E-05
-0.13515046E+02  0.47151625E-07  0.47151625E-07 -0.29947473E-05 -0.29947473E-05
-0.13424342E+02  0.47499736E-07  0.47499736E-07 -0.30033241E-05 -0.30033241E-05
-0.13333637E+02  0.47852483E-07  0.47852483E-07 -0.30119643E-05 -0.30119643E-05
-0.13242933E+02  0.48209960E-07  0.48209960E-07 -0.30206687E-05 -0.30206687E-05
-0.13152229E+02  0.48572262E-07  0.48572262E-07 -0.30294383E-05 -0.30294383E-05
-0.13061525E+02  0.48939488E-07  0.48939488E-07 -0.30382738E-05 -0.30382738E-05
-0.12970821E+02  0.49311728E-07  0.49311728E-07 -0.30471760E-05 -0.30471760E-05
-0.12880117E+02  0.49689107E-07  0.49689107E-07 -0.30561462E-05 -0.30561462E-05
-0.12789412E+02  0.50071722E-07  0.50071722E-07 -0.30651851E-05 -0.30651851E-05
-0.12698708E+02  0.50459674E-07  0.50459674E-07 -0.30742936E-05 -0.30742936E-05
-0.12608004E+02  0.50853092E-07  0.50853092E-07 -0.30834729E-05 -0.30834729E-05
-0.12517300E+02  0.51252086E-07  0.51252086E-07 -0.30927239E-05 -0.30927239E-05
-0.12426596E+02  0.51656774E-07  0.51656774E-07 -0.31020475E-05 -0.31020475E-05
-0.12335892E+02  0.52067279E-07  0.52067279E-07 -0.31114448E-05 -0.31114448E-05
-0.12245187E+02  0.52483729E-07  0.52483729E-07 -0.31209169E-05 -0.31209169E-05
-0.12154483E+02  0.52906244E-07  0.52906244E-07 -0.31304646E-05 -0.31304646E-05
-0.12063779E+02  0.53334978E-07  0.53334978E-07 -0.31400896E-05 -0.31400896E-05
-0.11973075E+02  0.53770058E-07  0.53770058E-07 -0.31497926E-05 -0.31497926E-05
-0.11882371E+02  0.54211629E-07  0.54211629E-07 -0.31595748E-05 -0.31595748E-05
-0.11791667E+02  0.54659837E-07  0.54659837E-07 -0.31694375E-05 -0.31694375E-05
-0.11700962E+02  0.55114833E-07  0.55114833E-07 -0.31793818E-05 -0.31793818E-05
-0.11610258E+02  0.55576775E-07  0.55576775E-07 -0.31894090E-05 -0.31894090E-05
-0.11519554E+02  0.56045822E-07  0.56045822E-07 -0.31995204E-05 -0.31995204E-05
-0.11428850E+02  0.56522138E-07  0.56522138E-07 -0.32097171E-05 -0.32097171E-05
-0.11338146E+02  0.57005891E-07  0.57005891E-07 -0.32200004E-05 -0.32200004E-05
-0.11247442E+02  0.57497275E-07  0.57497275E-07 -0.32303720E-05 -0.32303720E-05
-0.11156737E+02  0.57996452E-07  0.57996452E-07 -0.32408330E-05 -0.32408330E-05
-0.11066033E+02  0.58503630E-07  0.58503630E-07 -0.32513851E-05 -0.32513851E-05
-0.10975329E+02  0.59018996E-07  0.59018996E-07 -0.32620295E-05 -0.32620295E-05
-0.10884625E+02  0.59542752E-07  0.59542752E-07 -0.32727679E-05 -0.32727679E-05
-0.10793921E+02  0.60075104E-07  0.60075104E-07 -0.32836016E-05 -0.32836016E-05
-0.10703217E+02  0.60616268E-07  0.60616268E-07 -0.32945323E-05 -0.32945323E-05
-0.10612512E+02  0.61166467E-07  0.61166467E-07 -0.33055616E-05 -0.33055616E-05
-0.10521808E+02  0.61725921E-07  0.61725921E-07 -0.33166908E-05 -0.33166908E-05
-0.10431104E+02  0.62294888E-07  0.62294888E-07 -0.33279222E-05 -0.33279222E-05
-0.10340400E+02  0.62873605E-07  0.62873605E-07 -0.33392572E-05 -0.33392572E-05
-0.10249696E+02  0.63462327E-07  0.63462327E-07 -0.33506976E-05 -0.33506976E-05
-0.10158992E+02  0.64061316E-07  0.64061316E-07 -0.33622452E-05 -0.33622452E-05
-0.10068287E+02  0.64670851E-07  0.64670851E-07 -0.33739020E-05 -0.33739020E-05
-0.99775833E+01  0.65291214E-07  0.65291214E-07 -0.33856698E-05 -0.33856698E-05
-0.98868792E+01  0.65922698E-07  0.65922698E-07 -0.33975505E-05 -0.33975505E-05
-0.97961750E+01  0.66565610E-07  0.66565610E-07 -0.34095463E-05 -0.34095463E-05
-0.97054708E+01  0.67220255E-07  0.67220255E-07 -0.34216589E-05 -0.34216589E-05
-0.96147667E+01  0.67886984E-07  0.67886984E-07 -0.34338910E-05 -0.34338910E-05
-0.95240625E+01  0.68566111E-07  0.68566111E-07 -0.34462444E-05 -0.34462444E-05
-0.94333583E+01  0.69258023E-07  0.69258023E-07 -0.34587216E-05 -0.34587216E-05
-0.93426542E+01  0.69963075E-07  0.69963075E-07 -0.34713249E-05 -0.34713249E-05
-0.92519500E+01  0.70681643E-07  0.70681643E-07 -0.34840566E-05 -0.34840566E-05
-0.91612458E+01  0.71414129E-07  0.71414129E-07 -0.34969191E-05 -0.34969191E-05
-0.90705417E+01  0.72160937E-07  0.72160937E-07 -0.35099148E-05 -0.35099148E-05
-0.89798375E+01  0.72922517E-07  0.72922517E-07 -0.35230467E-05 -0.35230467E-05
-0.88891333E+01  0.73699295E-07  0.73699295E-07 -0.35363170E-05 -0.35363170E-05
-0.87984292E+01  0.74491764E-07  0.74491764E-07 -0.35497290E-05 -0.35497290E-05
-0.87077250E+01  0.75300397E-07  0.75300397E-07 -0.35632854E-05 -0.35632854E-05
-0.86170208E+01  0.76125703E-07  0.76125703E-07 -0.35769890E-05 -0.35769890E-05
-0.85263167E+01  0.76968206E-07  0.76968206E-07 -0.35908428E-05 -0.35908428E-05
-0.84356125E+01  0.77828467E-07  0.77828467E-07 -0.36048500E-05 -0.36048500E-05
-0.83449083E+01  0.78707055E-07  0.78707055E-07 -0.36190139E-05 -0.36190139E-05
-0.82542042E+01  0.79604564E-07  0.79604564E-07 -0.36333376E-05 -0.36333376E-05
-0.81635000E+01  0.80521644E-07  0.80521644E-07 -0.36478248E-05 -0.36478248E-05
-0.80727958E+01  0.81458927E-07  0.81458927E-07 -0.36624787E-05 -0.36624787E-05
-0.79820917E+01  0.82417128E-07  0.82417128E-07 -0.36773035E-05 -0.36773035E-05
-0.78913875E+01  0.83396954E-07  0.83396954E-07 -0.36923027E-05 -0.36923027E-05
-0.78006833E+01  0.84399156E-07  0.84399156E-07 -0.37074802E-05 -0.37074802E-05
-0.77099792E+01  0.85424518E-07  0.85424518E-07 -0.37228401E-05 -0.37228401E-05
-0.76192750E+01  0.86473878E-07  0.86473878E-07 -0.37383867E-05 -0.37383867E-05
-0.75285708E+01  0.87548096E-07  0.87548096E-07 -0.37541242E-05 -0.37541242E-05
-0.74378667E+01  0.88648071E-07  0.88648071E-07 -0.37700571E-05 -0.37700571E-05
-0.73471625E+01  0.89774785E-07  0.89774785E-07 -0.37861902E-05 -0.37861902E-05
-0.72564583E+01  0.90929210E-07  0.90929210E-07 -0.38025280E-05 -0.38025280E-05
-0.71657542E+01  0.92112437E-07  0.92112437E-07 -0.38190762E-05 -0.38190762E-05
-0.70750500E+01  0.93325557E-07  0.93325557E-07 -0.38358396E-05 -0.38358396E-05
-0.69843458E+01  0.94569734E-07  0.94569734E-07 -0.38528235E-05 -0.38528235E-05
-0.68936417E+01  0.95846212E-07  0.95846212E-07 -0.38700339E-05 -0.38700339E-05
-0.68029375E+01  0.97156282E-07  0.97156282E-07 -0.38874763E-05 -0.38874763E-05
-0.67122333E+01  0.98501295E-07  0.98501295E-07 -0.39051568E-05 -0.39051568E-05
-0.66215292E+01  0.99882725E-07  0.99882725E-07 -0.39230820E-05 -0.39230820E-05
-0.65308250E+01  0.10130207E-06  0.10130207E-06 -0.39412579E-05 -0.39412579E-05
-0.64401208E+01  0.10276098E-06  0.10276098E-06 -0.39596921E-05 -0.39596921E-05
-0.63494167E+01  0.10426114E-06  0.10426114E-06 -0.39783915E-05 -0.39783915E-05
-0.62587125E+01  0.10580437E-06  0.10580437E-06 -0.39973635E-05 -0.39973635E-05
-0.61680083E+01  0.10739256E-06  0.10739256E-06 -0.40166157E-05 -0.40166157E-05
-0.60773042E+01  0.10902777E-06  0.10902777E-06 -0.40361565E-05 -0.40361565E-05
-0.59866000E+01  0.11071215E-06  0.11071215E-06 -0.40559942E-05 -0.40559942E-05
-0.58958958E+01  0.11244796E-06  0.11244796E-06 -0.40761375E-05 -0.40761375E-05
-0.58051917E+01  0.11423769E-06  0.11423769E-06 -0.40965960E-05 -0.40965960E-05
-0.57144875E+01  0.11608390E-06  0.11608390E-06 -0.41173790E-05 -0.41173790E-05
-0.56237833E+01  0.11798939E-06  0.11798939E-06 -0.41384973E-05 -0.41384973E-05
-0.55330792E+01  0.11995710E-06  0.11995710E-06 -0.41599612E-05 -0.41599612E-05
-0.54423750E+01  0.12199017E-06  0.12199017E-06 -0.41817819E-05 -0.41817819E-05
-0.53516708E+01  0.12409196E-06  0.12409196E-06 -0.42039710E-05 -0.42039710E-05
-0.52609667E+01  0.12626611E-06  0.12626611E-06 -0.42265411E-05 -0.42265411E-05
-0.51702625E+01  0.12851647E-06  0.12851647E-06 -0.42495050E-05 -0.42495050E-05
-0.50795583E+01  0.13084716E-06  0.13084716E-06 -0.42728761E-05 -0.42728761E-05
-0.49888542E+01  0.13326267E-06  0.13326267E-06 -0.42966692E-05 -0.42966692E-05
-0.48981500E+01  0.13576775E-06  0.13576775E-06 -0.43208989E-05 -0.43208989E-05
-0.48074458E+01  0.13836762E-06  0.13836762E-06 -0.43455820E-05 -0.43455820E-05
-0.47167417E+01  0.14106781E-06  0.14106781E-06 -0.43707350E-05 -0.43707350E-05
-0.46260375E+01  0.14387432E-06  0.14387432E-06 -0.43963757E-05 -0.43963757E-05
-0.45353333E+01  0.14679364E-06  0.14679364E-06 -0.44225230E-05 -0.44225230E-05
-0.44446292E+01  0.14983283E-06  0.14983283E-06 -0.44491970E-05 -0.44491970E-05
-0.43539250E+01  0.15299952E-06  0.15299952E-06 -0.44764189E-05 -0.44764189E-05
-0.42632208E+01  0.15630196E-06  0.15630196E-06 -0.45042110E-05 -0.45042110E-05
-0.41725167E+01  0.15974925E-06  0.15974925E-06 -0.45325977E-05 -0.45325977E-05
-0.40818125E+01  0.16335118E-06  0.16335118E-06 -0.45616039E-05 -0.45616039E-05
-0.39911083E+01  0.16711859E-06  0.16711859E-06 -0.45912577E-05 -0.45912577E-05
-0.39004042E+01  0.17106320E-06  0.17106320E-06 -0.46215877E-05 -0.46215877E-05
-0.38097000E+01  0.17519795E-06  0.17519795E-06 -0.46526249E-05 -0.46526249E-05
-0.37189958E+01  0.17953700E-06  0.17953700E-06 -0.46844023E-05 -0.46844023E-05
-0.36282917E+01  0.18409605E-06  0.18409605E-06 -0.47169556E-05 -0.47169556E-05
-0.35375875E+01  0.18889234E-06  0.18889234E-06 -0.47503230E-05 -0.47503230E-05
-0.34468833E+01  0.19394491E-06  0.19394491E-06 -0.47845450E-05 -0.47845450E-05
-0.33561792E+01  0.19927508E-06  0.19927508E-06 -0.48196664E-05 -0.48196664E-05
-0.32654750E+01  0.20490635E-06  0.20490635E-06 -0.48557339E-05 -0.48557339E-05
-0.31747708E+01  0.21086513E-06  0.21086513E-06 -0.48928001E-05 -0.48928001E-05
-0.30840667E+01  0.21718076E-06  0.21718076E-06 -0.49309197E-05 -0.49309197E-05
-0.29933625E+01  0.22388630E-06  0.22388630E-06 -0.49701531E-05 -0.49701531E-05
-0.29026583E+01  0.23101885E-06  0.23101885E-06 -0.50105653E-05 -0.50105653E-05
-0.28119542E+01  0.23862049E-06  0.23862049E-06 -0.50522279E-05 -0.50522279E-05
-0.27212500E+01  0.24673873E-06  0.24673873E-06 -0.50952181E-05 -0.50952181E-05
-0.26305458E+01  0.25542754E-06  0.25542754E-06 -0.51396197E-05 -0.51396197E-05
-0.25398417E+01  0.26474902E-06  0.26474902E-06 -0.51855265E-05 -0.51855265E-05
-0.24491375E+01  0.27477383E-06  0.27477383E-06 -0.52330385E-05 -0.52330385E-05
-0.23584333E+01  0.28558373E-06  0.28558373E-06 -0.52822684E-05 -0.52822684E-05
-0.22677292E+01  0.29727308E-06  0.29727308E-06 -0.53333378E-05 -0.53333378E-05
-0.21770250E+01  0.30995178E-06  0.30995178E-06 -0.53863817E-05 -0.53863817E-05
-0.20863208E+01  0.32374806E-06  0.32374806E-06 -0.54415486E-05 -0.54415486E-05
-0.19956167E+01  0.33881300E-06  0.33881300E-06 -0.54990036E-05 -0.54990036E-05
-0.19049125E+01  0.35532484E-06  0.35532484E-06 -0.55589284E-05 -0.55589284E-05
-0.18142083E+01  0.37349535E-06  0.37349535E-06 -0.56215232E-05 -0.56215232E-05
-0.17235042E+01  0.39357910E-06  0.39357910E-06 -0.56870123E-05 -0.56870123E-05
-0.16328000E+01  0.41588169E-06  0.41588169E-06 -0.57556395E-05 -0.57556395E-05
-0.15420958E+01  0.44077483E-06  0.44077483E-06 -0.58276760E-05 -0.58276760E-05
-0.14513917E+01  0.46871256E-06  0.46871256E-06 -0.59034153E-05 -0.59034153E-05
-0.13606875E+01  0.50025490E-06  0.50025490E-06 -0.59831750E-05 -0.59831750E-05
-0.12699833E+01  0.53609665E-06  0.53609665E-06 -0.60672898E-05 -0.60672898E-05
-0.11792792E+01  0.57710813E-06  0.57710813E-06 -0.61561032E-05 -0.61561032E-05
-0.10885750E+01  0.62438513E-06  0.62438513E-06 -0.62499427E-05 -0.62499427E-05
-0.99787083E+00  0.67931596E-06  0.67931596E-06 -0.63490807E-05 -0.63490807E-05
-0.90716667E+00  0.74367020E-06  0.74367020E-06 -0.64536698E-05 -0.64536698E-05
-0.81646250E+00  0.81969579E-06  0.81969579E-06 -0.65636102E-05 -0.65636102E-05
-0.72575833E+00  0.91023381E-06  0.91023381E-06 -0.66783518E-05 -0.66783518E-05
-0.63505417E+00  0.10188014E-05  0.10188014E-05 -0.67965421E-05 -0.67965421E-05
-0.54435000E+00  0.11495708E-05  0.11495708E-05 -0.69154884E-05 -0.69154884E-05
-0.45364583E+00  0.13070465E-05  0.13070465E-05 -0.70303695E-05 -0.70303695E-05
-0.36294167E+00  0.14951272E-05  0.14951272E-05 -0.71333051E-05 -0.71333051E-05
-0.27223750E+00  0.17151129E-05  0.17151129E-05 -0.72127345E-05 -0.72127345E-05
-0.18153333E+00  0.19626471E-05  0.19626471E-05 -0.72542447E-05 -0.72542447E-05
-0.90829167E-01  0.22249002E-05  0.22249002E-05 -0.72442100E-05 -0.72442100E-05
-0.12500000E-03  0.24809194E-05  0.24809194E-05 -0.71759273E-05 -0.71759273E-05
 0.90579167E-01  0.27070384E-05  0.27070384E-05 -0.70547016E-05 -0.70547016E-05
 0.18128333E+00  0.28848753E-05  0.28848753E-05 -0.68979306E-05 -0.68979306E-05
 0.27198750E+00  0.30077610E-05  0.30077610E-05 -0.67299845E-05 -0.67299845E-05
 0.36269167E+00  0.30826842E-05  0.30826842E-05 -0.65738357E-05 -0.65738357E-05
 0.45339583E+00  0.31258698E-05  0.31258698E-05 -0.64432579E-05 -0.64432579E-05
 0.54410000E+00  0.31545391E-05  0.31545391E-05 -0.63409357E-05 -0.63409357E-05
 0.63480417E+00  0.31813057E-05  0.31813057E-05 -0.62625003E-05 -0.62625003E-05
 0.72550833E+00  0.32137280E-05  0.32137280E-05 -0.62014363E-05 -0.62014363E-05
 0.81621250E+00  0.32565314E-05  0.32565314E-05 -0.61510388E-05 -0.61510388E-05
 0.90691667E+00  0.33125642E-05  0.33125642E-05 -0.61033726E-05 -0.61033726E-05
 0.99762083E+00  0.33806461E-05  0.33806461E-05 -0.60489356E-05 -0.60489356E-05
 0.10883250E+01  0.34536045E-05  0.34536045E-05 -0.59801429E-05 -0.59801429E-05
 0.11790292E+01  0.35209428E-05  0.35209428E-05 -0.58961769E-05 -0.58961769E-05
 0.12697333E+01  0.35753146E-05  0.35753146E-05 -0.58035742E-05 -0.58035742E-05
 0.13604375E+01  0.36169380E-05  0.36169380E-05 -0.57109404E-05 -0.57109404E-05
 0.14511417E+01  0.36518253E-05  0.36518253E-05 -0.56224175E-05 -0.56224175E-05
 0.15418458E+01  0.36859014E-05  0.36859014E-05 -0.55354548E-05 -0.55354548E-05
 0.16325500E+01  0.37201729E-05  0.37201729E-05 -0.54438199E-05 -0.54438199E-05
 0.17232542E+01  0.37501105E-05  0.37501105E-05 -0.53426507E-05 -0.53426507E-05
 0.18139583E+01  0.37688118E-05  0.37688118E-05 -0.52317761E-05 -0.52317761E-05
 0.19046625E+01  0.37710428E-05  0.37710428E-05 -0.51153529E-05 -0.51153529E-05
 0.19953667E+01  0.37550722E-05  0.37550722E-05 -0.49989439E-05 -0.49989439E-05
 0.20860708E+01  0.37215491E-05  0.37215491E-05 -0.48870089E-05 -0.48870089E-05
 0.21767750E+01  0.36715502E-05  0.36715502E-05 -0.47827449E-05 -0.47827449E-05
 0.22674792E+01  0.36060358E-05  0.36060358E-05 -0.46892980E-05 -0.46892980E-05
 0.23581833E+01  0.35267870E-05  0.35267870E-05 -0.46102565E-05 -0.46102565E-05
 0.24488875E+01  0.34370563E-05  0.34370563E-05 -0.45487383E-05 -0.45487383E-05
 0.25395917E+01  0.33408521E-05  0.33408521E-05 -0.45063704E-05 -0.45063704E-05
 0.26302958E+01  0.32417060E-05  0.32417060E-05 -0.44835229E-05 -0.44835229E-05
 0.27210000E+01  0.31424238E-05  0.31424238E-05 -0.44805060E-05 -0.44805060E-05
 0.28117042E+01  0.30461497E-05  0.30461497E-05 -0.44981988E-05 -0.44981988E-05
 0.29024083E+01  0.29574945E-05  0.29574945E-05 -0.45372596E-05 -0.45372596E-05
 0.29931125E+01  0.28824126E-05  0.28824126E-05 -0.45965162E-05 -0.45965162E-05
 0.30838167E+01  0.28267365E-05  0.28267365E-05 -0.46720012E-05 -0.46720012E-05
 0.31745208E+01  0.27944432E-05  0.27944432E-05 -0.47573506E-05 -0.47573506E-05
 0.32652250E+01  0.27866955E-05  0.27866955E-05 -0.48451866E-05 -0.48451866E-05
 0.33559292E+01  0.28019485E-05  0.28019485E-05 -0.49286277E-05 -0.49286277E-05
 0.34466333E+01  0.28368140E-05  0.28368140E-05 -0.50022278E-05 -0.50022278E-05
 0.35373375E+01  0.28870451E-05  0.28870451E-05 -0.50621345E-05 -0.50621345E-05
 0.36280417E+01  0.29480606E-05  0.29480606E-05 -0.51056939E-05 -0.51056939E-05
 0.37187458E+01  0.30148550E-05  0.30148550E-05 -0.51311611E-05 -0.51311611E-05
 0.38094500E+01  0.30817101E-05  0.30817101E-05 -0.51380171E-05 -0.51380171E-05
 0.39001542E+01  0.31425046E-05  0.31425046E-05 -0.51278132E-05 -0.51278132E-05
 0.39908583E+01  0.31919950E-05  0.31919950E-05 -0.51046947E-05 -0.51046947E-05
 0.40815625E+01  0.32274498E-05  0.32274498E-05 -0.50746690E-05 -0.50746690E-05
 0.41722667E+01  0.32493338E-05  0.32493338E-05 -0.50436809E-05 -0.50436809E-05
 0.42629708E+01  0.32603044E-05  0.32603044E-05 -0.50157210E-05 -0.50157210E-05
 0.43536750E+01  0.32631773E-05  0.32631773E-05 -0.49923848E-05 -0.49923848E-05
 0.44443792E+01  0.32594433E-05  0.32594433E-05 -0.49740990E-05 -0.49740990E-05
 0.45350833E+01  0.32494146E-05  0.32494146E-05 -0.49619222E-05 -0.49619222E-05
 0.46257875E+01  0.32337884E-05  0.32337884E-05 -0.49583773E-05 -0.49583773E-05
 0.47164917E+01  0.32152839E-05  0.32152839E-05 -0.49665649E-05 -0.49665649E-05
 0.48071958E+01  0.31989407E-05  0.31989407E-05 -0.49881691E-05 -0.49881691E-05
 0.48979000E+01  0.31907150E-05  0.31907150E-05 -0.50218035E-05 -0.50218035E-05
 0.49886042E+01  0.31952156E-05  0.31952156E-05 -0.50628341E-05 -0.50628341E-05
 0.50793083E+01  0.32138568E-05  0.32138568E-05 -0.51047814E-05 -0.51047814E-05
 0.51700125E+01  0.32443067E-05  0.32443067E-05 -0.51416098E-05 -0.51416098E-05
 0.52607167E+01  0.32814930E-05  0.32814930E-05 -0.51699249E-05 -0.51699249E-05
 0.53514208E+01  0.33198536E-05  0.33198536E-05 -0.51900988E-05 -0.51900988E-05
 0.54421250E+01  0.33558601E-05  0.33558601E-05 -0.52056311E-05 -0.52056311E-05
 0.55328292E+01  0.33894757E-05  0.33894757E-05 -0.52209480E-05 -0.52209480E-05
 0.56235333E+01  0.34236899E-05  0.34236899E-05 -0.52388310E-05 -0.52388310E-05
 0.57142375E+01  0.34625063E-05  0.34625063E-05 -0.52589552E-05 -0.52589552E-05
 0.58049417E+01  0.35086165E-05  0.35086165E-05 -0.52781897E-05 -0.52781897E-05
 0.58956458E+01  0.35620112E-05  0.35620112E-05 -0.52922659E-05 -0.52922659E-05
 0.59863500E+01  0.36200464E-05  0.36200464E-05 -0.52977985E-05 -0.52977985E-05
 0.60770542E+01  0.36787748E-05  0.36787748E-05 -0.52936425E-05 -0.52936425E-05
 0.61677583E+01  0.37347368E-05  0.37347368E-05 -0.52809708E-05 -0.52809708E-05
 0.62584625E+01  0.37861990E-05  0.37861990E-05 -0.52621159E-05 -0.52621159E-05
 0.63491667E+01  0.38331399E-05  0.38331399E-05 -0.52389868E-05 -0.52389868E-05
 0.64398708E+01  0.38760871E-05  0.38760871E-05 -0.52121156E-05 -0.52121156E-05
 0.65305750E+01  0.39147310E-05  0.39147310E-05 -0.51809536E-05 -0.51809536E-05
 0.66212792E+01  0.39472718E-05  0.39472718E-05 -0.51451457E-05 -0.51451457E-05
 0.67119833E+01  0.39710456E-05  0.39710456E-05 -0.51058970E-05 -0.51058970E-05
 0.68026875E+01  0.39840521E-05  0.39840521E-05 -0.50664163E-05 -0.50664163E-05
 0.68933917E+01  0.39864156E-05  0.39864156E-05 -0.50309854E-05 -0.50309854E-05
 0.69840958E+01  0.39807204E-05  0.39807204E-05 -0.50031702E-05 -0.50031702E-05
 0.70748000E+01  0.39708767E-05  0.39708767E-05 -0.49842599E-05 -0.49842599E-05
 0.71655042E+01  0.39601753E-05  0.39601753E-05 -0.49729718E-05 -0.49729718E-05
 0.72562083E+01  0.39496274E-05  0.39496274E-05 -0.49666499E-05 -0.49666499E-05
 0.73469125E+01  0.39375825E-05  0.39375825E-05 -0.49633450E-05 -0.49633450E-05
 0.74376167E+01  0.39209237E-05  0.39209237E-05 -0.49637227E-05 -0.49637227E-05
 0.75283208E+01  0.38974221E-05  0.38974221E-05 -0.49716936E-05 -0.49716936E-05
 0.76190250E+01  0.38680582E-05  0.38680582E-05 -0.49932226E-05 -0.49932226E-05
 0.77097292E+01  0.38380099E-05  0.38380099E-05 -0.50337442E-05 -0.50337442E-05
 0.78004333E+01  0.38157203E-05  0.38157203E-05 -0.50955010E-05 -0.50955010E-05
 0.78911375E+01  0.38105449E-05  0.38105449E-05 -0.51760715E-05 -0.51760715E-05
 0.79818417E+01  0.38301314E-05  0.38301314E-05 -0.52684891E-05 -0.52684891E-05
 0.80725458E+01  0.38783591E-05  0.38783591E-05 -0.53626064E-05 -0.53626064E-05
 0.81632500E+01  0.39541308E-05  0.39541308E-05 -0.54471517E-05 -0.54471517E-05
 0.82539542E+01  0.40510892E-05  0.40510892E-05 -0.55122303E-05 -0.55122303E-05
 0.83446583E+01  0.41585787E-05  0.41585787E-05 -0.55520216E-05 -0.55520216E-05
 0.84353625E+01  0.42642235E-05  0.42642235E-05 -0.55669991E-05 -0.55669991E-05
 0.85260667E+01  0.43579143E-05  0.43579143E-05 -0.55643672E-05 -0.55643672E-05
 0.86167708E+01  0.44357100E-05  0.44357100E-05 -0.55556814E-05 -0.55556814E-05
 0.87074750E+01  0.45014503E-05  0.45014503E-05 -0.55521904E-05 -0.55521904E-05
 0.87981792E+01  0.45649435E-05  0.45649435E-05 -0.55601188E-05 -0.55601188E-05
 0.88888833E+01  0.46377141E-05  0.46377141E-05 -0.55781992E-05 -0.55781992E-05
 0.89795875E+01  0.47283785E-05  0.47283785E-05 -0.55981892E-05 -0.55981892E-05
 0.90702917E+01  0.48392564E-05  0.48392564E-05 -0.56076831E-05 -0.56076831E-05
 0.91609958E+01  0.49649028E-05  0.49649028E-05 -0.55941548E-05 -0.55941548E-05
 0.92517000E+01  0.50928640E-05  0.50928640E-05 -0.55494162E-05 -0.55494162E-05
 0.93424042E+01  0.52069455E-05  0.52069455E-05 -0.54733704E-05 -0.54733704E-05
 0.94331083E+01  0.52926455E-05  0.52926455E-05 -0.53753840E-05 -0.53753840E-05
 0.95238125E+01  0.53428090E-05  0.53428090E-05 -0.52718268E-05 -0.52718268E-05
 0.96145167E+01  0.53605641E-05  0.53605641E-05 -0.51802509E-05 -0.51802509E-05
 0.97052208E+01  0.53577494E-05  0.53577494E-05 -0.51130487E-05 -0.51130487E-05
 0.97959250E+01  0.53498962E-05  0.53498962E-05 -0.50738234E-05 -0.50738234E-05
 0.98866292E+01  0.53506292E-05  0.53506292E-05 -0.50576514E-05 -0.50576514E-05
 0.99773333E+01  0.53678017E-05  0.53678017E-05 -0.50541833E-05 -0.50541833E-05
 0.10068038E+02  0.54021616E-05  0.54021616E-05 -0.50517955E-05 -0.50517955E-05
 0.10158742E+02  0.54482454E-05  0.54482454E-05 -0.50414790E-05 -0.50414790E-05
 0.10249446E+02  0.54970358E-05  0.54970358E-05 -0.50195887E-05 -0.50195887E-05
 0.10340150E+02  0.55396739E-05  0.55396739E-05 -0.49887682E-05 -0.49887682E-05
 0.10430854E+02  0.55711048E-05  0.55711048E-05 -0.49565700E-05 -0.49565700E-05
 0.10521558E+02  0.55922158E-05  0.55922158E-05 -0.49321457E-05 -0.49321457E-05
 0.10612263E+02  0.56095090E-05  0.56095090E-05 -0.49223720E-05 -0.49223720E-05
 0.10702967E+02  0.56325740E-05  0.56325740E-05 -0.49290779E-05 -0.49290779E-05
 0.10793671E+02  0.56706744E-05  0.56706744E-05 -0.49483512E-05 -0.49483512E-05
 0.10884375E+02  0.57297305E-05  0.57297305E-05 -0.49717643E-05 -0.49717643E-05
 0.10975079E+02  0.58105370E-05  0.58105370E-05 -0.49888349E-05 -0.49888349E-05
 0.11065783E+02  0.59083998E-05  0.59083998E-05 -0.49899333E-05 -0.49899333E-05
 0.11156488E+02  0.60142599E-05  0.60142599E-05 -0.49690568E-05 -0.49690568E-05
 0.11247192E+02  0.61171562E-05  0.61171562E-05 -0.49257599E-05 -0.49257599E-05
 0.11337896E+02  0.62075951E-05  0.62075951E-05 -0.48654947E-05 -0.48654947E-05
 0.11428600E+02  0.62806910E-05  0.62806910E-05 -0.47978960E-05 -0.47978960E-05
 0.11519304E+02  0.63377450E-05  0.63377450E-05 -0.47334313E-05 -0.47334313E-05
 0.11610008E+02  0.63855290E-05  0.63855290E-05 -0.46797503E-05 -0.46797503E-05
 0.11700713E+02  0.64336241E-05  0.64336241E-05 -0.46392844E-05 -0.46392844E-05
 0.11791417E+02  0.64910670E-05  0.64910670E-05 -0.46088354E-05 -0.46088354E-05
 0.11882121E+02  0.65635748E-05  0.65635748E-05 -0.45809967E-05 -0.45809967E-05
 0.11972825E+02  0.66520444E-05  0.66520444E-05 -0.45466429E-05 -0.45466429E-05
 0.12063529E+02  0.67525500E-05  0.67525500E-05 -0.44976915E-05 -0.44976915E-05
 0.12154233E+02  0.68577220E-05  0.68577220E-05 -0.44294193E-05 -0.44294193E-05
 0.12244938E+02  0.69591903E-05  0.69591903E-05 -0.43417259E-05 -0.43417259E-05
 0.12335642E+02  0.70503504E-05  0.70503504E-05 -0.42388132E-05 -0.42388132E-05
 0.12426346E+02  0.71284921E-05  0.71284921E-05 -0.41272595E-05 -0.41272595E-05
 0.12517050E+02  0.71953733E-05  0.71953733E-05 -0.40131647E-05 -0.40131647E-05
 0.12607754E+02  0.72559113E-05  0.72559113E-05 -0.38995042E-05 -0.38995042E-05
 0.12698458E+02  0.73155600E-05  0.73155600E-05 -0.37847992E-05 -0.37847992E-05
 0.12789163E+02  0.73773821E-05  0.73773821E-05 -0.36635879E-05 -0.36635879E-05
 0.12879867E+02  0.74398538E-05  0.74398538E-05 -0.35285190E-05 -0.35285190E-05
 0.12970571E+02  0.74961690E-05  0.74961690E-05 -0.33734496E-05 -0.33734496E-05
 0.13061275E+02  0.75354545E-05  0.75354545E-05 -0.31966172E-05 -0.31966172E-05
 0.13151979E+02  0.75457613E-05  0.75457613E-05 -0.30028184E-05 -0.30028184E-05
 0.13242683E+02  0.75181156E-05  0.75181156E-05 -0.28034787E-05 -0.28034787E-05
 0.13333388E+02  0.74500880E-05  0.74500880E-05 -0.26142124E-05 -0.26142124E-05
 0.13424092E+02  0.73473040E-05  0.73473040E-05 -0.24505795E-05 -0.24505795E-05
 0.13514796E+02  0.72221524E-05  0.72221524E-05 -0.23237943E-05 -0.23237943E-05
 0.13605500E+02  0.70904184E-05  0.70904184E-05 -0.22380776E-05 -0.22380776E-05
 0.13696204E+02  0.69673728E-05  0.69673728E-05 -0.21904147E-05 -0.21904147E-05
 0.13786908E+02  0.68647073E-05  0.68647073E-05 -0.21721761E-05 -0.21721761E-05
 0.13877613E+02  0.67889360E-05  0.67889360E-05 -0.21716513E-05 -0.21716513E-05
 0.13968317E+02  0.67411342E-05  0.67411342E-05 -0.21766414E-05 -0.21766414E-05
 0.14059021E+02  0.67176810E-05  0.67176810E-05 -0.21766510E-05 -0.21766510E-05
 0.14149725E+02  0.67117137E-05  0.67117137E-05 -0.21644574E-05 -0.21644574E-05
 0.14240429E+02  0.67150107E-05  0.67150107E-05 -0.21368993E-05 -0.21368993E-05
 0.14331133E+02  0.67200359E-05  0.67200359E-05 -0.20947498E-05 -0.20947498E-05
 0.14421838E+02  0.67216197E-05  0.67216197E-05 -0.20415660E-05 -0.20415660E-05
 0.14512542E+02  0.67178023E-05  0.67178023E-05 -0.19818994E-05 -0.19818994E-05
 0.14603246E+02  0.67095208E-05  0.67095208E-05 -0.19193207E-05 -0.19193207E-05
 0.14693950E+02  0.66992699E-05  0.66992699E-05 -0.18550419E-05 -0.18550419E-05
 0.14784654E+02  0.66892644E-05  0.66892644E-05 -0.17875582E-05 -0.17875582E-05
 0.14875358E+02  0.66797322E-05  0.66797322E-05 -0.17134063E-05 -0.17134063E-05
 0.14966063E+02  0.66679169E-05  0.66679169E-05 -0.16287681E-05 -0.16287681E-05
 0.15056767E+02  0.66481329E-05  0.66481329E-05 -0.15314670E-05 -0.15314670E-05
 0.15147471E+02  0.66130078E-05  0.66130078E-05 -0.14226903E-05 -0.14226903E-05
 0.15238175E+02  0.65556232E-05  0.65556232E-05 -0.13078242E-05 -0.13078242E-05
 0.15328879E+02  0.64719773E-05  0.64719773E-05 -0.11958969E-05 -0.11958969E-05
 0.15419583E+02  0.63627650E-05  0.63627650E-05 -0.10975903E-05 -0.10975903E-05
 0.15510288E+02  0.62337581E-05  0.62337581E-05 -0.10225240E-05 -0.10225240E-05
 0.15600992E+02  0.60945751E-05  0.60945751E-05 -0.97677589E-06 -0.97677589E-06
 0.15691696E+02  0.59563941E-05  0.59563941E-05 -0.96155869E-06 -0.96155869E-06
 0.15782400E+02  0.58294969E-05  0.58294969E-05 -0.97327454E-06 -0.97327454E-06
 0.15873104E+02  0.57213641E-05  0.57213641E-05 -0.10046515E-05 -0.10046515E-05
 0.15963808E+02  0.56355719E-05  0.56355719E-05 -0.10464042E-05 -0.10464042E-05
 0.16054513E+02  0.55714815E-05  0.55714815E-05 -0.10890318E-05 -0.10890318E-05
 0.16145217E+02  0.55245870E-05  0.55245870E-05 -0.11245308E-05 -0.11245308E-05
 0.16235921E+02  0.54874321E-05  0.54874321E-05 -0.11478978E-05 -0.11478978E-05
 0.16326625E+02  0.54511735E-05  0.54511735E-05 -0.11582322E-05 -0.11582322E-05
 0.16417329E+02  0.54076216E-05  0.54076216E-05 -0.11591026E-05 -0.11591026E-05
 0.16508033E+02  0.53514009E-05  0.53514009E-05 -0.11578321E-05 -0.11578321E-05
 0.16598738E+02  0.52815408E-05  0.52815408E-05 -0.11636866E-05 -0.11636866E-05
 0.16689442E+02  0.52019042E-05  0.52019042E-05 -0.11854443E-05 -0.11854443E-05
 0.16780146E+02  0.51202629E-05  0.51202629E-05 -0.12291509E-05 -0.12291509E-05
 0.16870850E+02  0.50464868E-05  0.50464868E-05 -0.12967686E-05 -0.12967686E-05
 0.16961554E+02  0.49905559E-05  0.49905559E-05 -0.13859263E-05 -0.13859263E-05
 0.17052258E+02  0.49609337E-05  0.49609337E-05 -0.14904907E-05 -0.14904907E-05
 0.17142963E+02  0.49635243E-05  0.49635243E-05 -0.16014874E-05 -0.16014874E-05
 0.17233667E+02  0.50010253E-05  0.50010253E-05 -0.17080569E-05 -0.17080569E-05
 0.17324371E+02  0.50724645E-05  0.50724645E-05 -0.17983582E-05 -0.17983582E-05
 0.17415075E+02  0.51727358E-05  0.51727358E-05 -0.18605995E-05 -0.18605995E-05
 0.17505779E+02  0.52922808E-05  0.52922808E-05 -0.18844346E-05 -0.18844346E-05
 0.17596483E+02  0.54172267E-05  0.54172267E-05 -0.18628799E-05 -0.18628799E-05
 0.17687188E+02  0.55305770E-05  0.55305770E-05 -0.17945013E-05 -0.17945013E-05
 0.17777892E+02  0.56148245E-05  0.56148245E-05 -0.16851542E-05 -0.16851542E-05
 0.17868596E+02  0.56556922E-05  0.56556922E-05 -0.15481638E-05 -0.15481638E-05
 0.17959300E+02  0.56458079E-05  0.56458079E-05 -0.14021627E-05 -0.14021627E-05
 0.18050004E+02  0.55866259E-05  0.55866259E-05 -0.12669832E-05 -0.12669832E-05
 0.18140708E+02  0.54876439E-05  0.54876439E-05 -0.11591362E-05 -0.11591362E-05
 0.18231412E+02  0.53633437E-05  0.53633437E-05 -0.10887449E-05 -0.10887449E-05
 0.18322117E+02  0.52293853E-05  0.52293853E-05 -0.10587663E-05 -0.10587663E-05
 0.18412821E+02  0.50995232E-05  0.50995232E-05 -0.10661809E-05 -0.10661809E-05
 0.18503525E+02  0.49839142E-05  0.49839142E-05 -0.11040694E-05 -0.11040694E-05
 0.18594229E+02  0.48886705E-05  0.48886705E-05 -0.11636845E-05 -0.11636845E-05
 0.18684933E+02  0.48161922E-05  0.48161922E-05 -0.12360533E-05 -0.12360533E-05
 0.18775638E+02  0.47658342E-05  0.47658342E-05 -0.13130342E-05 -0.13130342E-05
 0.18866342E+02  0.47346185E-05  0.47346185E-05 -0.13880014E-05 -0.13880014E-05
 0.18957046E+02  0.47179537E-05  0.47179537E-05 -0.14562567E-05 -0.14562567E-05
 0.19047750E+02  0.47103463E-05  0.47103463E-05 -0.15152974E-05 -0.15152974E-05
 0.19138454E+02  0.47061554E-05  0.47061554E-05 -0.15649045E-05 -0.15649045E-05
 0.19229158E+02  0.47003728E-05  0.47003728E-05 -0.16070273E-05 -0.16070273E-05
 0.19319863E+02  0.46893455E-05  0.46893455E-05 -0.16453709E-05 -0.16453709E-05
 0.19410567E+02  0.46713057E-05  0.46713057E-05 -0.16847480E-05 -0.16847480E-05
 0.19501271E+02  0.46465979E-05  0.46465979E-05 -0.17302622E-05 -0.17302622E-05
 0.19591975E+02  0.46175411E-05  0.46175411E-05 -0.17865027E-05 -0.17865027E-05
 0.19682679E+02  0.45880129E-05  0.45880129E-05 -0.18569146E-05 -0.18569146E-05
 0.19773383E+02  0.45628709E-05  0.45628709E-05 -0.19434356E-05 -0.19434356E-05
 0.19864088E+02  0.45473744E-05  0.45473744E-05 -0.20464096E-05 -0.20464096E-05
 0.19954792E+02  0.45467167E-05  0.45467167E-05 -0.21646855E-05 -0.21646855E-05
 0.20045496E+02  0.45657012E-05  0.45657012E-05 -0.22958204E-05 -0.22958204E-05
 0.20136200E+02  0.46085564E-05  0.46085564E-05 -0.24362647E-05 -0.24362647E-05
 0.20226904E+02  0.46788220E-05  0.46788220E-05 -0.25815059E-05 -0.25815059E-05
 0.20317608E+02  0.47792429E-05  0.47792429E-05 -0.27261335E-05 -0.27261335E-05
 0.20408312E+02  0.49115994E-05  0.49115994E-05 -0.28638527E-05 -0.28638527E-05
 0.20499017E+02  0.50764328E-05  0.50764328E-05 -0.29875069E-05 -0.29875069E-05
 0.20589721E+02  0.52726394E-05  0.52726394E-05 -0.30891932E-05 -0.30891932E-05
 0.20680425E+02  0.54969674E-05  0.54969674E-05 -0.31605901E-05 -0.31605901E-05
 0.20771129E+02  0.57435185E-05  0.57435185E-05 -0.31935972E-05 -0.31935972E-05
 0.20861833E+02  0.60034596E-05  0.60034596E-05 -0.31813727E-05 -0.31813727E-05
 0.20952538E+02  0.62652221E-05  0.62652221E-05 -0.31196796E-05 -0.31196796E-05
 0.21043242E+02  0.65154711E-05  0.65154711E-05 -0.30082760E-05 -0.30082760E-05
 0.21133946E+02  0.67409001E-05  0.67409001E-05 -0.28518382E-05 -0.28518382E-05
 0.21224650E+02  0.69305581E-05  0.69305581E-05 -0.26598738E-05 -0.26598738E-05
 0.21315354E+02  0.70780246E-05  0.70780246E-05 -0.24453056E-05 -0.24453056E-05
 0.21406058E+02  0.71825764E-05  0.71825764E-05 -0.22219884E-05 -0.22219884E-05
 0.21496763E+02  0.72488751E-05  0.72488751E-05 -0.20019194E-05 -0.20019194E-05
 0.21587467E+02  0.72852655E-05  0.72852655E-05 -0.17930779E-05 -0.17930779E-05
 0.21678171E+02  0.73013297E-05  0.73013297E-05 -0.15984834E-05 -0.15984834E-05
 0.21768875E+02  0.73054660E-05  0.73054660E-05 -0.14165651E-05 -0.14165651E-05
 0.21859579E+02  0.73030880E-05  0.73030880E-05 -0.12425140E-05 -0.12425140E-05
 0.21950283E+02  0.72956930E-05  0.72956930E-05 -0.10701702E-05 -0.10701702E-05
 0.22040988E+02  0.72808339E-05  0.72808339E-05 -0.89402837E-06 -0.89402837E-06
 0.22131692E+02  0.72529454E-05  0.72529454E-05 -0.71102126E-06 -0.71102126E-06
 0.22222396E+02  0.72048825E-05  0.72048825E-05 -0.52179572E-06 -0.52179572E-06
 0.22313100E+02  0.71299452E-05  0.71299452E-05 -0.33114188E-06 -0.33114188E-06
 0.22403804E+02  0.70239393E-05  0.70239393E-05 -0.14738228E-06 -0.14738228E-06
 0.22494508E+02  0.68866926E-05  0.68866926E-05  0.19223725E-07  0.19223725E-07
 0.22585213E+02  0.67225504E-05  0.67225504E-05  0.15863295E-06  0.15863295E-06
 0.22675917E+02  0.65397155E-05  0.65397155E-05  0.26308211E-06  0.26308211E-06
 0.22766621E+02  0.63487230E-05  0.63487230E-05  0.32844720E-06  0.32844720E-06
 0.22857325E+02  0.61606158E-05  0.61606158E-05  0.35461775E-06  0.35461775E-06
 0.22948029E+02  0.59853787E-05  0.59853787E-05  0.34503683E-06  0.34503683E-06
 0.23038733E+02  0.58309228E-05  0.58309228E-05  0.30574132E-06  0.30574132E-06
 0.23129438E+02  0.57026471E-05  0.57026471E-05  0.24430298E-06  0.24430298E-06
 0.23220142E+02  0.56034303E-05  0.56034303E-05  0.16890030E-06  0.16890030E-06
 0.23310846E+02  0.55338552E-05  0.55338552E-05  0.87619659E-07  0.87619659E-07
 0.23401550E+02  0.54925129E-05  0.54925129E-05  0.79555450E-08  0.79555450E-08
 0.23492254E+02  0.54763186E-05  0.54763186E-05 -0.63547751E-07 -0.63547751E-07
 0.23582958E+02  0.54808307E-05  0.54808307E-05 -0.12158511E-06 -0.12158511E-06
 0.23673663E+02  0.55005967E-05  0.55005967E-05 -0.16235818E-06 -0.16235818E-06
 0.23764367E+02  0.55295729E-05  0.55295729E-05 -0.18377154E-06 -0.18377154E-06
 0.23855071E+02  0.55616320E-05  0.55616320E-05 -0.18554247E-06 -0.18554247E-06
 0.23945775E+02  0.55911161E-05  0.55911161E-05 -0.16912966E-06 -0.16912966E-06
 0.24036479E+02  0.56133701E-05  0.56133701E-05 -0.13746098E-06 -0.13746098E-06
 0.24127183E+02  0.56251265E-05  0.56251265E-05 -0.94455526E-07 -0.94455526E-07
 0.24217888E+02  0.56246704E-05  0.56246704E-05 -0.44442725E-07 -0.44442725E-07
 0.24308592E+02  0.56117431E-05  0.56117431E-05  0.84090676E-08  0.84090676E-08
 0.24399296E+02  0.55872317E-05  0.55872317E-05  0.60540435E-07  0.60540435E-07
 0.24490000E+02  0.55527654E-05  0.55527654E-05  0.10922167E-06  0.10922167E-06
 0.24580704E+02  0.55102945E-05  0.55102945E-05  0.15259243E-06  0.15259243E-06
 0.24671408E+02  0.54617833E-05  0.54617833E-05  0.18951654E-06  0.18951654E-06
 0.24762113E+02  0.54090300E-05  0.54090300E-05  0.21938460E-06  0.21938460E-06
 0.24852817E+02  0.53536353E-05  0.53536353E-05  0.24190186E-06  0.24190186E-06
 0.24943521E+02  0.52970412E-05  0.52970412E-05  0.25695286E-06  0.25695286E-06
 0.25034225E+02  0.52406300E-05  0.52406300E-05  0.26453558E-06  0.26453558E-06
 0.25124929E+02  0.51858057E-05  0.51858057E-05  0.26478568E-06  0.26478568E-06
 0.25215633E+02  0.51340200E-05  0.51340200E-05  0.25805170E-06  0.25805170E-06
 0.25306338E+02  0.50867506E-05  0.50867506E-05  0.24498290E-06  0.24498290E-06
 0.25397042E+02  0.50454000E-05  0.50454000E-05  0.22659620E-06  0.22659620E-06
 0.25487746E+02  0.50111782E-05  0.50111782E-05  0.20429959E-06  0.20429959E-06
 0.25578450E+02  0.49849458E-05  0.49849458E-05  0.17985680E-06  0.17985680E-06
 0.25669154E+02  0.49671002E-05  0.49671002E-05  0.15528897E-06  0.15528897E-06
 0.25759858E+02  0.49574689E-05  0.49574689E-05  0.13272669E-06  0.13272669E-06
 0.25850563E+02  0.49552795E-05  0.49552795E-05  0.11422950E-06  0.11422950E-06
 0.25941267E+02  0.49591806E-05  0.49591806E-05  0.10158741E-06  0.10158741E-06
 0.26031971E+02  0.49673447E-05  0.49673447E-05  0.96138655E-07  0.96138655E-07
 0.26122675E+02  0.49776363E-05  0.49776363E-05  0.98614480E-07  0.98614480E-07
 0.26213379E+02  0.49878358E-05  0.49878358E-05  0.10906263E-06  0.10906263E-06
 0.26304083E+02  0.49958899E-05  0.49958899E-05  0.12686223E-06  0.12686223E-06
 0.26394788E+02  0.50001369E-05  0.50001369E-05  0.15083524E-06  0.15083524E-06
 0.26485492E+02  0.49994800E-05  0.49994800E-05  0.17945489E-06  0.17945489E-06
 0.26576196E+02  0.49934464E-05  0.49934464E-05  0.21109575E-06  0.21109575E-06
 0.26666900E+02  0.49821354E-05  0.49821354E-05  0.24429820E-06  0.24429820E-06
 0.26757604E+02  0.49660562E-05  0.49660562E-05  0.27796175E-06  0.27796175E-06
 0.26848308E+02  0.49459033E-05  0.49459033E-05  0.31146132E-06  0.31146132E-06
 0.26939013E+02  0.49223196E-05  0.49223196E-05  0.34462836E-06  0.34462836E-06
 0.27029717E+02  0.48956838E-05  0.48956838E-05  0.37764413E-06  0.37764413E-06
 0.27120421E+02  0.48659864E-05  0.48659864E-05  0.41084769E-06  0.41084769E-06
 0.27211125E+02  0.48327968E-05  0.48327968E-05  0.44450870E-06  0.44450870E-06
 0.27301829E+02  0.47953497E-05  0.47953497E-05  0.47861656E-06  0.47861656E-06
 0.27392533E+02  0.47527095E-05  0.47527095E-05  0.51271819E-06  0.51271819E-06
 0.27483238E+02  0.47039964E-05  0.47039964E-05  0.54585741E-06  0.54585741E-06
 0.27573942E+02  0.46486252E-05  0.46486252E-05  0.57660876E-06  0.57660876E-06
 0.27664646E+02  0.45865036E-05  0.45865036E-05  0.60323786E-06  0.60323786E-06
 0.27755350E+02  0.45181508E-05  0.45181508E-05  0.62392025E-06  0.62392025E-06
 0.27846054E+02  0.44446947E-05  0.44446947E-05  0.63699422E-06  0.63699422E-06
 0.27936758E+02  0.43677681E-05  0.43677681E-05  0.64118727E-06  0.64118727E-06
 0.28027463E+02  0.42893232E-05  0.42893232E-05  0.63577086E-06  0.63577086E-06
 0.28118167E+02  0.42114084E-05  0.42114084E-05  0.62062554E-06  0.62062554E-06
 0.28208871E+02  0.41359554E-05  0.41359554E-05  0.59620553E-06  0.59620553E-06
 0.28299575E+02  0.40645997E-05  0.40645997E-05  0.56343520E-06  0.56343520E-06
 0.28390279E+02  0.39985779E-05  0.39985779E-05  0.52355303E-06  0.52355303E-06
 0.28480983E+02  0.39386768E-05  0.39386768E-05  0.47795935E-06  0.47795935E-06
 0.28571688E+02  0.38852517E-05  0.38852517E-05  0.42805464E-06  0.42805464E-06
 0.28662392E+02  0.38382848E-05  0.38382848E-05  0.37511207E-06  0.37511207E-06
 0.28753096E+02  0.37974765E-05  0.37974765E-05  0.32018245E-06  0.32018245E-06
 0.28843800E+02  0.37623556E-05  0.37623556E-05  0.26404514E-06  0.26404514E-06
 0.28934504E+02  0.37323925E-05  0.37323925E-05  0.20719335E-06  0.20719335E-06
 0.29025208E+02  0.37071029E-05  0.37071029E-05  0.14986201E-06  0.14986201E-06
 0.29115913E+02  0.36861323E-05  0.36861323E-05  0.92079978E-07  0.92079978E-07
 0.29206617E+02  0.36693140E-05  0.36693140E-05  0.33751042E-07  0.33751042E-07
 0.29297321E+02  0.36566866E-05  0.36566866E-05 -0.25251379E-07 -0.25251379E-07
 0.29388025E+02  0.36484889E-05  0.36484889E-05 -0.85004333E-07 -0.85004333E-07
 0.29478729E+02  0.36451183E-05  0.36451183E-05 -0.14545564E-06 -0.14545564E-06
 0.29569433E+02  0.36470751E-05  0.36470751E-05 -0.20637517E-06 -0.20637517E-06
 0.29660137E+02  0.36548877E-05  0.36548877E-05 -0.26732199E-06 -0.26732199E-06
 0.29750842E+02  0.36690475E-05  0.36690475E-05 -0.32764052E-06 -0.32764052E-06
 0.29841546E+02  0.36899411E-05  0.36899411E-05 -0.38647380E-06 -0.38647380E-06
 0.29932250E+02  0.37177980E-05  0.37177980E-05 -0.44279343E-06 -0.44279343E-06
 0.30022954E+02  0.37526442E-05  0.37526442E-05 -0.49544009E-06 -0.49544009E-06
 0.30113658E+02  0.37942668E-05  0.37942668E-05 -0.54316300E-06 -0.54316300E-06
 0.30204363E+02  0.38421924E-05  0.38421924E-05 -0.58467288E-06 -0.58467288E-06
 0.30295067E+02  0.38956645E-05  0.38956645E-05 -0.61868865E-06 -0.61868865E-06
 0.30385771E+02  0.39536336E-05  0.39536336E-05 -0.64399564E-06 -0.64399564E-06
 0.30476475E+02  0.40147418E-05  0.40147418E-05 -0.65950715E-06 -0.65950715E-06
 0.30567179E+02  0.40773277E-05  0.40773277E-05 -0.66433583E-06 -0.66433583E-06
 0.30657883E+02  0.41394369E-05  0.41394369E-05 -0.65787987E-06 -0.65787987E-06
 0.30748588E+02  0.41988590E-05  0.41988590E-05 -0.63991760E-06 -0.63991760E-06
 0.30839292E+02  0.42531993E-05  0.42531993E-05 -0.61071414E-06 -0.61071414E-06
 0.30929996E+02  0.42999871E-05  0.42999871E-05 -0.57111672E-06 -0.57111672E-06
 0.31020700E+02  0.43368383E-05  0.43368383E-05 -0.52262426E-06 -0.52262426E-06
 0.31111404E+02  0.43616630E-05  0.43616630E-05 -0.46740678E-06 -0.46740678E-06
 0.31202108E+02  0.43728895E-05  0.43728895E-05 -0.40824960E-06 -0.40824960E-06
 0.31292813E+02  0.43696782E-05  0.43696782E-05 -0.34840438E-06 -0.34840438E-06
 0.31383517E+02  0.43520820E-05  0.43520820E-05 -0.29135681E-06 -0.29135681E-06
 0.31474221E+02  0.43211170E-05  0.43211170E-05 -0.24052861E-06 -0.24052861E-06
 0.31564925E+02  0.42787100E-05  0.42787100E-05 -0.19897108E-06 -0.19897108E-06
 0.31655629E+02  0.42275384E-05  0.42275384E-05 -0.16909084E-06 -0.16909084E-06
 0.31746333E+02  0.41707847E-05  0.41707847E-05 -0.15246637E-06 -0.15246637E-06
 0.31837037E+02  0.41118492E-05  0.41118492E-05 -0.14976229E-06 -0.14976229E-06
 0.31927742E+02  0.40540741E-05  0.40540741E-05 -0.16074845E-06 -0.16074845E-06
 0.32018446E+02  0.40005140E-05  0.40005140E-05 -0.18440258E-06 -0.18440258E-06
 0.32109150E+02  0.39537673E-05  0.39537673E-05 -0.21907040E-06 -0.21907040E-06
 0.32199854E+02  0.39158787E-05  0.39158787E-05 -0.26262878E-06 -0.26262878E-06
 0.32290558E+02  0.38882904E-05  0.38882904E-05 -0.31265342E-06 -0.31265342E-06
 0.32381263E+02  0.38718397E-05  0.38718397E-05 -0.36656668E-06 -0.36656668E-06
 0.32471967E+02  0.38667728E-05  0.38667728E-05 -0.42176240E-06 -0.42176240E-06
 0.32562671E+02  0.38727846E-05  0.38727846E-05 -0.47571467E-06 -0.47571467E-06
 0.32653375E+02  0.38890480E-05  0.38890480E-05 -0.52607138E-06 -0.52607138E-06
 0.32744079E+02  0.39142633E-05  0.39142633E-05 -0.57074913E-06 -0.57074913E-06
 0.32834783E+02  0.39467146E-05  0.39467146E-05 -0.60801874E-06 -0.60801874E-06
 0.32925488E+02  0.39843529E-05  0.39843529E-05 -0.63659501E-06 -0.63659501E-06
 0.33016192E+02  0.40248886E-05  0.40248886E-05 -0.65570968E-06 -0.65570968E-06
 0.33106896E+02  0.40659254E-05  0.40659254E-05 -0.66516413E-06 -0.66516413E-06
 0.33197600E+02  0.41050981E-05  0.41050981E-05 -0.66535238E-06 -0.66535238E-06
 0.33288304E+02  0.41402313E-05  0.41402313E-05 -0.65723534E-06 -0.65723534E-06
 0.33379008E+02  0.41694773E-05  0.41694773E-05 -0.64227571E-06 -0.64227571E-06
 0.33469713E+02  0.41914352E-05  0.41914352E-05 -0.62232581E-06 -0.62232581E-06
 0.33560417E+02  0.42052263E-05  0.42052263E-05 -0.59949416E-06 -0.59949416E-06
 0.33651121E+02  0.42105250E-05  0.42105250E-05 -0.57599754E-06 -0.57599754E-06
 0.33741825E+02  0.42075491E-05  0.42075491E-05 -0.55401883E-06 -0.55401883E-06
 0.33832529E+02  0.41970120E-05  0.41970120E-05 -0.53558811E-06 -0.53558811E-06
 0.33923233E+02  0.41800581E-05  0.41800581E-05 -0.52248006E-06 -0.52248006E-06
 0.34013937E+02  0.41581803E-05  0.41581803E-05 -0.51614589E-06 -0.51614589E-06
 0.34104642E+02  0.41331402E-05  0.41331402E-05 -0.51765725E-06 -0.51765725E-06
 0.34195346E+02  0.41068809E-05  0.41068809E-05 -0.52767445E-06 -0.52767445E-06
 0.34286050E+02  0.40814444E-05  0.40814444E-05 -0.54642459E-06 -0.54642459E-06
 0.34376754E+02  0.40588894E-05  0.40588894E-05 -0.57369180E-06 -0.57369180E-06
 0.34467458E+02  0.40412074E-05  0.40412074E-05 -0.60882074E-06 -0.60882074E-06
 0.34558163E+02  0.40302397E-05  0.40302397E-05 -0.65072845E-06 -0.65072845E-06
 0.34648867E+02  0.40275949E-05  0.40275949E-05 -0.69793118E-06 -0.69793118E-06
 0.34739571E+02  0.40345669E-05  0.40345669E-05 -0.74857909E-06 -0.74857909E-06
 0.34830275E+02  0.40520509E-05  0.40520509E-05 -0.80050981E-06 -0.80050981E-06
 0.34920979E+02  0.40804607E-05  0.40804607E-05 -0.85131443E-06 -0.85131443E-06
 0.35011683E+02  0.41196466E-05  0.41196466E-05 -0.89843419E-06 -0.89843419E-06
 0.35102388E+02  0.41688217E-05  0.41688217E-05 -0.93928413E-06 -0.93928413E-06
 0.35193092E+02  0.42265107E-05  0.42265107E-05 -0.97141713E-06 -0.97141713E-06
 0.35283796E+02  0.42905418E-05  0.42905418E-05 -0.99273129E-06 -0.99273129E-06
 0.35374500E+02  0.43581080E-05  0.43581080E-05 -0.10017028E-05 -0.10017028E-05
 0.35465204E+02  0.44259231E-05  0.44259231E-05 -0.99762772E-06 -0.99762772E-06
 0.35555908E+02  0.44904908E-05  0.44904908E-05 -0.98081414E-06 -0.98081414E-06
 0.35646613E+02  0.45484651E-05  0.45484651E-05 -0.95267957E-06 -0.95267957E-06
 0.35737317E+02  0.45970655E-05  0.45970655E-05 -0.91568663E-06 -0.91568663E-06
 0.35828021E+02  0.46344562E-05  0.46344562E-05 -0.87310635E-06 -0.87310635E-06
 0.35918725E+02  0.46600156E-05  0.46600156E-05 -0.82861278E-06 -0.82861278E-06
 0.36009429E+02  0.46743986E-05  0.46743986E-05 -0.78579712E-06 -0.78579712E-06
 0.36100133E+02  0.46794051E-05  0.46794051E-05 -0.74769178E-06 -0.74769178E-06
 0.36190838E+02  0.46776472E-05  0.46776472E-05 -0.71640417E-06 -0.71640417E-06
 0.36281542E+02  0.46721316E-05  0.46721316E-05 -0.69292699E-06 -0.69292699E-06
 0.36372246E+02  0.46658128E-05  0.46658128E-05 -0.67713065E-06 -0.67713065E-06
 0.36462950E+02  0.46612137E-05  0.46612137E-05 -0.66791940E-06 -0.66791940E-06
 0.36553654E+02  0.46601459E-05  0.46601459E-05 -0.66349117E-06 -0.66349117E-06
 0.36644358E+02  0.46635521E-05  0.46635521E-05 -0.66166425E-06 -0.66166425E-06
 0.36735063E+02  0.46714652E-05  0.46714652E-05 -0.66020864E-06 -0.66020864E-06
 0.36825767E+02  0.46830806E-05  0.46830806E-05 -0.65717607E-06 -0.65717607E-06
 0.36916471E+02  0.46969295E-05  0.46969295E-05 -0.65116788E-06 -0.65116788E-06
 0.37007175E+02  0.47111346E-05  0.47111346E-05 -0.64154918E-06 -0.64154918E-06
 0.37097879E+02  0.47237355E-05  0.47237355E-05 -0.62854123E-06 -0.62854123E-06
 0.37188583E+02  0.47330340E-05  0.47330340E-05 -0.61320241E-06 -0.61320241E-06
 0.37279288E+02  0.47379132E-05  0.47379132E-05 -0.59725791E-06 -0.59725791E-06
 0.37369992E+02  0.47380691E-05  0.47380691E-05 -0.58281675E-06 -0.58281675E-06
 0.37460696E+02  0.47341063E-05  0.47341063E-05 -0.57201508E-06 -0.57201508E-06
 0.37551400E+02  0.47274763E-05  0.47274763E-05 -0.56664989E-06 -0.56664989E-06
 0.37642104E+02  0.47202833E-05  0.47202833E-05 -0.56787771E-06 -0.56787771E-06
 0.37732808E+02  0.47149883E-05  0.47149883E-05 -0.57601915E-06 -0.57601915E-06
 0.37823512E+02  0.47140835E-05  0.47140835E-05 -0.59049820E-06 -0.59049820E-06
 0.37914217E+02  0.47197791E-05  0.47197791E-05 -0.60989364E-06 -0.60989364E-06
 0.38004921E+02  0.47337443E-05  0.47337443E-05 -0.63209324E-06 -0.63209324E-06
 0.38095625E+02  0.47569166E-05  0.47569166E-05 -0.65450379E-06 -0.65450379E-06
 0.38186329E+02  0.47893866E-05  0.47893866E-05 -0.67430337E-06 -0.67430337E-06
 0.38277033E+02  0.48303605E-05  0.48303605E-05 -0.68871443E-06 -0.68871443E-06
 0.38367737E+02  0.48781968E-05  0.48781968E-05 -0.69528026E-06 -0.69528026E-06
 0.38458442E+02  0.49305367E-05  0.49305367E-05 -0.69212995E-06 -0.69212995E-06
 0.38549146E+02  0.49845121E-05  0.49845121E-05 -0.67820316E-06 -0.67820316E-06
 0.38639850E+02  0.50370494E-05  0.50370494E-05 -0.65339975E-06 -0.65339975E-06
 0.38730554E+02  0.50852151E-05  0.50852151E-05 -0.61860908E-06 -0.61860908E-06
 0.38821258E+02  0.51265748E-05  0.51265748E-05 -0.57560175E-06 -0.57560175E-06
 0.38911963E+02  0.51594805E-05  0.51594805E-05 -0.52677567E-06 -0.52677567E-06
 0.39002667E+02  0.51832348E-05  0.51832348E-05 -0.47479632E-06 -0.47479632E-06
 0.39093371E+02  0.51980857E-05  0.51980857E-05 -0.42220674E-06 -0.42220674E-06
 0.39184075E+02  0.52050502E-05  0.52050502E-05 -0.37107581E-06 -0.37107581E-06
 0.39274779E+02  0.52056248E-05  0.52056248E-05 -0.32276992E-06 -0.32276992E-06
 0.39365483E+02  0.52014229E-05  0.52014229E-05 -0.27787629E-06 -0.27787629E-06
 0.39456188E+02  0.51938459E-05  0.51938459E-05 -0.23628100E-06 -0.23628100E-06
 0.39546892E+02  0.51838177E-05  0.51838177E-05 -0.19737808E-06 -0.19737808E-06
 0.39637596E+02  0.51716463E-05  0.51716463E-05 -0.16035520E-06 -0.16035520E-06
 0.39728300E+02  0.51570140E-05  0.51570140E-05 -0.12450842E-06 -0.12450842E-06
 0.39819004E+02  0.51391005E-05  0.51391005E-05 -0.89527176E-07 -0.89527176E-07
 0.39909708E+02  0.51168176E-05  0.51168176E-05 -0.55704369E-07 -0.55704369E-07
 0.40000413E+02  0.50891140E-05  0.50891140E-05 -0.24028768E-07 -0.24028768E-07
 0.40091117E+02  0.50553002E-05  0.50553002E-05  0.38618760E-08  0.38618760E-08
 0.40181821E+02  0.50153272E-05  0.50153272E-05  0.25864367E-07  0.25864367E-07
 0.40272525E+02  0.49699653E-05  0.49699653E-05  0.39701355E-07  0.39701355E-07
 0.40363229E+02  0.49208415E-05  0.49208415E-05  0.43259712E-07  0.43259712E-07
 0.40453933E+02  0.48703383E-05  0.48703383E-05  0.34910749E-07  0.34910749E-07
 0.40544638E+02  0.48213758E-05  0.48213758E-05  0.13753555E-07  0.13753555E-07
 0.40635342E+02  0.47771342E-05  0.47771342E-05 -0.20253851E-07 -0.20253851E-07
 0.40726046E+02  0.47407710E-05  0.47407710E-05 -0.66275214E-07 -0.66275214E-07
 0.40816750E+02  0.47151734E-05  0.47151734E-05 -0.12266857E-06 -0.12266857E-06
 0.40907454E+02  0.47027702E-05  0.47027702E-05 -0.18711564E-06 -0.18711564E-06
 0.40998158E+02  0.47054057E-05  0.47054057E-05 -0.25677535E-06 -0.25677535E-06
 0.41088862E+02  0.47242602E-05  0.47242602E-05 -0.32843919E-06 -0.32843919E-06
 0.41179567E+02  0.47598050E-05  0.47598050E-05 -0.39867692E-06 -0.39867692E-06
 0.41270271E+02  0.48117734E-05  0.48117734E-05 -0.46397495E-06 -0.46397495E-06
 0.41360975E+02  0.48791445E-05  0.48791445E-05 -0.52087672E-06 -0.52087672E-06
 0.41451679E+02  0.49601401E-05  0.49601401E-05 -0.56613307E-06 -0.56613307E-06
 0.41542383E+02  0.50522428E-05  0.50522428E-05 -0.59687205E-06 -0.59687205E-06
 0.41633088E+02  0.51522581E-05  0.51522581E-05 -0.61078321E-06 -0.61078321E-06
 0.41723792E+02  0.52564295E-05  0.52564295E-05 -0.60630841E-06 -0.60630841E-06
 0.41814496E+02  0.53606228E-05  0.53606228E-05 -0.58281111E-06 -0.58281111E-06
 0.41905200E+02  0.54605780E-05  0.54605780E-05 -0.54069727E-06 -0.54069727E-06
 0.41995904E+02  0.55522068E-05  0.55522068E-05 -0.48145426E-06 -0.48145426E-06
 0.42086608E+02  0.56319062E-05  0.56319062E-05 -0.40758668E-06 -0.40758668E-06
 0.42177313E+02  0.56968419E-05  0.56968419E-05 -0.32244805E-06 -0.32244805E-06
 0.42268017E+02  0.57451622E-05  0.57451622E-05 -0.22998336E-06 -0.22998336E-06
 0.42358721E+02  0.57761149E-05  0.57761149E-05 -0.13441908E-06 -0.13441908E-06
 0.42449425E+02  0.57900541E-05  0.57900541E-05 -0.39942388E-07 -0.39942388E-07
 0.42540129E+02  0.57883542E-05  0.57883542E-05  0.49590746E-07  0.49590746E-07
 0.42630833E+02  0.57732493E-05  0.57732493E-05  0.13089069E-06  0.13089069E-06
 0.42721538E+02  0.57476312E-05  0.57476312E-05  0.20140412E-06  0.20140412E-06
 0.42812242E+02  0.57148289E-05  0.57148289E-05  0.25941439E-06  0.25941439E-06
 0.42902946E+02  0.56783894E-05  0.56783894E-05  0.30408540E-06  0.30408540E-06
 0.42993650E+02  0.56418715E-05  0.56418715E-05  0.33545595E-06  0.33545595E-06
 0.43084354E+02  0.56086578E-05  0.56086578E-05  0.35439812E-06  0.35439812E-06
 0.43175058E+02  0.55817849E-05  0.55817849E-05  0.36254618E-06  0.36254618E-06
 0.43265763E+02  0.55637931E-05  0.55637931E-05  0.36220152E-06  0.36220152E-06
 0.43356467E+02  0.55565899E-05  0.55565899E-05  0.35621703E-06  0.35621703E-06
 0.43447171E+02  0.55613295E-05  0.55613295E-05  0.34785717E-06  0.34785717E-06
 0.43537875E+02  0.55783080E-05  0.55783080E-05  0.34062858E-06  0.34062858E-06
 0.43628579E+02  0.56068818E-05  0.56068818E-05  0.33807393E-06  0.33807393E-06
 0.43719283E+02  0.56454270E-05  0.56454270E-05  0.34352274E-06  0.34352274E-06
 0.43809988E+02  0.56913652E-05  0.56913652E-05  0.35979921E-06  0.35979921E-06
 0.43900692E+02  0.57412882E-05  0.57412882E-05  0.38890535E-06  0.38890535E-06
 0.43991396E+02  0.57912129E-05  0.57912129E-05  0.43171828E-06  0.43171828E-06
 0.44082100E+02  0.58369742E-05  0.58369742E-05  0.48776660E-06  0.48776660E-06
 0.44172804E+02  0.58747332E-05  0.58747332E-05  0.55516048E-06  0.55516048E-06
 0.44263508E+02  0.59015258E-05  0.59015258E-05  0.63074338E-06  0.63074338E-06
 0.44354213E+02  0.59157390E-05  0.59157390E-05  0.71048646E-06  0.71048646E-06
 0.44444917E+02  0.59173953E-05  0.59173953E-05  0.79008139E-06  0.79008139E-06
 0.44535621E+02  0.59081564E-05  0.59081564E-05  0.86562460E-06  0.86562460E-06
 0.44626325E+02  0.58910337E-05  0.58910337E-05  0.93424915E-06  0.93424915E-06
 0.44717029E+02  0.58698608E-05  0.58698608E-05  0.99457674E-06  0.99457674E-06
 0.44807733E+02  0.58486411E-05  0.58486411E-05  0.10469153E-05  0.10469153E-05
 0.44898438E+02  0.58308854E-05  0.58308854E-05  0.10931932E-05  0.10931932E-05
 0.44989142E+02  0.58190309E-05  0.58190309E-05  0.11366638E-05  0.11366638E-05
 0.45079846E+02  0.58139989E-05  0.58139989E-05  0.11814353E-05  0.11814353E-05
 0.45170550E+02  0.58149223E-05  0.58149223E-05  0.12318719E-05  0.12318719E-05
 0.45261254E+02  0.58190749E-05  0.58190749E-05  0.12919054E-05  0.12919054E-05
 0.45351958E+02  0.58220457E-05  0.58220457E-05  0.13643045E-05  0.13643045E-05
 0.45442662E+02  0.58182052E-05  0.58182052E-05  0.14499820E-05  0.14499820E-05
 0.45533367E+02  0.58014857E-05  0.58014857E-05  0.15474767E-05  0.15474767E-05
 0.45624071E+02  0.57664110E-05  0.57664110E-05  0.16527805E-05  0.16527805E-05
 0.45714775E+02  0.57092024E-05  0.57092024E-05  0.17596570E-05  0.17596570E-05
 0.45805479E+02  0.56286843E-05  0.56286843E-05  0.18604854E-05  0.18604854E-05
 0.45896183E+02  0.55267137E-05  0.55267137E-05  0.19474788E-05  0.19474788E-05
 0.45986888E+02  0.54079845E-05  0.54079845E-05  0.20139762E-05  0.20139762E-05
 0.46077592E+02  0.52792696E-05  0.52792696E-05  0.20554654E-05  0.20554654E-05
 0.46168296E+02  0.51483462E-05  0.51483462E-05  0.20701094E-05  0.20701094E-05
 0.46259000E+02  0.50229114E-05  0.50229114E-05  0.20587429E-05  0.20587429E-05
 0.46349704E+02  0.49097201E-05  0.49097201E-05  0.20244703E-05  0.20244703E-05
 0.46440408E+02  0.48140429E-05  0.48140429E-05  0.19720709E-05  0.19720709E-05
 0.46531113E+02  0.47394099E-05  0.47394099E-05  0.19073844E-05  0.19073844E-05
 0.46621817E+02  0.46875470E-05  0.46875470E-05  0.18367764E-05  0.18367764E-05
 0.46712521E+02  0.46584016E-05  0.46584016E-05  0.17666980E-05  0.17666980E-05
 0.46803225E+02  0.46501934E-05  0.46501934E-05  0.17032973E-05  0.17032973E-05
 0.46893929E+02  0.46594817E-05  0.46594817E-05  0.16520202E-05  0.16520202E-05
 0.46984633E+02  0.46812970E-05  0.46812970E-05  0.16171509E-05  0.16171509E-05
 0.47075338E+02  0.47094259E-05  0.47094259E-05  0.16012912E-05  0.16012912E-05
 0.47166042E+02  0.47369438E-05  0.47369438E-05  0.16048576E-05  0.16048576E-05
 0.47256746E+02  0.47570343E-05  0.47570343E-05  0.16257543E-05  0.16257543E-05
 0.47347450E+02  0.47640161E-05  0.47640161E-05  0.16594172E-05  0.16594172E-05
 0.47438154E+02  0.47543581E-05  0.47543581E-05  0.16993668E-05  0.16993668E-05
 0.47528858E+02  0.47273783E-05  0.47273783E-05  0.17382413E-05  0.17382413E-05
 0.47619563E+02  0.46853803E-05  0.46853803E-05  0.17690844E-05  0.17690844E-05
 0.47710267E+02  0.46331693E-05  0.46331693E-05  0.17865395E-05  0.17865395E-05
 0.47800971E+02  0.45771151E-05  0.45771151E-05  0.17876457E-05  0.17876457E-05
 0.47891675E+02  0.45240542E-05  0.45240542E-05  0.17721112E-05  0.17721112E-05
 0.47982379E+02  0.44803051E-05  0.44803051E-05  0.17421281E-05  0.17421281E-05
 0.48073083E+02  0.44509377E-05  0.44509377E-05  0.17019105E-05  0.17019105E-05
 0.48163788E+02  0.44393056E-05  0.44393056E-05  0.16571299E-05  0.16571299E-05
 0.48254492E+02  0.44467602E-05  0.44467602E-05  0.16143503E-05  0.16143503E-05
 0.48345196E+02  0.44724607E-05  0.44724607E-05  0.15804710E-05  0.15804710E-05
 0.48435900E+02  0.45132405E-05  0.45132405E-05  0.15621175E-05  0.15621175E-05
 0.48526604E+02  0.45635751E-05  0.45635751E-05  0.15649044E-05  0.15649044E-05
 0.48617308E+02  0.46157857E-05  0.46157857E-05  0.15925381E-05  0.15925381E-05
 0.48708013E+02  0.46606599E-05  0.46606599E-05  0.16458561E-05  0.16458561E-05
 0.48798717E+02  0.46886173E-05  0.46886173E-05  0.17220548E-05  0.17220548E-05
 0.48889421E+02  0.46913484E-05  0.46913484E-05  0.18144891E-05  0.18144891E-05
 0.48980125E+02  0.46635640E-05  0.46635640E-05  0.19133593E-05  0.19133593E-05
 0.49070829E+02  0.46042679E-05  0.46042679E-05  0.20073161E-05  0.20073161E-05
 0.49161533E+02  0.45170357E-05  0.45170357E-05  0.20855667E-05  0.20855667E-05
 0.49252237E+02  0.44091732E-05  0.44091732E-05  0.21398010E-05  0.21398010E-05
 0.49342942E+02  0.42901039E-05  0.42901039E-05  0.21653422E-05  0.21653422E-05
 0.49433646E+02  0.41696017E-05  0.41696017E-05  0.21613151E-05  0.21613151E-05
 0.49524350E+02  0.40563857E-05  0.40563857E-05  0.21300485E-05  0.21300485E-05
 0.49615054E+02  0.39573116E-05  0.39573116E-05  0.20761127E-05  0.20761127E-05
 0.49705758E+02  0.38770996E-05  0.38770996E-05  0.20053604E-05  0.20053604E-05
 0.49796462E+02  0.38184112E-05  0.38184112E-05  0.19241675E-05  0.19241675E-05
 0.49887167E+02  0.37820656E-05  0.37820656E-05  0.18389141E-05  0.18389141E-05
 0.49977871E+02  0.37672648E-05  0.37672648E-05  0.17556451E-05  0.17556451E-05
 0.50068575E+02  0.37717654E-05  0.37717654E-05  0.16798116E-05  0.16798116E-05
 0.50159279E+02  0.37920160E-05  0.37920160E-05  0.16160060E-05  0.16160060E-05
 0.50249983E+02  0.38233258E-05  0.38233258E-05  0.15676378E-05  0.15676378E-05
 0.50340687E+02  0.38601566E-05  0.38601566E-05  0.15365639E-05  0.15365639E-05
 0.50431392E+02  0.38966131E-05  0.38966131E-05  0.15227560E-05  0.15227560E-05
 0.50522096E+02  0.39271421E-05  0.39271421E-05  0.15241468E-05  0.15241468E-05
 0.50612800E+02  0.39473413E-05  0.39473413E-05  0.15368018E-05  0.15368018E-05
 0.50703504E+02  0.39546783E-05  0.39546783E-05  0.15554881E-05  0.15554881E-05
 0.50794208E+02  0.39488924E-05  0.39488924E-05  0.15745621E-05  0.15745621E-05
 0.50884913E+02  0.39319292E-05  0.39319292E-05  0.15889622E-05  0.15889622E-05
 0.50975617E+02  0.39074289E-05  0.39074289E-05  0.15950391E-05  0.15950391E-05
 0.51066321E+02  0.38799351E-05  0.38799351E-05  0.15910305E-05  0.15910305E-05
 0.51157025E+02  0.38540524E-05  0.38540524E-05  0.15771326E-05  0.15771326E-05
 0.51247729E+02  0.38337306E-05  0.38337306E-05  0.15552463E-05  0.15552463E-05
 0.51338433E+02  0.38217626E-05  0.38217626E-05  0.15285316E-05  0.15285316E-05
 0.51429138E+02  0.38194956E-05  0.38194956E-05  0.15008839E-05  0.15008839E-05
 0.51519842E+02  0.38267112E-05  0.38267112E-05  0.14763995E-05  0.14763995E-05
 0.51610546E+02  0.38416545E-05  0.38416545E-05  0.14588428E-05  0.14588428E-05
 0.51701250E+02  0.38611990E-05  0.38611990E-05  0.14511277E-05  0.14511277E-05
 0.51791954E+02  0.38811898E-05  0.38811898E-05  0.14548305E-05  0.14548305E-05
 0.51882658E+02  0.38969806E-05  0.38969806E-05  0.14698091E-05  0.14698091E-05
 0.51973363E+02  0.39041545E-05  0.39041545E-05  0.14940390E-05  0.14940390E-05
 0.52064067E+02  0.38993155E-05  0.38993155E-05  0.15237819E-05  0.15237819E-05
 0.52154771E+02  0.38807756E-05  0.38807756E-05  0.15541232E-05  0.15541232E-05
 0.52245475E+02  0.38489301E-05  0.38489301E-05  0.15798023E-05  0.15798023E-05
 0.52336179E+02  0.38061974E-05  0.38061974E-05  0.15961278E-05  0.15961278E-05
 0.52426883E+02  0.37565541E-05  0.37565541E-05  0.15997394E-05  0.15997394E-05
 0.52517588E+02  0.37048126E-05  0.37048126E-05  0.15890391E-05  0.15890391E-05
 0.52608292E+02  0.36558647E-05  0.36558647E-05  0.15642545E-05  0.15642545E-05
 0.52698996E+02  0.36140471E-05  0.36140471E-05  0.15272100E-05  0.15272100E-05
 0.52789700E+02  0.35827165E-05  0.35827165E-05  0.14809385E-05  0.14809385E-05
 0.52880404E+02  0.35640132E-05  0.35640132E-05  0.14292513E-05  0.14292513E-05
 0.52971108E+02  0.35587693E-05  0.35587693E-05  0.13763298E-05  0.13763298E-05
 0.53061813E+02  0.35665006E-05  0.35665006E-05  0.13263543E-05  0.13263543E-05
 0.53152517E+02  0.35854541E-05  0.35854541E-05  0.12831493E-05  0.12831493E-05
 0.53243221E+02  0.36127248E-05  0.36127248E-05  0.12498212E-05  0.12498212E-05
 0.53333925E+02  0.36444749E-05  0.36444749E-05  0.12283904E-05  0.12283904E-05
 0.53424629E+02  0.36763036E-05  0.36763036E-05  0.12194541E-05  0.12194541E-05
 0.53515333E+02  0.37037831E-05  0.37037831E-05  0.12219750E-05  0.12219750E-05
 0.53606037E+02  0.37231126E-05  0.37231126E-05  0.12332942E-05  0.12332942E-05
 0.53696742E+02  0.37317633E-05  0.37317633E-05  0.12494561E-05  0.12494561E-05
 0.53787446E+02  0.37289470E-05  0.37289470E-05  0.12658169E-05  0.12658169E-05
 0.53878150E+02  0.37108014E-05  0.37157544E-05  0.12645697E-05  0.12778319E-05
 0.53968854E+02  0.36972669E-05  0.36949226E-05  0.12640120E-05  0.12818090E-05
 0.54059558E+02  0.36914545E-05  0.36703070E-05  0.12441939E-05  0.12754567E-05
 0.54150263E+02  0.37078354E-05  0.36462139E-05  0.12203510E-05  0.12581263E-05
 0.54240967E+02  0.37059100E-05  0.36267669E-05  0.12066881E-05  0.12307565E-05
 0.54331671E+02  0.37193227E-05  0.36154023E-05  0.11933080E-05  0.11956216E-05
 0.54422375E+02  0.37227976E-05  0.36145364E-05  0.11797595E-05  0.11559688E-05
 0.54513079E+02  0.37390023E-05  0.36253674E-05  0.11724098E-05  0.11156367E-05
 0.54603783E+02  0.37537516E-05  0.36477875E-05  0.11682377E-05  0.10786704E-05
 0.54694488E+02  0.37606800E-05  0.36803613E-05  0.11603779E-05  0.10489423E-05
 0.54785192E+02  0.37728523E-05  0.37203916E-05  0.11601476E-05  0.10297505E-05
 0.54875896E+02  0.37793045E-05  0.37640931E-05  0.11555149E-05  0.10234031E-05
 0.54966600E+02  0.37879283E-05  0.38069279E-05  0.11568246E-05  0.10308216E-05
 0.55057304E+02  0.37947919E-05  0.38441296E-05  0.11575364E-05  0.10512449E-05
 0.55148008E+02  0.37983265E-05  0.38713760E-05  0.11549347E-05  0.10821607E-05
 0.55238713E+02  0.38031618E-05  0.38854995E-05  0.11546696E-05  0.11195397E-05
 0.55329417E+02  0.38080945E-05  0.38850522E-05  0.11537388E-05  0.11584111E-05
 0.55420121E+02  0.38126570E-05  0.38705643E-05  0.11517932E-05  0.11936503E-05
 0.55510825E+02  0.38174194E-05  0.38443948E-05  0.11493777E-05  0.12208050E-05
 0.55601529E+02  0.38191449E-05  0.38102492E-05  0.11452531E-05  0.12367352E-05
 0.55692233E+02  0.38244663E-05  0.37724937E-05  0.11423081E-05  0.12399440E-05
 0.55782938E+02  0.38265519E-05  0.37354723E-05  0.11376073E-05  0.12305779E-05
 0.55873642E+02  0.38327718E-05  0.37029500E-05  0.11345772E-05  0.12101770E-05
 0.55964346E+02  0.38355826E-05  0.36777459E-05  0.11294821E-05  0.11812920E-05
 0.56055050E+02  0.38428085E-05  0.36615511E-05  0.11268097E-05  0.11470600E-05
 0.56145754E+02  0.38465695E-05  0.36548788E-05  0.11215762E-05  0.11108033E-05
 0.56236458E+02  0.38547592E-05  0.36571273E-05  0.11196360E-05  0.10756680E-05
 0.56327163E+02  0.38632387E-05  0.36667055E-05  0.11183626E-05  0.10442982E-05
 0.56417867E+02  0.38686147E-05  0.36812481E-05  0.11136233E-05  0.10185571E-05
 0.56508571E+02  0.38778058E-05  0.36979034E-05  0.11134854E-05  0.99929383E-06
 0.56599275E+02  0.38879198E-05  0.37137117E-05  0.11156751E-05  0.98620979E-06
 0.56689979E+02  0.38970755E-05  0.37260367E-05  0.11172684E-05  0.97785825E-06
 0.56780683E+02  0.39042893E-05  0.37329940E-05  0.11143367E-05  0.97181927E-06
 0.56871388E+02  0.39136500E-05  0.37337933E-05  0.11173451E-05  0.96504719E-06
 0.56962092E+02  0.39216690E-05  0.37289080E-05  0.11153777E-05  0.95433842E-06
 0.57052796E+02  0.39309892E-05  0.37200401E-05  0.11198852E-05  0.93682799E-06
 0.57143500E+02  0.39396592E-05  0.37098882E-05  0.11190587E-05  0.91040802E-06
 0.57234204E+02  0.39486701E-05  0.37017906E-05  0.11250853E-05  0.87400485E-06
 0.57324908E+02  0.39571573E-05  0.36993319E-05  0.11318070E-05  0.82768279E-06
 0.57415613E+02  0.39662171E-05  0.37059866E-05  0.11330296E-05  0.77261006E-06
 0.57506317E+02  0.39740045E-05  0.37248380E-05  0.11411169E-05  0.71093648E-06
 0.57597021E+02  0.39831390E-05  0.37583770E-05  0.11436725E-05  0.64563795E-06
 0.57687725E+02  0.39900029E-05  0.38083521E-05  0.11529721E-05  0.58036400E-06
 0.57778429E+02  0.39989721E-05  0.38756381E-05  0.11568391E-05  0.51929603E-06
 0.57869133E+02  0.40047376E-05  0.39600957E-05  0.11671457E-05  0.46700186E-06
 0.57959837E+02  0.40080599E-05  0.40604029E-05  0.11801911E-05  0.42825293E-06
 0.58050542E+02  0.40121436E-05  0.41738728E-05  0.11908155E-05  0.40775010E-06
 0.58141246E+02  0.40196403E-05  0.42963160E-05  0.11968667E-05  0.40972870E-06
 0.58231950E+02  0.40225705E-05  0.44220163E-05  0.12079731E-05  0.43741307E-06
 0.58322654E+02  0.40294160E-05  0.45439432E-05  0.12148856E-05  0.49237281E-06
 0.58413358E+02  0.40312071E-05  0.46542882E-05  0.12262671E-05  0.57389108E-06
 0.58504063E+02  0.40373235E-05  0.47453504E-05  0.12338821E-05  0.67854000E-06
 0.58594767E+02  0.40380301E-05  0.48106700E-05  0.12453556E-05  0.80018575E-06
 0.58685471E+02  0.40433795E-05  0.48461469E-05  0.12535152E-05  0.93055321E-06
 0.58776175E+02  0.40430874E-05  0.48508197E-05  0.12649286E-05  0.10603245E-05
 0.58866879E+02  0.40476668E-05  0.48270469E-05  0.12734861E-05  0.11805015E-05
 0.58957583E+02  0.40464777E-05  0.47800262E-05  0.12847208E-05  0.12836925E-05
 0.59048288E+02  0.40503089E-05  0.47168312E-05  0.12935479E-05  0.13649699E-05
 0.59138992E+02  0.40483309E-05  0.46452676E-05  0.13045173E-05  0.14221804E-05
 0.59229696E+02  0.40514548E-05  0.45728441E-05  0.13135043E-05  0.14557592E-05
 0.59320400E+02  0.40401196E-05  0.45060352E-05  0.13265377E-05  0.14682212E-05
 0.59411104E+02  0.40424910E-05  0.44498674E-05  0.13353246E-05  0.14635488E-05
 0.59501808E+02  0.40393309E-05  0.44077693E-05  0.13452989E-05  0.14466078E-05
 0.59592513E+02  0.40411346E-05  0.43815745E-05  0.13541021E-05  0.14226692E-05
 0.59683217E+02  0.40375050E-05  0.43716027E-05  0.13637306E-05  0.13970334E-05
 0.59773921E+02  0.40387899E-05  0.43767524E-05  0.13724968E-05  0.13747097E-05
 0.59864625E+02  0.40347651E-05  0.43946112E-05  0.13817689E-05  0.13601282E-05
 0.59955329E+02  0.40355799E-05  0.44215929E-05  0.13904557E-05  0.13568156E-05
 0.60046033E+02  0.40312282E-05  0.44531617E-05  0.13993684E-05  0.13670648E-05
 0.60136738E+02  0.40316197E-05  0.44841976E-05  0.14079429E-05  0.13915993E-05
 0.60227442E+02  0.40269997E-05  0.45095251E-05  0.14164993E-05  0.14293601E-05
 0.60318146E+02  0.40270115E-05  0.45245782E-05  0.14249355E-05  0.14774787E-05
 0.60408850E+02  0.40221763E-05  0.45260890E-05  0.14331420E-05  0.15315601E-05
 0.60499554E+02  0.40218509E-05  0.45126321E-05  0.14414195E-05  0.15862599E-05
 0.60590258E+02  0.40168471E-05  0.44848825E-05  0.14492853E-05  0.16360922E-05
 0.60680962E+02  0.40162225E-05  0.44454841E-05  0.14573886E-05  0.16762641E-05
 0.60771667E+02  0.40076419E-05  0.43985796E-05  0.14645251E-05  0.17033566E-05
 0.60862371E+02  0.40025361E-05  0.43491323E-05  0.14718237E-05  0.17157097E-05
 0.60953075E+02  0.40015783E-05  0.43022177E-05  0.14795507E-05  0.17134928E-05
 0.61043779E+02  0.39964029E-05  0.42624111E-05  0.14865498E-05  0.16985122E-05
 0.61134483E+02  0.39952396E-05  0.42333541E-05  0.14940854E-05  0.16738633E-05
 0.61225188E+02  0.39900285E-05  0.42174896E-05  0.15007964E-05  0.16435407E-05
 0.61315892E+02  0.39886919E-05  0.42159206E-05  0.15081338E-05  0.16120386E-05
 0.61406596E+02  0.39834757E-05  0.42283523E-05  0.15145696E-05  0.15839783E-05
 0.61497300E+02  0.39819965E-05  0.42530982E-05  0.15217035E-05  0.15637373E-05
 0.61588004E+02  0.39768055E-05  0.42871462E-05  0.15278778E-05  0.15550580E-05
 0.61678708E+02  0.39752154E-05  0.43263390E-05  0.15348045E-05  0.15606347E-05
 0.61769412E+02  0.39700780E-05  0.43656943E-05  0.15407323E-05  0.15817123E-05
 0.61860117E+02  0.39684071E-05  0.43999256E-05  0.15474512E-05  0.16177663E-05
 0.61950821E+02  0.39666832E-05  0.44241221E-05  0.15540780E-05  0.16663923E-05
 0.62041525E+02  0.39616311E-05  0.44344927E-05  0.15596608E-05  0.17235104E-05
 0.62132229E+02  0.39598732E-05  0.44289917E-05  0.15660785E-05  0.17838973E-05
 0.62222933E+02  0.39487761E-05  0.44076621E-05  0.15696712E-05  0.18419862E-05
 0.62313638E+02  0.39471092E-05  0.43725764E-05  0.15758698E-05  0.18927418E-05
 0.62404342E+02  0.39424249E-05  0.43273931E-05  0.15811043E-05  0.19324019E-05
 0.62495046E+02  0.39407847E-05  0.42766723E-05  0.15871236E-05  0.19589148E-05
 0.62585750E+02  0.39362602E-05  0.42251304E-05  0.15922149E-05  0.19720286E-05
 0.62676454E+02  0.39346740E-05  0.41770008E-05  0.15980673E-05  0.19730932E-05
 0.62767158E+02  0.39303275E-05  0.41355784E-05  0.16030421E-05  0.19646808E-05
 0.62857863E+02  0.39288232E-05  0.41029582E-05  0.16087429E-05  0.19501431E-05
 0.62948567E+02  0.39273500E-05  0.40799395E-05  0.16143661E-05  0.19331629E-05
 0.63039271E+02  0.39232712E-05  0.40660504E-05  0.16191991E-05  0.19173439E-05
 0.63129975E+02  0.39219177E-05  0.40596652E-05  0.16246973E-05  0.19058428E-05
 0.63220679E+02  0.39180523E-05  0.40581950E-05  0.16294880E-05  0.19010461E-05
 0.63311383E+02  0.39168403E-05  0.40583754E-05  0.16348858E-05  0.19042906E-05
 0.63402088E+02  0.39131937E-05  0.40566402E-05  0.16396672E-05  0.19156734E-05
 0.63492792E+02  0.39121401E-05  0.40495754E-05  0.16449915E-05  0.19339889E-05
 0.63583496E+02  0.39111620E-05  0.40343861E-05  0.16502712E-05  0.19568395E-05
 0.63674200E+02  0.39078339E-05  0.40093040E-05  0.16550770E-05  0.19809412E-05
 0.63764904E+02  0.39017772E-05  0.39738479E-05  0.16594955E-05  0.20025707E-05
 0.63855608E+02  0.38986456E-05  0.39288729E-05  0.16644713E-05  0.20180837E-05
 0.63946313E+02  0.38980497E-05  0.38763978E-05  0.16698113E-05  0.20243909E-05
 0.64037017E+02  0.38951101E-05  0.38192710E-05  0.16748928E-05  0.20192958E-05
 0.64127721E+02  0.38946917E-05  0.37607622E-05  0.16802703E-05  0.20016484E-05
 0.64218425E+02  0.38919302E-05  0.37041787E-05  0.16854862E-05  0.19713241E-05
 0.64309129E+02  0.38916866E-05  0.36525649E-05  0.16909320E-05  0.19290821E-05
 0.64399833E+02  0.38915354E-05  0.36085177E-05  0.16964026E-05  0.18763512E-05
 0.64490538E+02  0.38890120E-05  0.35740900E-05  0.17018526E-05  0.18150227E-05
 0.64581242E+02  0.38890284E-05  0.35507898E-05  0.17074365E-05  0.17472616E-05
 0.64671946E+02  0.38866358E-05  0.35396144E-05  0.17130849E-05  0.16753754E-05
 0.64762650E+02  0.38868071E-05  0.35411022E-05  0.17188098E-05  0.16017208E-05
 0.64853354E+02  0.38870647E-05  0.35553793E-05  0.17245976E-05  0.15286579E-05
 0.64944058E+02  0.38848312E-05  0.35821835E-05  0.17305679E-05  0.14585180E-05
 0.65034762E+02  0.38852209E-05  0.36208734E-05  0.17365365E-05  0.13935862E-05
 0.65125467E+02  0.38830524E-05  0.36704045E-05  0.17427489E-05  0.13360762E-05
 0.65216171E+02  0.38835530E-05  0.37293002E-05  0.17489207E-05  0.12880783E-05
 0.65306875E+02  0.38814205E-05  0.37956015E-05  0.17553845E-05  0.12514706E-05
 0.65397579E+02  0.38754827E-05  0.38668533E-05  0.17622247E-05  0.12277936E-05
 0.65488283E+02  0.38760206E-05  0.39401173E-05  0.17687733E-05  0.12180788E-05
 0.65578988E+02  0.38737701E-05  0.40120669E-05  0.17756201E-05  0.12226537E-05
 0.65669692E+02  0.38743488E-05  0.40791615E-05  0.17824015E-05  0.12409553E-05
 0.65760396E+02  0.38720562E-05  0.41379284E-05  0.17894933E-05  0.12713922E-05
 0.65851100E+02  0.38726482E-05  0.41853173E-05  0.17965158E-05  0.13113189E-05
 0.65941804E+02  0.38702851E-05  0.42190753E-05  0.18038471E-05  0.13571601E-05
 0.66032508E+02  0.38708634E-05  0.42380802E-05  0.18111156E-05  0.14046936E-05
 0.66123212E+02  0.38714491E-05  0.42425325E-05  0.18185067E-05  0.14494577E-05
 0.66213917E+02  0.38689404E-05  0.42339789E-05  0.18261926E-05  0.14872211E-05
 0.66304621E+02  0.38694707E-05  0.42151401E-05  0.18338319E-05  0.15144089E-05
 0.66395325E+02  0.38668270E-05  0.41896065E-05  0.18417319E-05  0.15284193E-05
 0.66486029E+02  0.38672759E-05  0.41614529E-05  0.18496144E-05  0.15277800E-05
 0.66576733E+02  0.38676981E-05  0.41348834E-05  0.18576217E-05  0.15121508E-05
 0.66667438E+02  0.38648163E-05  0.41139299E-05  0.18658290E-05  0.14822159E-05
 0.66758142E+02  0.38651178E-05  0.41022561E-05  0.18740675E-05  0.14395115E-05
 0.66848846E+02  0.38620496E-05  0.41030505E-05  0.18824448E-05  0.13862550E-05
 0.66939550E+02  0.38622081E-05  0.41189886E-05  0.18909011E-05  0.13251887E-05
 0.67030254E+02  0.38623082E-05  0.41522399E-05  0.18994728E-05  0.12594950E-05
 0.67120958E+02  0.38501334E-05  0.42044690E-05  0.19078169E-05  0.11927414E-05
 0.67211663E+02  0.38499585E-05  0.42768186E-05  0.19165098E-05  0.11288922E-05
 0.67302367E+02  0.38463008E-05  0.43698325E-05  0.19251176E-05  0.10723299E-05
 0.67393071E+02  0.38459441E-05  0.44833179E-05  0.19339761E-05  0.10278859E-05
 0.67483775E+02  0.38455079E-05  0.46161155E-05  0.19429258E-05  0.10008199E-05
 0.67574479E+02  0.38415247E-05  0.47658019E-05  0.19516720E-05  0.99670527E-06
 0.67665183E+02  0.38408885E-05  0.49283353E-05  0.19607585E-05  0.10211581E-05
 0.67755888E+02  0.38366906E-05  0.50977385E-05  0.19695549E-05  0.10793348E-05
 0.67846592E+02  0.38358472E-05  0.52659308E-05  0.19787565E-05  0.11751919E-05
 0.67937296E+02  0.38349097E-05  0.54228925E-05  0.19880256E-05  0.13105150E-05
 0.68028000E+02  0.38303830E-05  0.55573277E-05  0.19968772E-05  0.14839091E-05
