8
   0.4688738939305818d1   0.2654807474011182d-09
   0.3869447904860123d1   0.2320980844865211d-06
   0.3176999161979956d1   0.2711860092537882d-04
   0.2546202157847481d1   0.9322840086241805d-03
   0.1951787990916254d1   0.1288031153550997d-01
   0.1380258539198881d1   0.8381004139898583d-01
   0.8229514491446559d0   0.2806474585285337d+00
   0.2734810461381525d0   0.5079294790166137d+00
4
   0.2930637420257244d1   0.1996040722113676d-03
   0.1981656756695843d1   0.1707798300741348d-01
   0.1157193712446780d1   0.2078023258148919d+00
   0.3811869902073221d0   0.6611470125582413d+00
2
   0.1650680123885785d1   0.8131283544724518d-01
   0.5246476232752903d0   0.8049140900055128d+00
1
   0.7071067811865475d0   0.8862269254527580d+00
