#   iter=  100   gam= 0.18374662E-01   kpref= 0.55182454E-03
     #   Energy           Spect        Spect(0)            SPKK         SPKK(0)
-0.40817000E+02  0.28938158E-05  0.28938158E-05 -0.28449132E-03 -0.28449132E-03
-0.40726296E+02  0.29051464E-05  0.29051464E-05 -0.28501718E-03 -0.28501718E-03
-0.40635592E+02  0.29165465E-05  0.29165465E-05 -0.28554511E-03 -0.28554511E-03
-0.40544887E+02  0.29280160E-05  0.29280160E-05 -0.28607507E-03 -0.28607507E-03
-0.40454183E+02  0.29395568E-05  0.29395568E-05 -0.28660715E-03 -0.28660715E-03
-0.40363479E+02  0.29511690E-05  0.29511690E-05 -0.28714134E-03 -0.28714134E-03
-0.40272775E+02  0.29628530E-05  0.29628530E-05 -0.28767763E-03 -0.28767763E-03
-0.40182071E+02  0.29746095E-05  0.29746095E-05 -0.28821605E-03 -0.28821605E-03
-0.40091367E+02  0.29864392E-05  0.29864392E-05 -0.28875661E-03 -0.28875661E-03
-0.40000662E+02  0.29983426E-05  0.29983426E-05 -0.28929932E-03 -0.28929932E-03
-0.39909958E+02  0.30103204E-05  0.30103204E-05 -0.28984419E-03 -0.28984419E-03
-0.39819254E+02  0.30223732E-05  0.30223732E-05 -0.29039125E-03 -0.29039125E-03
-0.39728550E+02  0.30345016E-05  0.30345016E-05 -0.29094049E-03 -0.29094049E-03
-0.39637846E+02  0.30467064E-05  0.30467064E-05 -0.29149194E-03 -0.29149194E-03
-0.39547142E+02  0.30589881E-05  0.30589881E-05 -0.29204561E-03 -0.29204561E-03
-0.39456437E+02  0.30713476E-05  0.30713476E-05 -0.29260152E-03 -0.29260152E-03
-0.39365733E+02  0.30837853E-05  0.30837853E-05 -0.29315967E-03 -0.29315967E-03
-0.39275029E+02  0.30963021E-05  0.30963021E-05 -0.29372008E-03 -0.29372008E-03
-0.39184325E+02  0.31088985E-05  0.31088985E-05 -0.29428277E-03 -0.29428277E-03
-0.39093621E+02  0.31215754E-05  0.31215754E-05 -0.29484776E-03 -0.29484776E-03
-0.39002917E+02  0.31343325E-05  0.31343325E-05 -0.29541501E-03 -0.29541501E-03
-0.38912212E+02  0.31471723E-05  0.31471723E-05 -0.29598462E-03 -0.29598462E-03
-0.38821508E+02  0.31600946E-05  0.31600946E-05 -0.29655656E-03 -0.29655656E-03
-0.38730804E+02  0.31731002E-05  0.31731002E-05 -0.29713086E-03 -0.29713086E-03
-0.38640100E+02  0.31861897E-05  0.31861897E-05 -0.29770752E-03 -0.29770752E-03
-0.38549396E+02  0.31993641E-05  0.31993641E-05 -0.29828656E-03 -0.29828656E-03
-0.38458692E+02  0.32126239E-05  0.32126239E-05 -0.29886799E-03 -0.29886799E-03
-0.38367987E+02  0.32259701E-05  0.32259701E-05 -0.29945184E-03 -0.29945184E-03
-0.38277283E+02  0.32394032E-05  0.32394032E-05 -0.30003812E-03 -0.30003812E-03
-0.38186579E+02  0.32529242E-05  0.32529242E-05 -0.30062684E-03 -0.30062684E-03
-0.38095875E+02  0.32665337E-05  0.32665337E-05 -0.30121802E-03 -0.30121802E-03
-0.38005171E+02  0.32802328E-05  0.32802328E-05 -0.30181167E-03 -0.30181167E-03
-0.37914467E+02  0.32940221E-05  0.32940221E-05 -0.30240782E-03 -0.30240782E-03
-0.37823762E+02  0.33079024E-05  0.33079024E-05 -0.30300647E-03 -0.30300647E-03
-0.37733058E+02  0.33218742E-05  0.33218742E-05 -0.30360763E-03 -0.30360763E-03
-0.37642354E+02  0.33359391E-05  0.33359391E-05 -0.30421135E-03 -0.30421135E-03
-0.37551650E+02  0.33500976E-05  0.33500976E-05 -0.30481763E-03 -0.30481763E-03
-0.37460946E+02  0.33643504E-05  0.33643504E-05 -0.30542649E-03 -0.30542649E-03
-0.37370242E+02  0.33786986E-05  0.33786986E-05 -0.30603794E-03 -0.30603794E-03
-0.37279537E+02  0.33931430E-05  0.33931430E-05 -0.30665199E-03 -0.30665199E-03
-0.37188833E+02  0.34076844E-05  0.34076844E-05 -0.30726868E-03 -0.30726868E-03
-0.37098129E+02  0.34223237E-05  0.34223237E-05 -0.30788801E-03 -0.30788801E-03
-0.37007425E+02  0.34370619E-05  0.34370619E-05 -0.30851000E-03 -0.30851000E-03
-0.36916721E+02  0.34518994E-05  0.34518994E-05 -0.30913466E-03 -0.30913466E-03
-0.36826017E+02  0.34668381E-05  0.34668381E-05 -0.30976203E-03 -0.30976203E-03
-0.36735312E+02  0.34818784E-05  0.34818784E-05 -0.31039212E-03 -0.31039212E-03
-0.36644608E+02  0.34970214E-05  0.34970214E-05 -0.31102495E-03 -0.31102495E-03
-0.36553904E+02  0.35122679E-05  0.35122679E-05 -0.31166053E-03 -0.31166053E-03
-0.36463200E+02  0.35276188E-05  0.35276188E-05 -0.31229888E-03 -0.31229888E-03
-0.36372496E+02  0.35430753E-05  0.35430753E-05 -0.31294003E-03 -0.31294003E-03
-0.36281792E+02  0.35586385E-05  0.35586385E-05 -0.31358399E-03 -0.31358399E-03
-0.36191087E+02  0.35743091E-05  0.35743091E-05 -0.31423078E-03 -0.31423078E-03
-0.36100383E+02  0.35900878E-05  0.35900878E-05 -0.31488040E-03 -0.31488040E-03
-0.36009679E+02  0.36059766E-05  0.36059766E-05 -0.31553291E-03 -0.31553291E-03
-0.35918975E+02  0.36219761E-05  0.36219761E-05 -0.31618831E-03 -0.31618831E-03
-0.35828271E+02  0.36380873E-05  0.36380873E-05 -0.31684662E-03 -0.31684662E-03
-0.35737567E+02  0.36543113E-05  0.36543113E-05 -0.31750787E-03 -0.31750787E-03
-0.35646862E+02  0.36706491E-05  0.36706491E-05 -0.31817206E-03 -0.31817206E-03
-0.35556158E+02  0.36871019E-05  0.36871019E-05 -0.31883923E-03 -0.31883923E-03
-0.35465454E+02  0.37036709E-05  0.37036709E-05 -0.31950939E-03 -0.31950939E-03
-0.35374750E+02  0.37203570E-05  0.37203570E-05 -0.32018257E-03 -0.32018257E-03
-0.35284046E+02  0.37371610E-05  0.37371610E-05 -0.32085875E-03 -0.32085875E-03
-0.35193342E+02  0.37540850E-05  0.37540850E-05 -0.32153802E-03 -0.32153802E-03
-0.35102638E+02  0.37711298E-05  0.37711298E-05 -0.32222037E-03 -0.32222037E-03
-0.35011933E+02  0.37882964E-05  0.37882964E-05 -0.32290581E-03 -0.32290581E-03
-0.34921229E+02  0.38055861E-05  0.38055861E-05 -0.32359438E-03 -0.32359438E-03
-0.34830525E+02  0.38229999E-05  0.38229999E-05 -0.32428610E-03 -0.32428610E-03
-0.34739821E+02  0.38405395E-05  0.38405395E-05 -0.32498098E-03 -0.32498098E-03
-0.34649117E+02  0.38582058E-05  0.38582058E-05 -0.32567906E-03 -0.32567906E-03
-0.34558413E+02  0.38759996E-05  0.38759996E-05 -0.32638032E-03 -0.32638032E-03
-0.34467708E+02  0.38939233E-05  0.38939233E-05 -0.32708485E-03 -0.32708485E-03
-0.34377004E+02  0.39119776E-05  0.39119776E-05 -0.32779264E-03 -0.32779264E-03
-0.34286300E+02  0.39301638E-05  0.39301638E-05 -0.32850371E-03 -0.32850371E-03
-0.34195596E+02  0.39484833E-05  0.39484833E-05 -0.32921809E-03 -0.32921809E-03
-0.34104892E+02  0.39669374E-05  0.39669374E-05 -0.32993580E-03 -0.32993580E-03
-0.34014187E+02  0.39855275E-05  0.39855275E-05 -0.33065687E-03 -0.33065687E-03
-0.33923483E+02  0.40042550E-05  0.40042550E-05 -0.33138133E-03 -0.33138133E-03
-0.33832779E+02  0.40231211E-05  0.40231211E-05 -0.33210919E-03 -0.33210919E-03
-0.33742075E+02  0.40421269E-05  0.40421269E-05 -0.33284046E-03 -0.33284046E-03
-0.33651371E+02  0.40612749E-05  0.40612749E-05 -0.33357521E-03 -0.33357521E-03
-0.33560667E+02  0.40805660E-05  0.40805660E-05 -0.33431344E-03 -0.33431344E-03
-0.33469962E+02  0.41000015E-05  0.41000015E-05 -0.33505519E-03 -0.33505519E-03
-0.33379258E+02  0.41195831E-05  0.41195831E-05 -0.33580047E-03 -0.33580047E-03
-0.33288554E+02  0.41393121E-05  0.41393121E-05 -0.33654931E-03 -0.33654931E-03
-0.33197850E+02  0.41591903E-05  0.41591903E-05 -0.33730175E-03 -0.33730175E-03
-0.33107146E+02  0.41792192E-05  0.41792192E-05 -0.33805780E-03 -0.33805780E-03
-0.33016442E+02  0.41994003E-05  0.41994003E-05 -0.33881749E-03 -0.33881749E-03
-0.32925737E+02  0.42197346E-05  0.42197346E-05 -0.33958083E-03 -0.33958083E-03
-0.32835033E+02  0.42402249E-05  0.42402249E-05 -0.34034790E-03 -0.34034790E-03
-0.32744329E+02  0.42608723E-05  0.42608723E-05 -0.34111870E-03 -0.34111870E-03
-0.32653625E+02  0.42816784E-05  0.42816784E-05 -0.34189325E-03 -0.34189325E-03
-0.32562921E+02  0.43026449E-05  0.43026449E-05 -0.34267159E-03 -0.34267159E-03
-0.32472217E+02  0.43237735E-05  0.43237735E-05 -0.34345374E-03 -0.34345374E-03
-0.32381512E+02  0.43450660E-05  0.43450660E-05 -0.34423974E-03 -0.34423974E-03
-0.32290808E+02  0.43665240E-05  0.43665240E-05 -0.34502961E-03 -0.34502961E-03
-0.32200104E+02  0.43881495E-05  0.43881495E-05 -0.34582339E-03 -0.34582339E-03
-0.32109400E+02  0.44099434E-05  0.44099434E-05 -0.34662107E-03 -0.34662107E-03
-0.32018696E+02  0.44319090E-05  0.44319090E-05 -0.34742275E-03 -0.34742275E-03
-0.31927992E+02  0.44540475E-05  0.44540475E-05 -0.34822843E-03 -0.34822843E-03
-0.31837287E+02  0.44763607E-05  0.44763607E-05 -0.34903813E-03 -0.34903813E-03
-0.31746583E+02  0.44988505E-05  0.44988505E-05 -0.34985189E-03 -0.34985189E-03
-0.31655879E+02  0.45215187E-05  0.45215187E-05 -0.35066974E-03 -0.35066974E-03
-0.31565175E+02  0.45443676E-05  0.45443676E-05 -0.35149172E-03 -0.35149172E-03
-0.31474471E+02  0.45673990E-05  0.45673990E-05 -0.35231786E-03 -0.35231786E-03
-0.31383767E+02  0.45906149E-05  0.45906149E-05 -0.35314819E-03 -0.35314819E-03
-0.31293062E+02  0.46140167E-05  0.46140167E-05 -0.35398272E-03 -0.35398272E-03
-0.31202358E+02  0.46376079E-05  0.46376079E-05 -0.35482153E-03 -0.35482153E-03
-0.31111654E+02  0.46613897E-05  0.46613897E-05 -0.35566464E-03 -0.35566464E-03
-0.31020950E+02  0.46853644E-05  0.46853644E-05 -0.35651207E-03 -0.35651207E-03
-0.30930246E+02  0.47095342E-05  0.47095342E-05 -0.35736387E-03 -0.35736387E-03
-0.30839542E+02  0.47339011E-05  0.47339011E-05 -0.35822006E-03 -0.35822006E-03
-0.30748837E+02  0.47584675E-05  0.47584675E-05 -0.35908069E-03 -0.35908069E-03
-0.30658133E+02  0.47832356E-05  0.47832356E-05 -0.35994579E-03 -0.35994579E-03
-0.30567429E+02  0.48082076E-05  0.48082076E-05 -0.36081540E-03 -0.36081540E-03
-0.30476725E+02  0.48333851E-05  0.48333851E-05 -0.36168952E-03 -0.36168952E-03
-0.30386021E+02  0.48587721E-05  0.48587721E-05 -0.36256825E-03 -0.36256825E-03
-0.30295317E+02  0.48843701E-05  0.48843701E-05 -0.36345161E-03 -0.36345161E-03
-0.30204612E+02  0.49101815E-05  0.49101815E-05 -0.36433962E-03 -0.36433962E-03
-0.30113908E+02  0.49362088E-05  0.49362088E-05 -0.36523233E-03 -0.36523233E-03
-0.30023204E+02  0.49624543E-05  0.49624543E-05 -0.36612977E-03 -0.36612977E-03
-0.29932500E+02  0.49889210E-05  0.49889210E-05 -0.36703199E-03 -0.36703199E-03
-0.29841796E+02  0.50156112E-05  0.50156112E-05 -0.36793903E-03 -0.36793903E-03
-0.29751092E+02  0.50425275E-05  0.50425275E-05 -0.36885093E-03 -0.36885093E-03
-0.29660387E+02  0.50696717E-05  0.50696717E-05 -0.36976770E-03 -0.36976770E-03
-0.29569683E+02  0.50970482E-05  0.50970482E-05 -0.37068943E-03 -0.37068943E-03
-0.29478979E+02  0.51246589E-05  0.51246589E-05 -0.37161615E-03 -0.37161615E-03
-0.29388275E+02  0.51525065E-05  0.51525065E-05 -0.37254790E-03 -0.37254790E-03
-0.29297571E+02  0.51805938E-05  0.51805938E-05 -0.37348471E-03 -0.37348471E-03
-0.29206867E+02  0.52089237E-05  0.52089237E-05 -0.37442663E-03 -0.37442663E-03
-0.29116162E+02  0.52374992E-05  0.52374992E-05 -0.37537371E-03 -0.37537371E-03
-0.29025458E+02  0.52663230E-05  0.52663230E-05 -0.37632599E-03 -0.37632599E-03
-0.28934754E+02  0.52953983E-05  0.52953983E-05 -0.37728352E-03 -0.37728352E-03
-0.28844050E+02  0.53247270E-05  0.53247270E-05 -0.37824631E-03 -0.37824631E-03
-0.28753346E+02  0.53543142E-05  0.53543142E-05 -0.37921446E-03 -0.37921446E-03
-0.28662642E+02  0.53841621E-05  0.53841621E-05 -0.38018801E-03 -0.38018801E-03
-0.28571937E+02  0.54142738E-05  0.54142738E-05 -0.38116698E-03 -0.38116698E-03
-0.28481233E+02  0.54446525E-05  0.54446525E-05 -0.38215144E-03 -0.38215144E-03
-0.28390529E+02  0.54753015E-05  0.54753015E-05 -0.38314142E-03 -0.38314142E-03
-0.28299825E+02  0.55062242E-05  0.55062242E-05 -0.38413699E-03 -0.38413699E-03
-0.28209121E+02  0.55374239E-05  0.55374239E-05 -0.38513818E-03 -0.38513818E-03
-0.28118417E+02  0.55689040E-05  0.55689040E-05 -0.38614505E-03 -0.38614505E-03
-0.28027712E+02  0.56006669E-05  0.56006669E-05 -0.38715761E-03 -0.38715761E-03
-0.27937008E+02  0.56327184E-05  0.56327184E-05 -0.38817600E-03 -0.38817600E-03
-0.27846304E+02  0.56650610E-05  0.56650610E-05 -0.38920021E-03 -0.38920021E-03
-0.27755600E+02  0.56976983E-05  0.56976983E-05 -0.39023032E-03 -0.39023032E-03
-0.27664896E+02  0.57306340E-05  0.57306340E-05 -0.39126636E-03 -0.39126636E-03
-0.27574192E+02  0.57638719E-05  0.57638719E-05 -0.39230840E-03 -0.39230840E-03
-0.27483487E+02  0.57974158E-05  0.57974158E-05 -0.39335649E-03 -0.39335649E-03
-0.27392783E+02  0.58312696E-05  0.58312696E-05 -0.39441069E-03 -0.39441069E-03
-0.27302079E+02  0.58654373E-05  0.58654373E-05 -0.39547105E-03 -0.39547105E-03
-0.27211375E+02  0.58999217E-05  0.58999217E-05 -0.39653759E-03 -0.39653759E-03
-0.27120671E+02  0.59347293E-05  0.59347293E-05 -0.39761045E-03 -0.39761045E-03
-0.27029967E+02  0.59698631E-05  0.59698631E-05 -0.39868964E-03 -0.39868964E-03
-0.26939262E+02  0.60053272E-05  0.60053272E-05 -0.39977523E-03 -0.39977523E-03
-0.26848558E+02  0.60411259E-05  0.60411259E-05 -0.40086727E-03 -0.40086727E-03
-0.26757854E+02  0.60772638E-05  0.60772638E-05 -0.40196583E-03 -0.40196583E-03
-0.26667150E+02  0.61137450E-05  0.61137450E-05 -0.40307097E-03 -0.40307097E-03
-0.26576446E+02  0.61505743E-05  0.61505743E-05 -0.40418275E-03 -0.40418275E-03
-0.26485742E+02  0.61877562E-05  0.61877562E-05 -0.40530123E-03 -0.40530123E-03
-0.26395037E+02  0.62252939E-05  0.62252939E-05 -0.40642645E-03 -0.40642645E-03
-0.26304333E+02  0.62631950E-05  0.62631950E-05 -0.40755853E-03 -0.40755853E-03
-0.26213629E+02  0.63014629E-05  0.63014629E-05 -0.40869752E-03 -0.40869752E-03
-0.26122925E+02  0.63401025E-05  0.63401025E-05 -0.40984348E-03 -0.40984348E-03
-0.26032221E+02  0.63791188E-05  0.63791188E-05 -0.41099646E-03 -0.41099646E-03
-0.25941517E+02  0.64185169E-05  0.64185169E-05 -0.41215655E-03 -0.41215655E-03
-0.25850812E+02  0.64583020E-05  0.64583020E-05 -0.41332382E-03 -0.41332382E-03
-0.25760108E+02  0.64984792E-05  0.64984792E-05 -0.41449833E-03 -0.41449833E-03
-0.25669404E+02  0.65390541E-05  0.65390541E-05 -0.41568015E-03 -0.41568015E-03
-0.25578700E+02  0.65800305E-05  0.65800305E-05 -0.41686931E-03 -0.41686931E-03
-0.25487996E+02  0.66214169E-05  0.66214169E-05 -0.41806598E-03 -0.41806598E-03
-0.25397292E+02  0.66632174E-05  0.66632174E-05 -0.41927019E-03 -0.41927019E-03
-0.25306587E+02  0.67054378E-05  0.67054378E-05 -0.42048200E-03 -0.42048200E-03
-0.25215883E+02  0.67480840E-05  0.67480840E-05 -0.42170150E-03 -0.42170150E-03
-0.25125179E+02  0.67911619E-05  0.67911619E-05 -0.42292877E-03 -0.42292877E-03
-0.25034475E+02  0.68346774E-05  0.68346774E-05 -0.42416387E-03 -0.42416387E-03
-0.24943771E+02  0.68786369E-05  0.68786369E-05 -0.42540690E-03 -0.42540690E-03
-0.24853067E+02  0.69230452E-05  0.69230452E-05 -0.42665790E-03 -0.42665790E-03
-0.24762362E+02  0.69679110E-05  0.69679110E-05 -0.42791702E-03 -0.42791702E-03
-0.24671658E+02  0.70132401E-05  0.70132401E-05 -0.42918431E-03 -0.42918431E-03
-0.24580954E+02  0.70590388E-05  0.70590388E-05 -0.43045985E-03 -0.43045985E-03
-0.24490250E+02  0.71053138E-05  0.71053138E-05 -0.43174373E-03 -0.43174373E-03
-0.24399546E+02  0.71520721E-05  0.71520721E-05 -0.43303604E-03 -0.43303604E-03
-0.24308842E+02  0.71993205E-05  0.71993205E-05 -0.43433686E-03 -0.43433686E-03
-0.24218137E+02  0.72470662E-05  0.72470662E-05 -0.43564628E-03 -0.43564628E-03
-0.24127433E+02  0.72953164E-05  0.72953164E-05 -0.43696440E-03 -0.43696440E-03
-0.24036729E+02  0.73440771E-05  0.73440771E-05 -0.43829126E-03 -0.43829126E-03
-0.23946025E+02  0.73933583E-05  0.73933583E-05 -0.43962704E-03 -0.43962704E-03
-0.23855321E+02  0.74431668E-05  0.74431668E-05 -0.44097180E-03 -0.44097180E-03
-0.23764617E+02  0.74935103E-05  0.74935103E-05 -0.44232562E-03 -0.44232562E-03
-0.23673912E+02  0.75443965E-05  0.75443965E-05 -0.44368861E-03 -0.44368861E-03
-0.23583208E+02  0.75958336E-05  0.75958336E-05 -0.44506087E-03 -0.44506087E-03
-0.23492504E+02  0.76478300E-05  0.76478300E-05 -0.44644250E-03 -0.44644250E-03
-0.23401800E+02  0.77003939E-05  0.77003939E-05 -0.44783359E-03 -0.44783359E-03
-0.23311096E+02  0.77535339E-05  0.77535339E-05 -0.44923426E-03 -0.44923426E-03
-0.23220392E+02  0.78072573E-05  0.78072573E-05 -0.45064455E-03 -0.45064455E-03
-0.23129687E+02  0.78615757E-05  0.78615757E-05 -0.45206467E-03 -0.45206467E-03
-0.23038983E+02  0.79164973E-05  0.79164973E-05 -0.45349469E-03 -0.45349469E-03
-0.22948279E+02  0.79720310E-05  0.79720310E-05 -0.45493471E-03 -0.45493471E-03
-0.22857575E+02  0.80281863E-05  0.80281863E-05 -0.45638484E-03 -0.45638484E-03
-0.22766871E+02  0.80849728E-05  0.80849728E-05 -0.45784520E-03 -0.45784520E-03
-0.22676167E+02  0.81424003E-05  0.81424003E-05 -0.45931590E-03 -0.45931590E-03
-0.22585462E+02  0.82004789E-05  0.82004789E-05 -0.46079705E-03 -0.46079705E-03
-0.22494758E+02  0.82592187E-05  0.82592187E-05 -0.46228879E-03 -0.46228879E-03
-0.22404054E+02  0.83186285E-05  0.83186285E-05 -0.46379117E-03 -0.46379117E-03
-0.22313350E+02  0.83787218E-05  0.83787218E-05 -0.46530441E-03 -0.46530441E-03
-0.22222646E+02  0.84395087E-05  0.84395087E-05 -0.46682861E-03 -0.46682861E-03
-0.22131942E+02  0.85009999E-05  0.85009999E-05 -0.46836387E-03 -0.46836387E-03
-0.22041237E+02  0.85632065E-05  0.85632065E-05 -0.46991034E-03 -0.46991034E-03
-0.21950533E+02  0.86261401E-05  0.86261401E-05 -0.47146813E-03 -0.47146813E-03
-0.21859829E+02  0.86898126E-05  0.86898126E-05 -0.47303739E-03 -0.47303739E-03
-0.21769125E+02  0.87542358E-05  0.87542358E-05 -0.47461824E-03 -0.47461824E-03
-0.21678421E+02  0.88194220E-05  0.88194220E-05 -0.47621082E-03 -0.47621082E-03
-0.21587717E+02  0.88853820E-05  0.88853820E-05 -0.47781523E-03 -0.47781523E-03
-0.21497012E+02  0.89521317E-05  0.89521317E-05 -0.47943169E-03 -0.47943169E-03
-0.21406308E+02  0.90196832E-05  0.90196832E-05 -0.48106032E-03 -0.48106032E-03
-0.21315604E+02  0.90880494E-05  0.90880494E-05 -0.48270125E-03 -0.48270125E-03
-0.21224900E+02  0.91572439E-05  0.91572439E-05 -0.48435463E-03 -0.48435463E-03
-0.21134196E+02  0.92272805E-05  0.92272805E-05 -0.48602062E-03 -0.48602062E-03
-0.21043492E+02  0.92981735E-05  0.92981735E-05 -0.48769936E-03 -0.48769936E-03
-0.20952787E+02  0.93699374E-05  0.93699374E-05 -0.48939101E-03 -0.48939101E-03
-0.20862083E+02  0.94425870E-05  0.94425870E-05 -0.49109574E-03 -0.49109574E-03
-0.20771379E+02  0.95161353E-05  0.95161353E-05 -0.49281364E-03 -0.49281364E-03
-0.20680675E+02  0.95906014E-05  0.95906014E-05 -0.49454499E-03 -0.49454499E-03
-0.20589971E+02  0.96660001E-05  0.96660001E-05 -0.49628991E-03 -0.49628991E-03
-0.20499267E+02  0.97423471E-05  0.97423471E-05 -0.49804856E-03 -0.49804856E-03
-0.20408562E+02  0.98196587E-05  0.98196587E-05 -0.49982112E-03 -0.49982112E-03
-0.20317858E+02  0.98979520E-05  0.98979520E-05 -0.50160776E-03 -0.50160776E-03
-0.20227154E+02  0.99772442E-05  0.99772442E-05 -0.50340866E-03 -0.50340866E-03
-0.20136450E+02  0.10057553E-04  0.10057553E-04 -0.50522401E-03 -0.50522401E-03
-0.20045746E+02  0.10138896E-04  0.10138896E-04 -0.50705398E-03 -0.50705398E-03
-0.19955042E+02  0.10221290E-04  0.10221290E-04 -0.50889871E-03 -0.50889871E-03
-0.19864337E+02  0.10304758E-04  0.10304758E-04 -0.51075851E-03 -0.51075851E-03
-0.19773633E+02  0.10389317E-04  0.10389317E-04 -0.51263351E-03 -0.51263351E-03
-0.19682929E+02  0.10474987E-04  0.10474987E-04 -0.51452392E-03 -0.51452392E-03
-0.19592225E+02  0.10561789E-04  0.10561789E-04 -0.51642993E-03 -0.51642993E-03
-0.19501521E+02  0.10649742E-04  0.10649742E-04 -0.51835176E-03 -0.51835176E-03
-0.19410817E+02  0.10738868E-04  0.10738868E-04 -0.52028961E-03 -0.52028961E-03
-0.19320112E+02  0.10829189E-04  0.10829189E-04 -0.52224369E-03 -0.52224369E-03
-0.19229408E+02  0.10920727E-04  0.10920727E-04 -0.52421423E-03 -0.52421423E-03
-0.19138704E+02  0.11013501E-04  0.11013501E-04 -0.52620138E-03 -0.52620138E-03
-0.19048000E+02  0.11107541E-04  0.11107541E-04 -0.52820549E-03 -0.52820549E-03
-0.18957296E+02  0.11202868E-04  0.11202868E-04 -0.53022674E-03 -0.53022674E-03
-0.18866592E+02  0.11299506E-04  0.11299506E-04 -0.53226535E-03 -0.53226535E-03
-0.18775887E+02  0.11397479E-04  0.11397479E-04 -0.53432157E-03 -0.53432157E-03
-0.18685183E+02  0.11496815E-04  0.11496815E-04 -0.53639564E-03 -0.53639564E-03
-0.18594479E+02  0.11597538E-04  0.11597538E-04 -0.53848780E-03 -0.53848780E-03
-0.18503775E+02  0.11699675E-04  0.11699675E-04 -0.54059832E-03 -0.54059832E-03
-0.18413071E+02  0.11803255E-04  0.11803255E-04 -0.54272744E-03 -0.54272744E-03
-0.18322367E+02  0.11908301E-04  0.11908301E-04 -0.54487536E-03 -0.54487536E-03
-0.18231662E+02  0.12014850E-04  0.12014850E-04 -0.54704249E-03 -0.54704249E-03
-0.18140958E+02  0.12122928E-04  0.12122928E-04 -0.54922903E-03 -0.54922903E-03
-0.18050254E+02  0.12232565E-04  0.12232565E-04 -0.55143526E-03 -0.55143526E-03
-0.17959550E+02  0.12343792E-04  0.12343792E-04 -0.55366147E-03 -0.55366147E-03
-0.17868846E+02  0.12456642E-04  0.12456642E-04 -0.55590794E-03 -0.55590794E-03
-0.17778142E+02  0.12571147E-04  0.12571147E-04 -0.55817498E-03 -0.55817498E-03
-0.17687437E+02  0.12687341E-04  0.12687341E-04 -0.56046287E-03 -0.56046287E-03
-0.17596733E+02  0.12805258E-04  0.12805258E-04 -0.56277194E-03 -0.56277194E-03
-0.17506029E+02  0.12924929E-04  0.12924929E-04 -0.56510241E-03 -0.56510241E-03
-0.17415325E+02  0.13046400E-04  0.13046400E-04 -0.56745476E-03 -0.56745476E-03
-0.17324621E+02  0.13169702E-04  0.13169702E-04 -0.56982925E-03 -0.56982925E-03
-0.17233917E+02  0.13294876E-04  0.13294876E-04 -0.57222620E-03 -0.57222620E-03
-0.17143212E+02  0.13421959E-04  0.13421959E-04 -0.57464596E-03 -0.57464596E-03
-0.17052508E+02  0.13550992E-04  0.13550992E-04 -0.57708887E-03 -0.57708887E-03
-0.16961804E+02  0.13682017E-04  0.13682017E-04 -0.57955529E-03 -0.57955529E-03
-0.16871100E+02  0.13815076E-04  0.13815076E-04 -0.58204559E-03 -0.58204559E-03
-0.16780396E+02  0.13950214E-04  0.13950214E-04 -0.58456013E-03 -0.58456013E-03
-0.16689692E+02  0.14087469E-04  0.14087469E-04 -0.58709921E-03 -0.58709921E-03
-0.16598987E+02  0.14226899E-04  0.14226899E-04 -0.58966338E-03 -0.58966338E-03
-0.16508283E+02  0.14368545E-04  0.14368545E-04 -0.59225296E-03 -0.59225296E-03
-0.16417579E+02  0.14512456E-04  0.14512456E-04 -0.59486835E-03 -0.59486835E-03
-0.16326875E+02  0.14658684E-04  0.14658684E-04 -0.59750996E-03 -0.59750996E-03
-0.16236171E+02  0.14807279E-04  0.14807279E-04 -0.60017822E-03 -0.60017822E-03
-0.16145467E+02  0.14958294E-04  0.14958294E-04 -0.60287355E-03 -0.60287355E-03
-0.16054762E+02  0.15111784E-04  0.15111784E-04 -0.60559640E-03 -0.60559640E-03
-0.15964058E+02  0.15267806E-04  0.15267806E-04 -0.60834722E-03 -0.60834722E-03
-0.15873354E+02  0.15426411E-04  0.15426411E-04 -0.61112637E-03 -0.61112637E-03
-0.15782650E+02  0.15587670E-04  0.15587670E-04 -0.61393452E-03 -0.61393452E-03
-0.15691946E+02  0.15751640E-04  0.15751640E-04 -0.61677205E-03 -0.61677205E-03
-0.15601242E+02  0.15918382E-04  0.15918382E-04 -0.61963946E-03 -0.61963946E-03
-0.15510537E+02  0.16087962E-04  0.16087962E-04 -0.62253725E-03 -0.62253725E-03
-0.15419833E+02  0.16260448E-04  0.16260448E-04 -0.62546595E-03 -0.62546595E-03
-0.15329129E+02  0.16435907E-04  0.16435907E-04 -0.62842607E-03 -0.62842607E-03
-0.15238425E+02  0.16614412E-04  0.16614412E-04 -0.63141817E-03 -0.63141817E-03
-0.15147721E+02  0.16796034E-04  0.16796034E-04 -0.63444279E-03 -0.63444279E-03
-0.15057017E+02  0.16980844E-04  0.16980844E-04 -0.63750040E-03 -0.63750040E-03
-0.14966312E+02  0.17168932E-04  0.17168932E-04 -0.64059180E-03 -0.64059180E-03
-0.14875608E+02  0.17360372E-04  0.17360372E-04 -0.64371747E-03 -0.64371747E-03
-0.14784904E+02  0.17555247E-04  0.17555247E-04 -0.64687802E-03 -0.64687802E-03
-0.14694200E+02  0.17753641E-04  0.17753641E-04 -0.65007409E-03 -0.65007409E-03
-0.14603496E+02  0.17955644E-04  0.17955644E-04 -0.65330630E-03 -0.65330630E-03
-0.14512792E+02  0.18161346E-04  0.18161346E-04 -0.65657533E-03 -0.65657533E-03
-0.14422087E+02  0.18370841E-04  0.18370841E-04 -0.65988183E-03 -0.65988183E-03
-0.14331383E+02  0.18584220E-04  0.18584220E-04 -0.66322642E-03 -0.66322642E-03
-0.14240679E+02  0.18801593E-04  0.18801593E-04 -0.66660996E-03 -0.66660996E-03
-0.14149975E+02  0.19023062E-04  0.19023062E-04 -0.67003313E-03 -0.67003313E-03
-0.14059271E+02  0.19248731E-04  0.19248731E-04 -0.67349666E-03 -0.67349666E-03
-0.13968567E+02  0.19478710E-04  0.19478710E-04 -0.67700131E-03 -0.67700131E-03
-0.13877862E+02  0.19713115E-04  0.19713115E-04 -0.68054787E-03 -0.68054787E-03
-0.13787158E+02  0.19952063E-04  0.19952063E-04 -0.68413713E-03 -0.68413713E-03
-0.13696454E+02  0.20195676E-04  0.20195676E-04 -0.68776994E-03 -0.68776994E-03
-0.13605750E+02  0.20444081E-04  0.20444081E-04 -0.69144714E-03 -0.69144714E-03
-0.13515046E+02  0.20697401E-04  0.20697401E-04 -0.69516949E-03 -0.69516949E-03
-0.13424342E+02  0.20955782E-04  0.20955782E-04 -0.69893808E-03 -0.69893808E-03
-0.13333637E+02  0.21219363E-04  0.21219363E-04 -0.70275378E-03 -0.70275378E-03
-0.13242933E+02  0.21488287E-04  0.21488287E-04 -0.70661750E-03 -0.70661750E-03
-0.13152229E+02  0.21762703E-04  0.21762703E-04 -0.71053022E-03 -0.71053022E-03
-0.13061525E+02  0.22042767E-04  0.22042767E-04 -0.71449294E-03 -0.71449294E-03
-0.12970821E+02  0.22328640E-04  0.22328640E-04 -0.71850669E-03 -0.71850669E-03
-0.12880117E+02  0.22620489E-04  0.22620489E-04 -0.72257253E-03 -0.72257253E-03
-0.12789412E+02  0.22918489E-04  0.22918489E-04 -0.72669154E-03 -0.72669154E-03
-0.12698708E+02  0.23222810E-04  0.23222810E-04 -0.73086472E-03 -0.73086472E-03
-0.12608004E+02  0.23533651E-04  0.23533651E-04 -0.73509344E-03 -0.73509344E-03
-0.12517300E+02  0.23851205E-04  0.23851205E-04 -0.73937882E-03 -0.73937882E-03
-0.12426596E+02  0.24175669E-04  0.24175669E-04 -0.74372205E-03 -0.74372205E-03
-0.12335892E+02  0.24507252E-04  0.24507252E-04 -0.74812440E-03 -0.74812440E-03
-0.12245187E+02  0.24846171E-04  0.24846171E-04 -0.75258715E-03 -0.75258715E-03
-0.12154483E+02  0.25192650E-04  0.25192650E-04 -0.75711164E-03 -0.75711164E-03
-0.12063779E+02  0.25546925E-04  0.25546925E-04 -0.76169925E-03 -0.76169925E-03
-0.11973075E+02  0.25909236E-04  0.25909236E-04 -0.76635139E-03 -0.76635139E-03
-0.11882371E+02  0.26279831E-04  0.26279831E-04 -0.77106941E-03 -0.77106941E-03
-0.11791667E+02  0.26658985E-04  0.26658985E-04 -0.77585503E-03 -0.77585503E-03
-0.11700962E+02  0.27046972E-04  0.27046972E-04 -0.78070974E-03 -0.78070974E-03
-0.11610258E+02  0.27444072E-04  0.27444072E-04 -0.78563513E-03 -0.78563513E-03
-0.11519554E+02  0.27850583E-04  0.27850583E-04 -0.79063284E-03 -0.79063284E-03
-0.11428850E+02  0.28266815E-04  0.28266815E-04 -0.79570458E-03 -0.79570458E-03
-0.11338146E+02  0.28693090E-04  0.28693090E-04 -0.80085214E-03 -0.80085214E-03
-0.11247442E+02  0.29129745E-04  0.29129745E-04 -0.80607733E-03 -0.80607733E-03
-0.11156737E+02  0.29577130E-04  0.29577130E-04 -0.81138203E-03 -0.81138203E-03
-0.11066033E+02  0.30035601E-04  0.30035601E-04 -0.81676806E-03 -0.81676806E-03
-0.10975329E+02  0.30505557E-04  0.30505557E-04 -0.82223768E-03 -0.82223768E-03
-0.10884625E+02  0.30987396E-04  0.30987396E-04 -0.82779292E-03 -0.82779292E-03
-0.10793921E+02  0.31481529E-04  0.31481529E-04 -0.83343588E-03 -0.83343588E-03
-0.10703217E+02  0.31988394E-04  0.31988394E-04 -0.83916882E-03 -0.83916882E-03
-0.10612512E+02  0.32508444E-04  0.32508444E-04 -0.84499403E-03 -0.84499403E-03
-0.10521808E+02  0.33042157E-04  0.33042157E-04 -0.85091391E-03 -0.85091391E-03
-0.10431104E+02  0.33590025E-04  0.33590025E-04 -0.85693087E-03 -0.85693087E-03
-0.10340400E+02  0.34152582E-04  0.34152582E-04 -0.86304763E-03 -0.86304763E-03
-0.10249696E+02  0.34730370E-04  0.34730370E-04 -0.86926679E-03 -0.86926679E-03
-0.10158992E+02  0.35323955E-04  0.35323955E-04 -0.87559105E-03 -0.87559105E-03
-0.10068287E+02  0.35933943E-04  0.35933943E-04 -0.88202330E-03 -0.88202330E-03
-0.99775833E+01  0.36560972E-04  0.36560972E-04 -0.88856664E-03 -0.88856664E-03
-0.98868792E+01  0.37205696E-04  0.37205696E-04 -0.89522407E-03 -0.89522407E-03
-0.97961750E+01  0.37868809E-04  0.37868809E-04 -0.90199880E-03 -0.90199880E-03
-0.97054708E+01  0.38551041E-04  0.38551041E-04 -0.90889416E-03 -0.90889416E-03
-0.96147667E+01  0.39253151E-04  0.39253151E-04 -0.91591354E-03 -0.91591354E-03
-0.95240625E+01  0.39975958E-04  0.39975958E-04 -0.92306070E-03 -0.92306070E-03
-0.94333583E+01  0.40720297E-04  0.40720297E-04 -0.93033926E-03 -0.93033926E-03
-0.93426542E+01  0.41487077E-04  0.41487077E-04 -0.93775324E-03 -0.93775324E-03
-0.92519500E+01  0.42277220E-04  0.42277220E-04 -0.94530655E-03 -0.94530655E-03
-0.91612458E+01  0.43091736E-04  0.43091736E-04 -0.95300360E-03 -0.95300360E-03
-0.90705417E+01  0.43931661E-04  0.43931661E-04 -0.96084872E-03 -0.96084872E-03
-0.89798375E+01  0.44798098E-04  0.44798098E-04 -0.96884649E-03 -0.96884649E-03
-0.88891333E+01  0.45692212E-04  0.45692212E-04 -0.97700172E-03 -0.97700172E-03
-0.87984292E+01  0.46615225E-04  0.46615225E-04 -0.98531931E-03 -0.98531931E-03
-0.87077250E+01  0.47568454E-04  0.47568454E-04 -0.99380467E-03 -0.99380467E-03
-0.86170208E+01  0.48553262E-04  0.48553262E-04 -0.10024631E-02 -0.10024631E-02
-0.85263167E+01  0.49571123E-04  0.49571123E-04 -0.10113005E-02 -0.10113005E-02
-0.84356125E+01  0.50623563E-04  0.50623563E-04 -0.10203225E-02 -0.10203225E-02
-0.83449083E+01  0.51712239E-04  0.51712239E-04 -0.10295358E-02 -0.10295358E-02
-0.82542042E+01  0.52838879E-04  0.52838879E-04 -0.10389466E-02 -0.10389466E-02
-0.81635000E+01  0.54005327E-04  0.54005327E-04 -0.10485619E-02 -0.10485619E-02
-0.80727958E+01  0.55213545E-04  0.55213545E-04 -0.10583888E-02 -0.10583888E-02
-0.79820917E+01  0.56465606E-04  0.56465606E-04 -0.10684347E-02 -0.10684347E-02
-0.78913875E+01  0.57763751E-04  0.57763751E-04 -0.10787077E-02 -0.10787077E-02
-0.78006833E+01  0.59110324E-04  0.59110324E-04 -0.10892160E-02 -0.10892160E-02
-0.77099792E+01  0.60507874E-04  0.60507874E-04 -0.10999683E-02 -0.10999683E-02
-0.76192750E+01  0.61959061E-04  0.61959061E-04 -0.11109738E-02 -0.11109738E-02
-0.75285708E+01  0.63466791E-04  0.63466791E-04 -0.11222422E-02 -0.11222422E-02
-0.74378667E+01  0.65034122E-04  0.65034122E-04 -0.11337836E-02 -0.11337836E-02
-0.73471625E+01  0.66664343E-04  0.66664343E-04 -0.11456086E-02 -0.11456086E-02
-0.72564583E+01  0.68360964E-04  0.68360964E-04 -0.11577283E-02 -0.11577283E-02
-0.71657542E+01  0.70127798E-04  0.70127798E-04 -0.11701551E-02 -0.11701551E-02
-0.70750500E+01  0.71968881E-04  0.71968881E-04 -0.11829012E-02 -0.11829012E-02
-0.69843458E+01  0.73888563E-04  0.73888563E-04 -0.11959798E-02 -0.11959798E-02
-0.68936417E+01  0.75891576E-04  0.75891576E-04 -0.12094051E-02 -0.12094051E-02
-0.68029375E+01  0.77982932E-04  0.77982932E-04 -0.12231919E-02 -0.12231919E-02
-0.67122333E+01  0.80168127E-04  0.80168127E-04 -0.12373560E-02 -0.12373560E-02
-0.66215292E+01  0.82453028E-04  0.82453028E-04 -0.12519141E-02 -0.12519141E-02
-0.65308250E+01  0.84843999E-04  0.84843999E-04 -0.12668838E-02 -0.12668838E-02
-0.64401208E+01  0.87347917E-04  0.87347917E-04 -0.12822839E-02 -0.12822839E-02
-0.63494167E+01  0.89972302E-04  0.89972302E-04 -0.12981346E-02 -0.12981346E-02
-0.62587125E+01  0.92725237E-04  0.92725237E-04 -0.13144571E-02 -0.13144571E-02
-0.61680083E+01  0.95615528E-04  0.95615528E-04 -0.13312739E-02 -0.13312739E-02
-0.60773042E+01  0.98652846E-04  0.98652846E-04 -0.13486096E-02 -0.13486096E-02
-0.59866000E+01  0.10184761E-03  0.10184761E-03 -0.13664897E-02 -0.13664897E-02
-0.58958958E+01  0.10521133E-03  0.10521133E-03 -0.13849423E-02 -0.13849423E-02
-0.58051917E+01  0.10875651E-03  0.10875651E-03 -0.14039966E-02 -0.14039966E-02
-0.57144875E+01  0.11249689E-03  0.11249689E-03 -0.14236846E-02 -0.14236846E-02
-0.56237833E+01  0.11644753E-03  0.11644753E-03 -0.14440399E-02 -0.14440399E-02
-0.55330792E+01  0.12062511E-03  0.12062511E-03 -0.14650996E-02 -0.14650996E-02
-0.54423750E+01  0.12504788E-03  0.12504788E-03 -0.14869028E-02 -0.14869028E-02
-0.53516708E+01  0.12973605E-03  0.12973605E-03 -0.15094918E-02 -0.15094918E-02
-0.52609667E+01  0.13471213E-03  0.13471213E-03 -0.15329126E-02 -0.15329126E-02
-0.51702625E+01  0.14000086E-03  0.14000086E-03 -0.15572143E-02 -0.15572143E-02
-0.50795583E+01  0.14563000E-03  0.14563000E-03 -0.15824508E-02 -0.15824508E-02
-0.49888542E+01  0.15163032E-03  0.15163032E-03 -0.16086797E-02 -0.16086797E-02
-0.48981500E+01  0.15803632E-03  0.15803632E-03 -0.16359641E-02 -0.16359641E-02
-0.48074458E+01  0.16488657E-03  0.16488657E-03 -0.16643720E-02 -0.16643720E-02
-0.47167417E+01  0.17222461E-03  0.17222461E-03 -0.16939785E-02 -0.16939785E-02
-0.46260375E+01  0.18009932E-03  0.18009932E-03 -0.17248644E-02 -0.17248644E-02
-0.45353333E+01  0.18856601E-03  0.18856601E-03 -0.17571185E-02 -0.17571185E-02
-0.44446292E+01  0.19768766E-03  0.19768766E-03 -0.17908386E-02 -0.17908386E-02
-0.43539250E+01  0.20753558E-03  0.20753558E-03 -0.18261307E-02 -0.18261307E-02
-0.42632208E+01  0.21819157E-03  0.21819157E-03 -0.18631128E-02 -0.18631128E-02
-0.41725167E+01  0.22974916E-03  0.22974916E-03 -0.19019135E-02 -0.19019135E-02
-0.40818125E+01  0.24231611E-03  0.24231611E-03 -0.19426753E-02 -0.19426753E-02
-0.39911083E+01  0.25601689E-03  0.25601689E-03 -0.19855554E-02 -0.19855554E-02
-0.39004042E+01  0.27099624E-03  0.27099624E-03 -0.20307287E-02 -0.20307287E-02
-0.38097000E+01  0.28742259E-03  0.28742259E-03 -0.20783881E-02 -0.20783881E-02
-0.37189958E+01  0.30549339E-03  0.30549339E-03 -0.21287480E-02 -0.21287480E-02
-0.36282917E+01  0.32544164E-03  0.32544164E-03 -0.21820482E-02 -0.21820482E-02
-0.35375875E+01  0.34754247E-03  0.34754247E-03 -0.22385537E-02 -0.22385537E-02
-0.34468833E+01  0.37212422E-03  0.37212422E-03 -0.22985619E-02 -0.22985619E-02
-0.33561792E+01  0.39957968E-03  0.39957968E-03 -0.23624024E-02 -0.23624024E-02
-0.32654750E+01  0.43038263E-03  0.43038263E-03 -0.24304425E-02 -0.24304425E-02
-0.31747708E+01  0.46510772E-03  0.46510772E-03 -0.25030896E-02 -0.25030896E-02
-0.30840667E+01  0.50445777E-03  0.50445777E-03 -0.25807954E-02 -0.25807954E-02
-0.29933625E+01  0.54929671E-03  0.54929671E-03 -0.26640530E-02 -0.26640530E-02
-0.29026583E+01  0.60069596E-03  0.60069596E-03 -0.27533966E-02 -0.27533966E-02
-0.28119542E+01  0.65999519E-03  0.65999519E-03 -0.28493941E-02 -0.28493941E-02
-0.27212500E+01  0.72887837E-03  0.72887837E-03 -0.29526222E-02 -0.29526222E-02
-0.26305458E+01  0.80948269E-03  0.80948269E-03 -0.30636342E-02 -0.30636342E-02
-0.25398417E+01  0.90453429E-03  0.90453429E-03 -0.31828843E-02 -0.31828843E-02
-0.24491375E+01  0.10175324E-02  0.10175324E-02 -0.33106050E-02 -0.33106050E-02
-0.23584333E+01  0.11529807E-02  0.11529807E-02 -0.34465866E-02 -0.34465866E-02
-0.22677292E+01  0.13166723E-02  0.13166723E-02 -0.35898042E-02 -0.35898042E-02
-0.21770250E+01  0.15159908E-02  0.15159908E-02 -0.37377706E-02 -0.37377706E-02
-0.20863208E+01  0.17601498E-02  0.17601498E-02 -0.38854722E-02 -0.38854722E-02
-0.19956167E+01  0.20601112E-02  0.20601112E-02 -0.40236451E-02 -0.40236451E-02
-0.19049125E+01  0.24275962E-02  0.24275962E-02 -0.41361615E-02 -0.41361615E-02
-0.18142083E+01  0.28720179E-02  0.28720179E-02 -0.41965980E-02 -0.41965980E-02
-0.17235042E+01  0.33934046E-02  0.33934046E-02 -0.41652137E-02 -0.41652137E-02
-0.16328000E+01  0.39695430E-02  0.39695430E-02 -0.39904560E-02 -0.39904560E-02
-0.15420958E+01  0.45399978E-02  0.45399978E-02 -0.36233320E-02 -0.36233320E-02
-0.14513917E+01  0.50021131E-02  0.50021131E-02 -0.30514964E-02 -0.30514964E-02
-0.13606875E+01  0.52441460E-02  0.52441460E-02 -0.23381133E-02 -0.23381133E-02
-0.12699833E+01  0.52137565E-02  0.52137565E-02 -0.16185826E-02 -0.16185826E-02
-0.11792792E+01  0.49601799E-02  0.49601799E-02 -0.10318539E-02 -0.10318539E-02
-0.10885750E+01  0.45993456E-02  0.45993456E-02 -0.64658594E-03 -0.64658594E-03
-0.99787083E+00  0.42436115E-02  0.42436115E-02 -0.44963973E-03 -0.44963973E-03
-0.90716667E+00  0.39615562E-02  0.39615562E-02 -0.38227914E-03 -0.38227914E-03
-0.81646250E+00  0.37756351E-02  0.37756351E-02 -0.37689200E-03 -0.37689200E-03
-0.72575833E+00  0.36740549E-02  0.36740549E-02 -0.37770545E-03 -0.37770545E-03
-0.63505417E+00  0.36245445E-02  0.36245445E-02 -0.35202888E-03 -0.35202888E-03
-0.54435000E+00  0.35918345E-02  0.35918345E-02 -0.29515535E-03 -0.29515535E-03
-0.45364583E+00  0.35561885E-02  0.35561885E-02 -0.22207984E-03 -0.22207984E-03
-0.36294167E+00  0.35184986E-02  0.35184986E-02 -0.14737570E-03 -0.14737570E-03
-0.27223750E+00  0.34870676E-02  0.34870676E-02 -0.71673580E-04 -0.71673580E-04
-0.18153333E+00  0.34624833E-02  0.34624833E-02  0.13823468E-04  0.13823468E-04
-0.90829167E-01  0.34355804E-02  0.34355804E-02  0.11482739E-03  0.11482739E-03
-0.12500000E-03  0.33956981E-02  0.33956981E-02  0.22827234E-03  0.22827234E-03
 0.90579167E-01  0.33374514E-02  0.33374514E-02  0.34615739E-03  0.34615739E-03
 0.18128333E+00  0.32603180E-02  0.32603180E-02  0.46129292E-03  0.46129292E-03
 0.27198750E+00  0.31646873E-02  0.31646873E-02  0.56839270E-03  0.56839270E-03
 0.36269167E+00  0.30508561E-02  0.30508561E-02  0.66096041E-03  0.66096041E-03
 0.45339583E+00  0.29228315E-02  0.29228315E-02  0.73022555E-03  0.73022555E-03
 0.54410000E+00  0.27909774E-02  0.27909774E-02  0.76969491E-03  0.76969491E-03
 0.63480417E+00  0.26687426E-02  0.26687426E-02  0.78019585E-03  0.78019585E-03
 0.72550833E+00  0.25667469E-02  0.25667469E-02  0.77013937E-03  0.77013937E-03
 0.81621250E+00  0.24889319E-02  0.24889319E-02  0.75186493E-03  0.75186493E-03
 0.90691667E+00  0.24318921E-02  0.24318921E-02  0.73691065E-03  0.73691065E-03
 0.99762083E+00  0.23870400E-02  0.23870400E-02  0.73186900E-03  0.73186900E-03
 0.10883250E+01  0.23450844E-02  0.23450844E-02  0.73646263E-03  0.73646263E-03
 0.11790292E+01  0.23007453E-02  0.23007453E-02  0.74535409E-03  0.74535409E-03
 0.12697333E+01  0.22545146E-02  0.22545146E-02  0.75286470E-03  0.75286470E-03
 0.13604375E+01  0.22101607E-02  0.22101607E-02  0.75704744E-03  0.75704744E-03
 0.14511417E+01  0.21704027E-02  0.21704027E-02  0.76001764E-03  0.76001764E-03
 0.15418458E+01  0.21344768E-02  0.21344768E-02  0.76493495E-03  0.76493495E-03
 0.16325500E+01  0.20992062E-02  0.20992062E-02  0.77265810E-03  0.77265810E-03
 0.17232542E+01  0.20621196E-02  0.20621196E-02  0.78091480E-03  0.78091480E-03
 0.18139583E+01  0.20237020E-02  0.20237020E-02  0.78628011E-03  0.78628011E-03
 0.19046625E+01  0.19871524E-02  0.19871524E-02  0.78694767E-03  0.78694767E-03
 0.19953667E+01  0.19563025E-02  0.19563025E-02  0.78422152E-03  0.78422152E-03
 0.20860708E+01  0.19332361E-02  0.19332361E-02  0.78219738E-03  0.78219738E-03
 0.21767750E+01  0.19165785E-02  0.19165785E-02  0.78602464E-03  0.78602464E-03
 0.22674792E+01  0.19011547E-02  0.19011547E-02  0.79914408E-03  0.79914408E-03
 0.23581833E+01  0.18798749E-02  0.18798749E-02  0.82049406E-03  0.82049406E-03
 0.24488875E+01  0.18477401E-02  0.18477401E-02  0.84377265E-03  0.84377265E-03
 0.25395917E+01  0.18054917E-02  0.18054917E-02  0.86033243E-03  0.86033243E-03
 0.26302958E+01  0.17597325E-02  0.17597325E-02  0.86409668E-03  0.86409668E-03
 0.27210000E+01  0.17193869E-02  0.17193869E-02  0.85473089E-03  0.85473089E-03
 0.28117042E+01  0.16915009E-02  0.16915009E-02  0.83725577E-03  0.83725577E-03
 0.29024083E+01  0.16789102E-02  0.16789102E-02  0.81946762E-03  0.81946762E-03
 0.29931125E+01  0.16799405E-02  0.16799405E-02  0.80917793E-03  0.80917793E-03
 0.30838167E+01  0.16893061E-02  0.16893061E-02  0.81208235E-03  0.81208235E-03
 0.31745208E+01  0.16997288E-02  0.16997288E-02  0.83030406E-03  0.83030406E-03
 0.32652250E+01  0.17042085E-02  0.17042085E-02  0.86185635E-03  0.86185635E-03
 0.33559292E+01  0.16984270E-02  0.16984270E-02  0.90161845E-03  0.90161845E-03
 0.34466333E+01  0.16820177E-02  0.16820177E-02  0.94385183E-03  0.94385183E-03
 0.35373375E+01  0.16576386E-02  0.16576386E-02  0.98495772E-03  0.98495772E-03
 0.36280417E+01  0.16283695E-02  0.16283695E-02  0.10246292E-02  0.10246292E-02
 0.37187458E+01  0.15952629E-02  0.15952629E-02  0.10647307E-02  0.10647307E-02
 0.38094500E+01  0.15566142E-02  0.15566142E-02  0.11068879E-02  0.11068879E-02
 0.39001542E+01  0.15091945E-02  0.15091945E-02  0.11504797E-02  0.11504797E-02
 0.39908583E+01  0.14504233E-02  0.14504233E-02  0.11922398E-02  0.11922398E-02
 0.40815625E+01  0.13799779E-02  0.13799779E-02  0.12274810E-02  0.12274810E-02
 0.41722667E+01  0.12999948E-02  0.12999948E-02  0.12518465E-02  0.12518465E-02
 0.42629708E+01  0.12142101E-02  0.12142101E-02  0.12624486E-02  0.12624486E-02
 0.43536750E+01  0.11269329E-02  0.11269329E-02  0.12581369E-02  0.12581369E-02
 0.44443792E+01  0.10423336E-02  0.10423336E-02  0.12392954E-02  0.12392954E-02
 0.45350833E+01  0.96400675E-03  0.96400675E-03  0.12075398E-02  0.12075398E-02
 0.46257875E+01  0.89467179E-03  0.89467179E-03  0.11653726E-02  0.11653726E-02
 0.47164917E+01  0.83601308E-03  0.83601308E-03  0.11157815E-02  0.11157815E-02
 0.48071958E+01  0.78869625E-03  0.78869625E-03  0.10618481E-02  0.10618481E-02
 0.48979000E+01  0.75250407E-03  0.75250407E-03  0.10064618E-02  0.10064618E-02
 0.49886042E+01  0.72649105E-03  0.72649105E-03  0.95214255E-03  0.95214255E-03
 0.50793083E+01  0.70910096E-03  0.70910096E-03  0.90090055E-03  0.90090055E-03
 0.51700125E+01  0.69829363E-03  0.69829363E-03  0.85404725E-03  0.85404725E-03
 0.52607167E+01  0.69180439E-03  0.69180439E-03  0.81196540E-03  0.81196540E-03
 0.53514208E+01  0.68761903E-03  0.68761903E-03  0.77400192E-03  0.77400192E-03
 0.54421250E+01  0.68453903E-03  0.68453903E-03  0.73870886E-03  0.73870886E-03
 0.55328292E+01  0.68250122E-03  0.68250122E-03  0.70446278E-03  0.70446278E-03
 0.56235333E+01  0.68239448E-03  0.68239448E-03  0.67015916E-03  0.67015916E-03
 0.57142375E+01  0.68548904E-03  0.68548904E-03  0.63557144E-03  0.63557144E-03
 0.58049417E+01  0.69285953E-03  0.69285953E-03  0.60123201E-03  0.60123201E-03
 0.58956458E+01  0.70512574E-03  0.70512574E-03  0.56802170E-03  0.56802170E-03
 0.59863500E+01  0.72257982E-03  0.72257982E-03  0.53679252E-03  0.53679252E-03
 0.60770542E+01  0.74554997E-03  0.74554997E-03  0.50829313E-03  0.50829313E-03
 0.61677583E+01  0.77468344E-03  0.77468344E-03  0.48351072E-03  0.48351072E-03
 0.62584625E+01  0.81079912E-03  0.81079912E-03  0.46427567E-03  0.46427567E-03
 0.63491667E+01  0.85412860E-03  0.85412860E-03  0.45372070E-03  0.45372070E-03
 0.64398708E+01  0.90308480E-03  0.90308480E-03  0.45607166E-03  0.45607166E-03
 0.65305750E+01  0.95312387E-03  0.95312387E-03  0.47533073E-03  0.47533073E-03
 0.66212792E+01  0.99675216E-03  0.99675216E-03  0.51287319E-03  0.51287319E-03
 0.67119833E+01  0.10257742E-02  0.10257742E-02  0.56515194E-03  0.56515194E-03
 0.68026875E+01  0.10353317E-02  0.10353317E-02  0.62385018E-03  0.62385018E-03
 0.68933917E+01  0.10267276E-02  0.10267276E-02  0.67960880E-03  0.67960880E-03
 0.69840958E+01  0.10061517E-02  0.10061517E-02  0.72677454E-03  0.72677454E-03
 0.70748000E+01  0.98031554E-03  0.98031554E-03  0.76524026E-03  0.76524026E-03
 0.71655042E+01  0.95266855E-03  0.95266855E-03  0.79844059E-03  0.79844059E-03
 0.72562083E+01  0.92254405E-03  0.92254405E-03  0.82964741E-03  0.82964741E-03
 0.73469125E+01  0.88716854E-03  0.88716854E-03  0.85917542E-03  0.85917542E-03
 0.74376167E+01  0.84487939E-03  0.84487939E-03  0.88415036E-03  0.88415036E-03
 0.75283208E+01  0.79715737E-03  0.79715737E-03  0.90079285E-03  0.90079285E-03
 0.76190250E+01  0.74804948E-03  0.74804948E-03  0.90720164E-03  0.90720164E-03
 0.77097292E+01  0.70187693E-03  0.70187693E-03  0.90446143E-03  0.90446143E-03
 0.78004333E+01  0.66123717E-03  0.66123717E-03  0.89577924E-03  0.89577924E-03
 0.78911375E+01  0.62630396E-03  0.62630396E-03  0.88478728E-03  0.88478728E-03
 0.79818417E+01  0.59529992E-03  0.59529992E-03  0.87402400E-03  0.87402400E-03
 0.80725458E+01  0.56571361E-03  0.56571361E-03  0.86408740E-03  0.86408740E-03
 0.81632500E+01  0.53575106E-03  0.53575106E-03  0.85377206E-03  0.85377206E-03
 0.82539542E+01  0.50527077E-03  0.50527077E-03  0.84116168E-03  0.84116168E-03
 0.83446583E+01  0.47563323E-03  0.47563323E-03  0.82497713E-03  0.82497713E-03
 0.84353625E+01  0.44873848E-03  0.44873848E-03  0.80528449E-03  0.80528449E-03
 0.85260667E+01  0.42605012E-03  0.42605012E-03  0.78333959E-03  0.78333959E-03
 0.86167708E+01  0.40809627E-03  0.40809627E-03  0.76100159E-03  0.76100159E-03
 0.87074750E+01  0.39439156E-03  0.39439156E-03  0.74013629E-03  0.74013629E-03
 0.87981792E+01  0.38359551E-03  0.38359551E-03  0.72213047E-03  0.72213047E-03
 0.88888833E+01  0.37385797E-03  0.37385797E-03  0.70750525E-03  0.70750525E-03
 0.89795875E+01  0.36337716E-03  0.36337716E-03  0.69573205E-03  0.69573205E-03
 0.90702917E+01  0.35102796E-03  0.35102796E-03  0.68545007E-03  0.68545007E-03
 0.91609958E+01  0.33669877E-03  0.33669877E-03  0.67508649E-03  0.67508649E-03
 0.92517000E+01  0.32109755E-03  0.32109755E-03  0.66351503E-03  0.66351503E-03
 0.93424042E+01  0.30520977E-03  0.30520977E-03  0.65034209E-03  0.65034209E-03
 0.94331083E+01  0.28981473E-03  0.28981473E-03  0.63575855E-03  0.63575855E-03
 0.95238125E+01  0.27529027E-03  0.27529027E-03  0.62019392E-03  0.62019392E-03
 0.96145167E+01  0.26167750E-03  0.26167750E-03  0.60402371E-03  0.60402371E-03
 0.97052208E+01  0.24886291E-03  0.24886291E-03  0.58743386E-03  0.58743386E-03
 0.97959250E+01  0.23675091E-03  0.23675091E-03  0.57043568E-03  0.57043568E-03
 0.98866292E+01  0.22535269E-03  0.22535269E-03  0.55296465E-03  0.55296465E-03
 0.99773333E+01  0.21478193E-03  0.21478193E-03  0.53498418E-03  0.53498418E-03
 0.10068038E+02  0.20519565E-03  0.20519565E-03  0.51653962E-03  0.51653962E-03
 0.10158742E+02  0.19673212E-03  0.19673212E-03  0.49775621E-03  0.49775621E-03
 0.10249446E+02  0.18947741E-03  0.18947741E-03  0.47880670E-03  0.47880670E-03
 0.10340150E+02  0.18346231E-03  0.18346231E-03  0.45987648E-03  0.45987648E-03
 0.10430854E+02  0.17867643E-03  0.17867643E-03  0.44114551E-03  0.44114551E-03
 0.10521558E+02  0.17508306E-03  0.17508306E-03  0.42278534E-03  0.42278534E-03
 0.10612263E+02  0.17262493E-03  0.17262493E-03  0.40496850E-03  0.40496850E-03
 0.10702967E+02  0.17121588E-03  0.17121588E-03  0.38787869E-03  0.38787869E-03
 0.10793671E+02  0.17071845E-03  0.17071845E-03  0.37171301E-03  0.37171301E-03
 0.10884375E+02  0.17091404E-03  0.17091404E-03  0.35666293E-03  0.35666293E-03
 0.10975079E+02  0.17148154E-03  0.17148154E-03  0.34286656E-03  0.34286656E-03
 0.11065783E+02  0.17200976E-03  0.17200976E-03  0.33033637E-03  0.33033637E-03
 0.11156488E+02  0.17206861E-03  0.17206861E-03  0.31888927E-03  0.31888927E-03
 0.11247192E+02  0.17133436E-03  0.17133436E-03  0.30813392E-03  0.30813392E-03
 0.11337896E+02  0.16971327E-03  0.16971327E-03  0.29755309E-03  0.29755309E-03
 0.11428600E+02  0.16738419E-03  0.16738419E-03  0.28666079E-03  0.28666079E-03
 0.11519304E+02  0.16472678E-03  0.16472678E-03  0.27514986E-03  0.27514986E-03
 0.11610008E+02  0.16218199E-03  0.16218199E-03  0.26295410E-03  0.26295410E-03
 0.11700713E+02  0.16012451E-03  0.16012451E-03  0.25021661E-03  0.25021661E-03
 0.11791417E+02  0.15879119E-03  0.15879119E-03  0.23721044E-03  0.23721044E-03
 0.11882121E+02  0.15826229E-03  0.15826229E-03  0.22425706E-03  0.22425706E-03
 0.11972825E+02  0.15847357E-03  0.15847357E-03  0.21166094E-03  0.21166094E-03
 0.12063529E+02  0.15924378E-03  0.15924378E-03  0.19966033E-03  0.19966033E-03
 0.12154233E+02  0.16031379E-03  0.16031379E-03  0.18839053E-03  0.18839053E-03
 0.12244938E+02  0.16139856E-03  0.16139856E-03  0.17786328E-03  0.17786328E-03
 0.12335642E+02  0.16224434E-03  0.16224434E-03  0.16797354E-03  0.16797354E-03
 0.12426346E+02  0.16267410E-03  0.16267410E-03  0.15853323E-03  0.15853323E-03
 0.12517050E+02  0.16260526E-03  0.16260526E-03  0.14932219E-03  0.14932219E-03
 0.12607754E+02  0.16203700E-03  0.16203700E-03  0.14013103E-03  0.14013103E-03
 0.12698458E+02  0.16102279E-03  0.16102279E-03  0.13078310E-03  0.13078310E-03
 0.12789163E+02  0.15964783E-03  0.15964783E-03  0.12113479E-03  0.12113479E-03
 0.12879867E+02  0.15802050E-03  0.15802050E-03  0.11106897E-03  0.11106897E-03
 0.12970571E+02  0.15627374E-03  0.15627374E-03  0.10049550E-03  0.10049550E-03
 0.13061275E+02  0.15456473E-03  0.15456473E-03  0.89360214E-04  0.89360214E-04
 0.13151979E+02  0.15306475E-03  0.15306475E-03  0.77658617E-04  0.77658617E-04
 0.13242683E+02  0.15193978E-03  0.15193978E-03  0.65442310E-04  0.65442310E-04
 0.13333388E+02  0.15132847E-03  0.15132847E-03  0.52815372E-04  0.52815372E-04
 0.13424092E+02  0.15132433E-03  0.15132433E-03  0.39920359E-04  0.39920359E-04
 0.13514796E+02  0.15196512E-03  0.15196512E-03  0.26919600E-04  0.26919600E-04
 0.13605500E+02  0.15323036E-03  0.15323036E-03  0.13974193E-04  0.13974193E-04
 0.13696204E+02  0.15504574E-03  0.15504574E-03  0.12236373E-05  0.12236373E-05
 0.13786908E+02  0.15729457E-03  0.15729457E-03 -0.11231274E-04 -0.11231274E-04
 0.13877613E+02  0.15983537E-03  0.15983537E-03 -0.23341498E-04 -0.23341498E-04
 0.13968317E+02  0.16252344E-03  0.16252344E-03 -0.35112914E-04 -0.35112914E-04
 0.14059021E+02  0.16523119E-03  0.16523119E-03 -0.46601040E-04 -0.46601040E-04
 0.14149725E+02  0.16786164E-03  0.16786164E-03 -0.57896771E-04 -0.57896771E-04
 0.14240429E+02  0.17035272E-03  0.17035272E-03 -0.69111981E-04 -0.69111981E-04
 0.14331133E+02  0.17267462E-03  0.17267462E-03 -0.80368748E-04 -0.80368748E-04
 0.14421838E+02  0.17482776E-03  0.17482776E-03 -0.91796414E-04 -0.91796414E-04
 0.14512542E+02  0.17684609E-03  0.17684609E-03 -0.10352985E-03 -0.10352985E-03
 0.14603246E+02  0.17880529E-03  0.17880529E-03 -0.11570317E-03 -0.11570317E-03
 0.14693950E+02  0.18082975E-03  0.18082975E-03 -0.12843482E-03 -0.12843482E-03
 0.14784654E+02  0.18309047E-03  0.18309047E-03 -0.14180471E-03 -0.14180471E-03
 0.14875358E+02  0.18579011E-03  0.18579011E-03 -0.15583324E-03 -0.15583324E-03
 0.14966063E+02  0.18913705E-03  0.18913705E-03 -0.17046771E-03 -0.17046771E-03
 0.15056767E+02  0.19331537E-03  0.19331537E-03 -0.18558227E-03 -0.18558227E-03
 0.15147471E+02  0.19845534E-03  0.19845534E-03 -0.20098964E-03 -0.20098964E-03
 0.15238175E+02  0.20460995E-03  0.20460995E-03 -0.21646491E-03 -0.21646491E-03
 0.15328879E+02  0.21173959E-03  0.21173959E-03 -0.23177901E-03 -0.23177901E-03
 0.15419583E+02  0.21971099E-03  0.21971099E-03 -0.24674144E-03 -0.24674144E-03
 0.15510288E+02  0.22831840E-03  0.22831840E-03 -0.26124715E-03 -0.26124715E-03
 0.15600992E+02  0.23733204E-03  0.23733204E-03 -0.27531132E-03 -0.27531132E-03
 0.15691696E+02  0.24656802E-03  0.24656802E-03 -0.28907524E-03 -0.28907524E-03
 0.15782400E+02  0.25595583E-03  0.25595583E-03 -0.30276624E-03 -0.30276624E-03
 0.15873104E+02  0.26557246E-03  0.26557246E-03 -0.31662164E-03 -0.31662164E-03
 0.15963808E+02  0.27562339E-03  0.27562339E-03 -0.33080400E-03 -0.33080400E-03
 0.16054513E+02  0.28637861E-03  0.28637861E-03 -0.34534596E-03 -0.34534596E-03
 0.16145217E+02  0.29809134E-03  0.29809134E-03 -0.36014295E-03 -0.36014295E-03
 0.16235921E+02  0.31093149E-03  0.31093149E-03 -0.37499273E-03 -0.37499273E-03
 0.16326625E+02  0.32495550E-03  0.32495550E-03 -0.38966349E-03 -0.38966349E-03
 0.16417329E+02  0.34012368E-03  0.34012368E-03 -0.40396433E-03 -0.40396433E-03
 0.16508033E+02  0.35635924E-03  0.35635924E-03 -0.41779123E-03 -0.41779123E-03
 0.16598738E+02  0.37362739E-03  0.37362739E-03 -0.43112104E-03 -0.43112104E-03
 0.16689442E+02  0.39199806E-03  0.39199806E-03 -0.44394870E-03 -0.44394870E-03
 0.16780146E+02  0.41165043E-03  0.41165043E-03 -0.45618121E-03 -0.45618121E-03
 0.16870850E+02  0.43279664E-03  0.43279664E-03 -0.46753851E-03 -0.46753851E-03
 0.16961554E+02  0.45553429E-03  0.45553429E-03 -0.47751272E-03 -0.47751272E-03
 0.17052258E+02  0.47966909E-03  0.47966909E-03 -0.48543536E-03 -0.48543536E-03
 0.17142963E+02  0.50457997E-03  0.50457997E-03 -0.49066947E-03 -0.49066947E-03
 0.17233667E+02  0.52921702E-03  0.52921702E-03 -0.49290663E-03 -0.49290663E-03
 0.17324371E+02  0.55231605E-03  0.55231605E-03 -0.49246971E-03 -0.49246971E-03
 0.17415075E+02  0.57282992E-03  0.57282992E-03 -0.49045098E-03 -0.49045098E-03
 0.17505779E+02  0.59042975E-03  0.59042975E-03 -0.48852563E-03 -0.48852563E-03
 0.17596483E+02  0.60580545E-03  0.60580545E-03 -0.48843818E-03 -0.48843818E-03
 0.17687188E+02  0.62057833E-03  0.62057833E-03 -0.49138697E-03 -0.49138697E-03
 0.17777892E+02  0.63686728E-03  0.63686728E-03 -0.49759517E-03 -0.49759517E-03
 0.17868596E+02  0.65673557E-03  0.65673557E-03 -0.50620841E-03 -0.50620841E-03
 0.17959300E+02  0.68172101E-03  0.68172101E-03 -0.51545740E-03 -0.51545740E-03
 0.18050004E+02  0.71251099E-03  0.71251099E-03 -0.52295528E-03 -0.52295528E-03
 0.18140708E+02  0.74873413E-03  0.74873413E-03 -0.52606469E-03 -0.52606469E-03
 0.18231412E+02  0.78886161E-03  0.78886161E-03 -0.52234701E-03 -0.52234701E-03
 0.18322117E+02  0.83029751E-03  0.83029751E-03 -0.51010463E-03 -0.51010463E-03
 0.18412821E+02  0.86978364E-03  0.86978364E-03 -0.48891175E-03 -0.48891175E-03
 0.18503525E+02  0.90413646E-03  0.90413646E-03 -0.45988286E-03 -0.45988286E-03
 0.18594229E+02  0.93108894E-03  0.93108894E-03 -0.42542872E-03 -0.42542872E-03
 0.18684933E+02  0.94981715E-03  0.94981715E-03 -0.38850537E-03 -0.38850537E-03
 0.18775638E+02  0.96086069E-03  0.96086069E-03 -0.35172068E-03 -0.35172068E-03
 0.18866342E+02  0.96552649E-03  0.96552649E-03 -0.31676350E-03 -0.31676350E-03
 0.18957046E+02  0.96517718E-03  0.96517718E-03 -0.28437696E-03 -0.28437696E-03
 0.19047750E+02  0.96077704E-03  0.96077704E-03 -0.25473671E-03 -0.25473671E-03
 0.19138454E+02  0.95283462E-03  0.95283462E-03 -0.22792380E-03 -0.22792380E-03
 0.19229158E+02  0.94163934E-03  0.94163934E-03 -0.20422328E-03 -0.20422328E-03
 0.19319863E+02  0.92757347E-03  0.92757347E-03 -0.18414384E-03 -0.18414384E-03
 0.19410567E+02  0.91130005E-03  0.91130005E-03 -0.16822240E-03 -0.16822240E-03
 0.19501271E+02  0.89373451E-03  0.89373451E-03 -0.15677463E-03 -0.15677463E-03
 0.19591975E+02  0.87585178E-03  0.87585178E-03 -0.14975270E-03 -0.14975270E-03
 0.19682679E+02  0.85845358E-03  0.85845358E-03 -0.14677900E-03 -0.14677900E-03
 0.19773383E+02  0.84202271E-03  0.84202271E-03 -0.14732005E-03 -0.14732005E-03
 0.19864088E+02  0.82672269E-03  0.82672269E-03 -0.15090728E-03 -0.15090728E-03
 0.19954792E+02  0.81253202E-03  0.81253202E-03 -0.15730261E-03 -0.15730261E-03
 0.20045496E+02  0.79944648E-03  0.79944648E-03 -0.16654351E-03 -0.16654351E-03
 0.20136200E+02  0.78766125E-03  0.78766125E-03 -0.17885556E-03 -0.17885556E-03
 0.20226904E+02  0.77765970E-03  0.77765970E-03 -0.19447398E-03 -0.19447398E-03
 0.20317608E+02  0.77017545E-03  0.77017545E-03 -0.21345460E-03 -0.21345460E-03
 0.20408312E+02  0.76605750E-03  0.76605750E-03 -0.23554618E-03 -0.23554618E-03
 0.20499017E+02  0.76609371E-03  0.76609371E-03 -0.26016153E-03 -0.26016153E-03
 0.20589721E+02  0.77085483E-03  0.77085483E-03 -0.28644129E-03 -0.28644129E-03
 0.20680425E+02  0.78058999E-03  0.78058999E-03 -0.31337939E-03 -0.31337939E-03
 0.20771129E+02  0.79519083E-03  0.79519083E-03 -0.33998207E-03 -0.33998207E-03
 0.20861833E+02  0.81422894E-03  0.81422894E-03 -0.36543341E-03 -0.36543341E-03
 0.20952538E+02  0.83707435E-03  0.83707435E-03 -0.38923972E-03 -0.38923972E-03
 0.21043242E+02  0.86309114E-03  0.86309114E-03 -0.41130781E-03 -0.41130781E-03
 0.21133946E+02  0.89187319E-03  0.89187319E-03 -0.43190911E-03 -0.43190911E-03
 0.21224650E+02  0.92344987E-03  0.92344987E-03 -0.45150492E-03 -0.45150492E-03
 0.21315354E+02  0.95837282E-03  0.95837282E-03 -0.47046052E-03 -0.47046052E-03
 0.21406058E+02  0.99763385E-03  0.99763385E-03 -0.48873328E-03 -0.48873328E-03
 0.21496763E+02  0.10424201E-02  0.10424201E-02 -0.50563118E-03 -0.50563118E-03
 0.21587467E+02  0.10937667E-02  0.10937667E-02 -0.51971270E-03 -0.51971270E-03
 0.21678171E+02  0.11521790E-02  0.11521790E-02 -0.52885512E-03 -0.52885512E-03
 0.21768875E+02  0.12172899E-02  0.12172899E-02 -0.53049912E-03 -0.53049912E-03
 0.21859579E+02  0.12876325E-02  0.12876325E-02 -0.52205968E-03 -0.52205968E-03
 0.21950283E+02  0.13606183E-02  0.13606183E-02 -0.50146559E-03 -0.50146559E-03
 0.22040988E+02  0.14328203E-02  0.14328203E-02 -0.46770726E-03 -0.46770726E-03
 0.22131692E+02  0.15005609E-02  0.15005609E-02 -0.42118880E-03 -0.42118880E-03
 0.22222396E+02  0.15606474E-02  0.15606474E-02 -0.36368427E-03 -0.36368427E-03
 0.22313100E+02  0.16109392E-02  0.16109392E-02 -0.29786188E-03 -0.29786188E-03
 0.22403804E+02  0.16504946E-02  0.16504946E-02 -0.22659592E-03 -0.22659592E-03
 0.22494508E+02  0.16792733E-02  0.16792733E-02 -0.15242676E-03 -0.15242676E-03
 0.22585213E+02  0.16976632E-02  0.16976632E-02 -0.77408958E-04 -0.77408958E-04
 0.22675917E+02  0.17061645E-02  0.17061645E-02 -0.33155824E-05 -0.33155824E-05
 0.22766621E+02  0.17054190E-02  0.17054190E-02  0.68068249E-04  0.68068249E-04
 0.22857325E+02  0.16965089E-02  0.16965089E-02  0.13486606E-03  0.13486606E-03
 0.22948029E+02  0.16812528E-02  0.16812528E-02  0.19537524E-03  0.19537524E-03
 0.23038733E+02  0.16622245E-02  0.16622245E-02  0.24857794E-03  0.24857794E-03
 0.23129438E+02  0.16423827E-02  0.16423827E-02  0.29461456E-03  0.29461456E-03
 0.23220142E+02  0.16244273E-02  0.16244273E-02  0.33497734E-03  0.33497734E-03
 0.23310846E+02  0.16101048E-02  0.16101048E-02  0.37230412E-03  0.37230412E-03
 0.23401550E+02  0.15996846E-02  0.15996846E-02  0.40982421E-03  0.40982421E-03
 0.23492254E+02  0.15917536E-02  0.15917536E-02  0.45056988E-03  0.45056988E-03
 0.23582958E+02  0.15834314E-02  0.15834314E-02  0.49651220E-03  0.49651220E-03
 0.23673663E+02  0.15710541E-02  0.15710541E-02  0.54785266E-03  0.54785266E-03
 0.23764367E+02  0.15512384E-02  0.15512384E-02  0.60275659E-03  0.60275659E-03
 0.23855071E+02  0.15220026E-02  0.15220026E-02  0.65777287E-03  0.65777287E-03
 0.23945775E+02  0.14834561E-02  0.14834561E-02  0.70888739E-03  0.70888739E-03
 0.24036479E+02  0.14377061E-02  0.14377061E-02  0.75278922E-03  0.75278922E-03
 0.24127183E+02  0.13880428E-02  0.13880428E-02  0.78777662E-03  0.78777662E-03
 0.24217888E+02  0.13378444E-02  0.13378444E-02  0.81397110E-03  0.81397110E-03
 0.24308592E+02  0.12896750E-02  0.12896750E-02  0.83290536E-03  0.83290536E-03
 0.24399296E+02  0.12448387E-02  0.12448387E-02  0.84679091E-03  0.84679091E-03
 0.24490000E+02  0.12033828E-02  0.12033828E-02  0.85777627E-03  0.85777627E-03
 0.24580704E+02  0.11644369E-02  0.11644369E-02  0.86738546E-03  0.86738546E-03
 0.24671408E+02  0.11267336E-02  0.11267336E-02  0.87623530E-03  0.87623530E-03
 0.24762113E+02  0.10891575E-02  0.10891575E-02  0.88406226E-03  0.88406226E-03
 0.24852817E+02  0.10511672E-02  0.10511672E-02  0.89002448E-03  0.89002448E-03
 0.24943521E+02  0.10129594E-02  0.10129594E-02  0.89315799E-03  0.89315799E-03
 0.25034225E+02  0.97535165E-03  0.97535165E-03  0.89280948E-03  0.89280948E-03
 0.25124929E+02  0.93946643E-03  0.93946643E-03  0.88889313E-03  0.88889313E-03
 0.25215633E+02  0.90637342E-03  0.90637342E-03  0.88191962E-03  0.88191962E-03
 0.25306338E+02  0.87681337E-03  0.87681337E-03  0.87284609E-03  0.87284609E-03
 0.25397042E+02  0.85106249E-03  0.85106249E-03  0.86284319E-03  0.86284319E-03
 0.25487746E+02  0.82892771E-03  0.82892771E-03  0.85306200E-03  0.85306200E-03
 0.25578450E+02  0.80983617E-03  0.80983617E-03  0.84445355E-03  0.84445355E-03
 0.25669154E+02  0.79297732E-03  0.79297732E-03  0.83766149E-03  0.83766149E-03
 0.25759858E+02  0.77745738E-03  0.77745738E-03  0.83299481E-03  0.83299481E-03
 0.25850563E+02  0.76243006E-03  0.76243006E-03  0.83047186E-03  0.83047186E-03
 0.25941267E+02  0.74717118E-03  0.74717118E-03  0.82990782E-03  0.82990782E-03
 0.26031971E+02  0.73108833E-03  0.73108833E-03  0.83100587E-03  0.83100587E-03
 0.26122675E+02  0.71368060E-03  0.71368060E-03  0.83340881E-03  0.83340881E-03
 0.26213379E+02  0.69449313E-03  0.69449313E-03  0.83669198E-03  0.83669198E-03
 0.26304083E+02  0.67311270E-03  0.67311270E-03  0.84031040E-03  0.84031040E-03
 0.26394788E+02  0.64923040E-03  0.64923040E-03  0.84354881E-03  0.84354881E-03
 0.26485492E+02  0.62275652E-03  0.62275652E-03  0.84552968E-03  0.84552968E-03
 0.26576196E+02  0.59392905E-03  0.59392905E-03  0.84531103E-03  0.84531103E-03
 0.26666900E+02  0.56334977E-03  0.56334977E-03  0.84205546E-03  0.84205546E-03
 0.26757604E+02  0.53190982E-03  0.53190982E-03  0.83520252E-03  0.83520252E-03
 0.26848308E+02  0.50062774E-03  0.50062774E-03  0.82457212E-03  0.82457212E-03
 0.26939013E+02  0.47046421E-03  0.47046421E-03  0.81036136E-03  0.81036136E-03
 0.27029717E+02  0.44218035E-03  0.44218035E-03  0.79305268E-03  0.79305268E-03
 0.27120421E+02  0.41627090E-03  0.41627090E-03  0.77328154E-03  0.77328154E-03
 0.27211125E+02  0.39296851E-03  0.39296851E-03  0.75171124E-03  0.75171124E-03
 0.27301829E+02  0.37229280E-03  0.37229280E-03  0.72894192E-03  0.72894192E-03
 0.27392533E+02  0.35411770E-03  0.35411770E-03  0.70545940E-03  0.70545940E-03
 0.27483238E+02  0.33823881E-03  0.33823881E-03  0.68161847E-03  0.68161847E-03
 0.27573942E+02  0.32442967E-03  0.32442967E-03  0.65765023E-03  0.65765023E-03
 0.27664646E+02  0.31248406E-03  0.31248406E-03  0.63368537E-03  0.63368537E-03
 0.27755350E+02  0.30224188E-03  0.30224188E-03  0.60978547E-03  0.60978547E-03
 0.27846054E+02  0.29360014E-03  0.29360014E-03  0.58597658E-03  0.58597658E-03
 0.27936758E+02  0.28651031E-03  0.28651031E-03  0.56227980E-03  0.56227980E-03
 0.28027463E+02  0.28096635E-03  0.28096635E-03  0.53873519E-03  0.53873519E-03
 0.28118167E+02  0.27698682E-03  0.27698682E-03  0.51541746E-03  0.51541746E-03
 0.28208871E+02  0.27459483E-03  0.27459483E-03  0.49244399E-03  0.49244399E-03
 0.28299575E+02  0.27379763E-03  0.27379763E-03  0.46997653E-03  0.46997653E-03
 0.28390279E+02  0.27456578E-03  0.27456578E-03  0.44821717E-03  0.44821717E-03
 0.28480983E+02  0.27681208E-03  0.27681208E-03  0.42739819E-03  0.42739819E-03
 0.28571688E+02  0.28037051E-03  0.28037051E-03  0.40776294E-03  0.40776294E-03
 0.28662392E+02  0.28497975E-03  0.28497975E-03  0.38953502E-03  0.38953502E-03
 0.28753096E+02  0.29027815E-03  0.29027815E-03  0.37287413E-03  0.37287413E-03
 0.28843800E+02  0.29582133E-03  0.29582133E-03  0.35782366E-03  0.35782366E-03
 0.28934504E+02  0.30112992E-03  0.30112992E-03  0.34426321E-03  0.34426321E-03
 0.29025208E+02  0.30576609E-03  0.30576609E-03  0.33188654E-03  0.33188654E-03
 0.29115913E+02  0.30942094E-03  0.30942094E-03  0.32022347E-03  0.32022347E-03
 0.29206617E+02  0.31198301E-03  0.31198301E-03  0.30870906E-03  0.30870906E-03
 0.29297321E+02  0.31356086E-03  0.31356086E-03  0.29678112E-03  0.29678112E-03
 0.29388025E+02  0.31445157E-03  0.31445157E-03  0.28397245E-03  0.28397245E-03
 0.29478729E+02  0.31507149E-03  0.31507149E-03  0.26996878E-03  0.26996878E-03
 0.29569433E+02  0.31587741E-03  0.31587741E-03  0.25462171E-03  0.25462171E-03
 0.29660137E+02  0.31730317E-03  0.31730317E-03  0.23792566E-03  0.23792566E-03
 0.29750842E+02  0.31972238E-03  0.31972238E-03  0.21997687E-03  0.21997687E-03
 0.29841546E+02  0.32343629E-03  0.32343629E-03  0.20093078E-03  0.20093078E-03
 0.29932250E+02  0.32867902E-03  0.32867902E-03  0.18096713E-03  0.18096713E-03
 0.30022954E+02  0.33563266E-03  0.33563266E-03  0.16026568E-03  0.16026568E-03
 0.30113658E+02  0.34444651E-03  0.34444651E-03  0.13899188E-03  0.13899188E-03
 0.30204363E+02  0.35525790E-03  0.35525790E-03  0.11729081E-03  0.11729081E-03
 0.30295067E+02  0.36821395E-03  0.36821395E-03  0.95288136E-04  0.95288136E-04
 0.30385771E+02  0.38349366E-03  0.38349366E-03  0.73099006E-04  0.73099006E-04
 0.30476475E+02  0.40132945E-03  0.40132945E-03  0.50846189E-04  0.50846189E-04
 0.30567179E+02  0.42202576E-03  0.42202576E-03  0.28689862E-04  0.28689862E-04
 0.30657883E+02  0.44596957E-03  0.44596957E-03  0.68713793E-05  0.68713793E-05
 0.30748588E+02  0.47362606E-03  0.47362606E-03 -0.14228332E-04 -0.14228332E-04
 0.30839292E+02  0.50550969E-03  0.50550969E-03 -0.34017293E-04 -0.34017293E-04
 0.30929996E+02  0.54211737E-03  0.54211737E-03 -0.51613546E-04 -0.51613546E-04
 0.31020700E+02  0.58380842E-03  0.58380842E-03 -0.65773554E-04 -0.65773554E-04
 0.31111404E+02  0.63061563E-03  0.63061563E-03 -0.74856827E-04 -0.74856827E-04
 0.31202108E+02  0.68198481E-03  0.68198481E-03 -0.76879289E-04 -0.76879289E-04
 0.31292813E+02  0.73647684E-03  0.73647684E-03 -0.69730159E-04 -0.69730159E-04
 0.31383517E+02  0.79153996E-03  0.79153996E-03 -0.51624474E-04 -0.51624474E-04
 0.31474221E+02  0.84354920E-03  0.84354920E-03 -0.21783877E-04 -0.21783877E-04
 0.31564925E+02  0.88833111E-03  0.88833111E-03  0.18844851E-04  0.18844851E-04
 0.31655629E+02  0.92221662E-03  0.92221662E-03  0.67237603E-04  0.67237603E-04
 0.31746333E+02  0.94328007E-03  0.94328007E-03  0.11871727E-03  0.11871727E-03
 0.31837037E+02  0.95211580E-03  0.95211580E-03  0.16817449E-03  0.16817449E-03
 0.31927742E+02  0.95166887E-03  0.95166887E-03  0.21154866E-03  0.21154866E-03
 0.32018446E+02  0.94622986E-03  0.94622986E-03  0.24684215E-03  0.24684215E-03
 0.32109150E+02  0.94017156E-03  0.94017156E-03  0.27432153E-03  0.27432153E-03
 0.32199854E+02  0.93696211E-03  0.93696211E-03  0.29607914E-03  0.29607914E-03
 0.32290558E+02  0.93862523E-03  0.93862523E-03  0.31534338E-03  0.31534338E-03
 0.32381263E+02  0.94553595E-03  0.94553595E-03  0.33579832E-03  0.33579832E-03
 0.32471967E+02  0.95639482E-03  0.95639482E-03  0.36095660E-03  0.36095660E-03
 0.32562671E+02  0.96834060E-03  0.96834060E-03  0.39351310E-03  0.39351310E-03
 0.32653375E+02  0.97731562E-03  0.97731562E-03  0.43464988E-03  0.43464988E-03
 0.32744079E+02  0.97883590E-03  0.97883590E-03  0.48344747E-03  0.48344747E-03
 0.32834783E+02  0.96915278E-03  0.96915278E-03  0.53674566E-03  0.53674566E-03
 0.32925488E+02  0.94644052E-03  0.94644052E-03  0.58976566E-03  0.58976566E-03
 0.33016192E+02  0.91141754E-03  0.91141754E-03  0.63741417E-03  0.63741417E-03
 0.33106896E+02  0.86702484E-03  0.86702484E-03  0.67570077E-03  0.67570077E-03
 0.33197600E+02  0.81736557E-03  0.81736557E-03  0.70259303E-03  0.70259303E-03
 0.33288304E+02  0.76650948E-03  0.76650948E-03  0.71804674E-03  0.71804674E-03
 0.33379008E+02  0.71767638E-03  0.71767638E-03  0.72344813E-03  0.72344813E-03
 0.33469713E+02  0.67293961E-03  0.67293961E-03  0.72089444E-03  0.72089444E-03
 0.33560417E+02  0.63330850E-03  0.63330850E-03  0.71260861E-03  0.71260861E-03
 0.33651121E+02  0.59898160E-03  0.59898160E-03  0.70058222E-03  0.70058222E-03
 0.33741825E+02  0.56962197E-03  0.56962197E-03  0.68640972E-03  0.68640972E-03
 0.33832529E+02  0.54459254E-03  0.54459254E-03  0.67124486E-03  0.67124486E-03
 0.33923233E+02  0.52313858E-03  0.52313858E-03  0.65582211E-03  0.65582211E-03
 0.34013937E+02  0.50452629E-03  0.50452629E-03  0.64051441E-03  0.64051441E-03
 0.34104642E+02  0.48814396E-03  0.48814396E-03  0.62541479E-03  0.62541479E-03
 0.34195346E+02  0.47356581E-03  0.47356581E-03  0.61043627E-03  0.61043627E-03
 0.34286050E+02  0.46057271E-03  0.46057271E-03  0.59541888E-03  0.59541888E-03
 0.34376754E+02  0.44913024E-03  0.44913024E-03  0.58022760E-03  0.58022760E-03
 0.34467458E+02  0.43933240E-03  0.43933240E-03  0.56482514E-03  0.56482514E-03
 0.34558163E+02  0.43132673E-03  0.43132673E-03  0.54930861E-03  0.54930861E-03
 0.34648867E+02  0.42523934E-03  0.42523934E-03  0.53391112E-03  0.53391112E-03
 0.34739571E+02  0.42111032E-03  0.42111032E-03  0.51897419E-03  0.51897419E-03
 0.34830275E+02  0.41884792E-03  0.41884792E-03  0.50490043E-03  0.50490043E-03
 0.34920979E+02  0.41820252E-03  0.41820252E-03  0.49209197E-03  0.49209197E-03
 0.35011683E+02  0.41876562E-03  0.41876562E-03  0.48088034E-03  0.48088034E-03
 0.35102388E+02  0.41999854E-03  0.41999854E-03  0.47145458E-03  0.47145458E-03
 0.35193092E+02  0.42129552E-03  0.42129552E-03  0.46380155E-03  0.46380155E-03
 0.35283796E+02  0.42207733E-03  0.42207733E-03  0.45767889E-03  0.45767889E-03
 0.35374500E+02  0.42189442E-03  0.42189442E-03  0.45263770E-03  0.45263770E-03
 0.35465204E+02  0.42051066E-03  0.42051066E-03  0.44809939E-03  0.44809939E-03
 0.35555908E+02  0.41793422E-03  0.41793422E-03  0.44346560E-03  0.44346560E-03
 0.35646613E+02  0.41438818E-03  0.41438818E-03  0.43822602E-03  0.43822602E-03
 0.35737317E+02  0.41023357E-03  0.41023357E-03  0.43202842E-03  0.43202842E-03
 0.35828021E+02  0.40587893E-03  0.40587893E-03  0.42469641E-03  0.42469641E-03
 0.35918725E+02  0.40170653E-03  0.40170653E-03  0.41620223E-03  0.41620223E-03
 0.36009429E+02  0.39803133E-03  0.39803133E-03  0.40661602E-03  0.40661602E-03
 0.36100133E+02  0.39509472E-03  0.39509472E-03  0.39605514E-03  0.39605514E-03
 0.36190838E+02  0.39308071E-03  0.39308071E-03  0.38464772E-03  0.38464772E-03
 0.36281542E+02  0.39214235E-03  0.39214235E-03  0.37251816E-03  0.37251816E-03
 0.36372246E+02  0.39242379E-03  0.39242379E-03  0.35979061E-03  0.35979061E-03
 0.36462950E+02  0.39407132E-03  0.39407132E-03  0.34660501E-03  0.34660501E-03
 0.36553654E+02  0.39722912E-03  0.39722912E-03  0.33313501E-03  0.33313501E-03
 0.36644358E+02  0.40202283E-03  0.40202283E-03  0.31960045E-03  0.31960045E-03
 0.36735063E+02  0.40853525E-03  0.40853525E-03  0.30626753E-03  0.30626753E-03
 0.36825767E+02  0.41678231E-03  0.41678231E-03  0.29343481E-03  0.29343481E-03
 0.36916471E+02  0.42669689E-03  0.42669689E-03  0.28140522E-03  0.28140522E-03
 0.37007175E+02  0.43812812E-03  0.43812812E-03  0.27044871E-03  0.27044871E-03
 0.37097879E+02  0.45086214E-03  0.45086214E-03  0.26076523E-03  0.26076523E-03
 0.37188583E+02  0.46466458E-03  0.46466458E-03  0.25245993E-03  0.25245993E-03
 0.37279288E+02  0.47933631E-03  0.47933631E-03  0.24554659E-03  0.24554659E-03
 0.37369992E+02  0.49476482E-03  0.49476482E-03  0.23998533E-03  0.23998533E-03
 0.37460696E+02  0.51094796E-03  0.51094796E-03  0.23575267E-03  0.23575267E-03
 0.37551400E+02  0.52797114E-03  0.52797114E-03  0.23292241E-03  0.23292241E-03
 0.37642104E+02  0.54593310E-03  0.54593310E-03  0.23172930E-03  0.23172930E-03
 0.37732808E+02  0.56483453E-03  0.56483453E-03  0.23258474E-03  0.23258474E-03
 0.37823512E+02  0.58445754E-03  0.58445754E-03  0.23602360E-03  0.23602360E-03
 0.37914217E+02  0.60427588E-03  0.60427588E-03  0.24257915E-03  0.24257915E-03
 0.38004921E+02  0.62344086E-03  0.62344086E-03  0.25260031E-03  0.25260031E-03
 0.38095625E+02  0.64087877E-03  0.64087877E-03  0.26606102E-03  0.26606102E-03
 0.38186329E+02  0.65550673E-03  0.65550673E-03  0.28243336E-03  0.28243336E-03
 0.38277033E+02  0.66651614E-03  0.66651614E-03  0.30070426E-03  0.30070426E-03
 0.38367737E+02  0.67361856E-03  0.67361856E-03  0.31956787E-03  0.31956787E-03
 0.38458442E+02  0.67714024E-03  0.67714024E-03  0.33774096E-03  0.33774096E-03
 0.38549146E+02  0.67791481E-03  0.67791481E-03  0.35427971E-03  0.35427971E-03
 0.38639850E+02  0.67702311E-03  0.67702311E-03  0.36877118E-03  0.36877118E-03
 0.38730554E+02  0.67548802E-03  0.67548802E-03  0.38134835E-03  0.38134835E-03
 0.38821258E+02  0.67403208E-03  0.67403208E-03  0.39255009E-03  0.39255009E-03
 0.38911963E+02  0.67295200E-03  0.67295200E-03  0.40310014E-03  0.40310014E-03
 0.39002667E+02  0.67211863E-03  0.67211863E-03  0.41367260E-03  0.41367260E-03
 0.39093371E+02  0.67108249E-03  0.67108249E-03  0.42470118E-03  0.42470118E-03
 0.39184075E+02  0.66924937E-03  0.66924937E-03  0.43626767E-03  0.43626767E-03
 0.39274779E+02  0.66608096E-03  0.66608096E-03  0.44809303E-03  0.44809303E-03
 0.39365483E+02  0.66126604E-03  0.66126604E-03  0.45962827E-03  0.45962827E-03
 0.39456188E+02  0.65481623E-03  0.65481623E-03  0.47021488E-03  0.47021488E-03
 0.39546892E+02  0.64706132E-03  0.64706132E-03  0.47925887E-03  0.47925887E-03
 0.39637596E+02  0.63856493E-03  0.63856493E-03  0.48636484E-03  0.48636484E-03
 0.39728300E+02  0.62999839E-03  0.62999839E-03  0.49140031E-03  0.49140031E-03
 0.39819004E+02  0.62202135E-03  0.62202135E-03  0.49449176E-03  0.49449176E-03
 0.39909708E+02  0.61519419E-03  0.61519419E-03  0.49597821E-03  0.49597821E-03
 0.40000413E+02  0.60992830E-03  0.60992830E-03  0.49634951E-03  0.49634951E-03
 0.40091117E+02  0.60646325E-03  0.60646325E-03  0.49619024E-03  0.49619024E-03
 0.40181821E+02  0.60485649E-03  0.60485649E-03  0.49613091E-03  0.49613091E-03
 0.40272525E+02  0.60497603E-03  0.60497603E-03  0.49680471E-03  0.49680471E-03
 0.40363229E+02  0.60649363E-03  0.60649363E-03  0.49879682E-03  0.49879682E-03
 0.40453933E+02  0.60889027E-03  0.60889027E-03  0.50258157E-03  0.50258157E-03
 0.40544638E+02  0.61148533E-03  0.61148533E-03  0.50844859E-03  0.50844859E-03
 0.40635342E+02  0.61350601E-03  0.61350601E-03  0.51643329E-03  0.51643329E-03
 0.40726046E+02  0.61419544E-03  0.61419544E-03  0.52627772E-03  0.52627772E-03
 0.40816750E+02  0.61294334E-03  0.61294334E-03  0.53745041E-03  0.53745041E-03
 0.40907454E+02  0.60939610E-03  0.60939610E-03  0.54923549E-03  0.54923549E-03
 0.40998158E+02  0.60350760E-03  0.60350760E-03  0.56087208E-03  0.56087208E-03
 0.41088862E+02  0.59550586E-03  0.59550586E-03  0.57169723E-03  0.57169723E-03
 0.41179567E+02  0.58579205E-03  0.58579205E-03  0.58124143E-03  0.58124143E-03
 0.41270271E+02  0.57481566E-03  0.57481566E-03  0.58924773E-03  0.58924773E-03
 0.41360975E+02  0.56297645E-03  0.56297645E-03  0.59562183E-03  0.59562183E-03
 0.41451679E+02  0.55058436E-03  0.55058436E-03  0.60034803E-03  0.60034803E-03
 0.41542383E+02  0.53788018E-03  0.53788018E-03  0.60341249E-03  0.60341249E-03
 0.41633088E+02  0.52509417E-03  0.52509417E-03  0.60476953E-03  0.60476953E-03
 0.41723792E+02  0.51250600E-03  0.51250600E-03  0.60435904E-03  0.60435904E-03
 0.41814496E+02  0.50047425E-03  0.50047425E-03  0.60216256E-03  0.60216256E-03
 0.41905200E+02  0.48942030E-03  0.48942030E-03  0.59826885E-03  0.59826885E-03
 0.41995904E+02  0.47977110E-03  0.47977110E-03  0.59291850E-03  0.59291850E-03
 0.42086608E+02  0.47188387E-03  0.47188387E-03  0.58650953E-03  0.58650953E-03
 0.42177313E+02  0.46597525E-03  0.46597525E-03  0.57956398E-03  0.57956398E-03
 0.42268017E+02  0.46207404E-03  0.46207404E-03  0.57266312E-03  0.57266312E-03
 0.42358721E+02  0.46000759E-03  0.46000759E-03  0.56636727E-03  0.56636727E-03
 0.42449425E+02  0.45942411E-03  0.45942411E-03  0.56113595E-03  0.56113595E-03
 0.42540129E+02  0.45984998E-03  0.45984998E-03  0.55726416E-03  0.55726416E-03
 0.42630833E+02  0.46077247E-03  0.46077247E-03  0.55485326E-03  0.55485326E-03
 0.42721538E+02  0.46172564E-03  0.46172564E-03  0.55382739E-03  0.55382739E-03
 0.42812242E+02  0.46235066E-03  0.46235066E-03  0.55399247E-03  0.55399247E-03
 0.42902946E+02  0.46240809E-03  0.46240809E-03  0.55511342E-03  0.55511342E-03
 0.42993650E+02  0.46173874E-03  0.46173874E-03  0.55697337E-03  0.55697337E-03
 0.43084354E+02  0.46020230E-03  0.46020230E-03  0.55938297E-03  0.55938297E-03
 0.43175058E+02  0.45763198E-03  0.45763198E-03  0.56213546E-03  0.56213546E-03
 0.43265763E+02  0.45384613E-03  0.45384613E-03  0.56493424E-03  0.56493424E-03
 0.43356467E+02  0.44872428E-03  0.44872428E-03  0.56734178E-03  0.56734178E-03
 0.43447171E+02  0.44232034E-03  0.44232034E-03  0.56879804E-03  0.56879804E-03
 0.43537875E+02  0.43495382E-03  0.43495382E-03  0.56872163E-03  0.56872163E-03
 0.43628579E+02  0.42722217E-03  0.42722217E-03  0.56666307E-03  0.56666307E-03
 0.43719283E+02  0.41991799E-03  0.41991799E-03  0.56244680E-03  0.56244680E-03
 0.43809988E+02  0.41387997E-03  0.41387997E-03  0.55624479E-03  0.55624479E-03
 0.43900692E+02  0.40983351E-03  0.40983351E-03  0.54856614E-03  0.54856614E-03
 0.43991396E+02  0.40826071E-03  0.40826071E-03  0.54017934E-03  0.54017934E-03
 0.44082100E+02  0.40931726E-03  0.40931726E-03  0.53199738E-03  0.53199738E-03
 0.44172804E+02  0.41279284E-03  0.41279284E-03  0.52494336E-03  0.52494336E-03
 0.44263508E+02  0.41811887E-03  0.41811887E-03  0.51980253E-03  0.51980253E-03
 0.44354213E+02  0.42443805E-03  0.42443805E-03  0.51706828E-03  0.51706828E-03
 0.44444917E+02  0.43075503E-03  0.43075503E-03  0.51681635E-03  0.51681635E-03
 0.44535621E+02  0.43615763E-03  0.43615763E-03  0.51866532E-03  0.51866532E-03
 0.44626325E+02  0.44004710E-03  0.44004710E-03  0.52187216E-03  0.52187216E-03
 0.44717029E+02  0.44227932E-03  0.44227932E-03  0.52555410E-03  0.52555410E-03
 0.44807733E+02  0.44314818E-03  0.44314818E-03  0.52895236E-03  0.52895236E-03
 0.44898438E+02  0.44322342E-03  0.44322342E-03  0.53162289E-03  0.53162289E-03
 0.44989142E+02  0.44313064E-03  0.44313064E-03  0.53348983E-03  0.53348983E-03
 0.45079846E+02  0.44336769E-03  0.44336769E-03  0.53477288E-03  0.53477288E-03
 0.45170550E+02  0.44421355E-03  0.44421355E-03  0.53585002E-03  0.53585002E-03
 0.45261254E+02  0.44572736E-03  0.44572736E-03  0.53712326E-03  0.53712326E-03
 0.45351958E+02  0.44780695E-03  0.44780695E-03  0.53893058E-03  0.53893058E-03
 0.45442662E+02  0.45026090E-03  0.45026090E-03  0.54151700E-03  0.54151700E-03
 0.45533367E+02  0.45285922E-03  0.45285922E-03  0.54505038E-03  0.54505038E-03
 0.45624071E+02  0.45534181E-03  0.45534181E-03  0.54964853E-03  0.54964853E-03
 0.45714775E+02  0.45739642E-03  0.45739642E-03  0.55538321E-03  0.55538321E-03
 0.45805479E+02  0.45863711E-03  0.45863711E-03  0.56223978E-03  0.56223978E-03
 0.45896183E+02  0.45666233E-03  0.45862479E-03  0.56983582E-03  0.57004528E-03
 0.45986888E+02  0.45493030E-03  0.45695499E-03  0.57777071E-03  0.57840886E-03
 0.46077592E+02  0.44965594E-03  0.45339246E-03  0.58460211E-03  0.58672703E-03
 0.46168296E+02  0.44181525E-03  0.44799723E-03  0.58881725E-03  0.59428667E-03
 0.46259000E+02  0.43524339E-03  0.44116702E-03  0.59266717E-03  0.60043992E-03
 0.46349704E+02  0.42869140E-03  0.43356468E-03  0.59521557E-03  0.60478286E-03
 0.46440408E+02  0.42253563E-03  0.42595470E-03  0.59671083E-03  0.60725524E-03
 0.46531113E+02  0.41656781E-03  0.41902014E-03  0.59629708E-03  0.60813356E-03
 0.46621817E+02  0.41208475E-03  0.41322409E-03  0.59779039E-03  0.60793314E-03
 0.46712521E+02  0.40780449E-03  0.40874796E-03  0.59807434E-03  0.60726795E-03
 0.46803225E+02  0.40366216E-03  0.40550522E-03  0.59759757E-03  0.60671610E-03
 0.46893929E+02  0.40008449E-03  0.40320953E-03  0.59822472E-03  0.60672109E-03
 0.46984633E+02  0.39661742E-03  0.40146772E-03  0.59904242E-03  0.60754569E-03
 0.47075338E+02  0.39313453E-03  0.39986599E-03  0.60002530E-03  0.60927513E-03
 0.47166042E+02  0.38948300E-03  0.39802697E-03  0.60100139E-03  0.61185398E-03
 0.47256746E+02  0.38572895E-03  0.39563130E-03  0.60209562E-03  0.61512506E-03
 0.47347450E+02  0.38180591E-03  0.39241881E-03  0.60312208E-03  0.61884888E-03
 0.47438154E+02  0.37733760E-03  0.38819997E-03  0.60304283E-03  0.62269912E-03
 0.47528858E+02  0.37322680E-03  0.38289914E-03  0.60369903E-03  0.62625918E-03
 0.47619563E+02  0.36909610E-03  0.37662057E-03  0.60414349E-03  0.62905811E-03
 0.47710267E+02  0.36520385E-03  0.36969752E-03  0.60519345E-03  0.63066367E-03
 0.47800971E+02  0.36097991E-03  0.36267664E-03  0.60425714E-03  0.63081143E-03
 0.47891675E+02  0.35712303E-03  0.35622097E-03  0.60418852E-03  0.62951804E-03
 0.47982379E+02  0.35340211E-03  0.35095629E-03  0.60404677E-03  0.62712860E-03
 0.48073083E+02  0.34980201E-03  0.34730607E-03  0.60388045E-03  0.62427888E-03
 0.48163788E+02  0.34626070E-03  0.34535859E-03  0.60353330E-03  0.62177996E-03
 0.48254492E+02  0.34279398E-03  0.34479256E-03  0.60339670E-03  0.62044383E-03
 0.48345196E+02  0.33933401E-03  0.34489093E-03  0.60327539E-03  0.62087202E-03
 0.48435900E+02  0.33585142E-03  0.34467151E-03  0.60314592E-03  0.62324827E-03
 0.48526604E+02  0.33230345E-03  0.34314375E-03  0.60275576E-03  0.62721675E-03
 0.48617308E+02  0.32875650E-03  0.33962554E-03  0.60250019E-03  0.63193548E-03
 0.48708013E+02  0.32519743E-03  0.33397766E-03  0.60213932E-03  0.63633338E-03
 0.48798717E+02  0.32165566E-03  0.32662315E-03  0.60165447E-03  0.63946398E-03
 0.48889421E+02  0.31817444E-03  0.31834337E-03  0.60013864E-03  0.64077677E-03
 0.48980125E+02  0.31477556E-03  0.30998078E-03  0.60005851E-03  0.64018974E-03
 0.49070829E+02  0.31149994E-03  0.30220075E-03  0.59921961E-03  0.63797864E-03
 0.49161533E+02  0.30836478E-03  0.29538858E-03  0.59830574E-03  0.63458608E-03
 0.49252237E+02  0.30549347E-03  0.28967315E-03  0.59656629E-03  0.63044634E-03
 0.49342942E+02  0.30260082E-03  0.28502327E-03  0.59616291E-03  0.62588025E-03
 0.49433646E+02  0.29993823E-03  0.28136385E-03  0.59523582E-03  0.62107093E-03
 0.49524350E+02  0.29741765E-03  0.27866501E-03  0.59437043E-03  0.61610579E-03
 0.49615054E+02  0.29509509E-03  0.27698152E-03  0.59295659E-03  0.61105358E-03
 0.49705758E+02  0.29273313E-03  0.27643642E-03  0.59273925E-03  0.60604014E-03
 0.49796462E+02  0.29048427E-03  0.27716748E-03  0.59221476E-03  0.60129604E-03
 0.49887167E+02  0.28826356E-03  0.27926002E-03  0.59182924E-03  0.59716595E-03
 0.49977871E+02  0.28603541E-03  0.28268435E-03  0.59158336E-03  0.59408568E-03
 0.50068575E+02  0.28373538E-03  0.28724827E-03  0.59126164E-03  0.59253673E-03
 0.50159279E+02  0.28138045E-03  0.29256456E-03  0.59125447E-03  0.59298332E-03
 0.50249983E+02  0.27892695E-03  0.29803706E-03  0.59133826E-03  0.59579219E-03
 0.50340687E+02  0.27645799E-03  0.30287642E-03  0.59192142E-03  0.60113086E-03
 0.50431392E+02  0.27376167E-03  0.30617169E-03  0.59212066E-03  0.60885504E-03
 0.50522096E+02  0.27075634E-03  0.30703826E-03  0.59156851E-03  0.61842087E-03
 0.50612800E+02  0.26779162E-03  0.30483335E-03  0.59170550E-03  0.62888609E-03
 0.50703504E+02  0.26480011E-03  0.29936987E-03  0.59229972E-03  0.63905232E-03
 0.50794208E+02  0.26160079E-03  0.29101773E-03  0.59231818E-03  0.64773437E-03
 0.50884913E+02  0.25821322E-03  0.28062199E-03  0.59135807E-03  0.65405209E-03
 0.50975617E+02  0.25488758E-03  0.26926708E-03  0.59115096E-03  0.65761075E-03
 0.51066321E+02  0.25154303E-03  0.25800419E-03  0.59138422E-03  0.65851016E-03
 0.51157025E+02  0.24813005E-03  0.24765176E-03  0.59095538E-03  0.65721765E-03
 0.51247729E+02  0.24470960E-03  0.23871057E-03  0.59041332E-03  0.65439422E-03
 0.51338433E+02  0.24131700E-03  0.23136920E-03  0.58937848E-03  0.65074142E-03
 0.51429138E+02  0.23793606E-03  0.22555685E-03  0.58862333E-03  0.64689505E-03
 0.51519842E+02  0.23458465E-03  0.22100916E-03  0.58777529E-03  0.64336037E-03
 0.51610546E+02  0.23119558E-03  0.21733438E-03  0.58737441E-03  0.64047286E-03
 0.51701250E+02  0.22791144E-03  0.21408061E-03  0.58635422E-03  0.63837680E-03
 0.51791954E+02  0.22484895E-03  0.21080914E-03  0.58435893E-03  0.63702016E-03
 0.51882658E+02  0.22168322E-03  0.20717093E-03  0.58321690E-03  0.63617645E-03
 0.51973363E+02  0.21845130E-03  0.20297417E-03  0.58251217E-03  0.63550038E-03
 0.52064067E+02  0.21538189E-03  0.19822044E-03  0.58125328E-03  0.63461510E-03
 0.52154771E+02  0.21236693E-03  0.19309129E-03  0.57995005E-03  0.63320812E-03
 0.52245475E+02  0.20952188E-03  0.18788843E-03  0.57822511E-03  0.63110656E-03
 0.52336179E+02  0.20662215E-03  0.18294761E-03  0.57685218E-03  0.62830773E-03
 0.52426883E+02  0.20377534E-03  0.17855626E-03  0.57545025E-03  0.62496398E-03
 0.52517588E+02  0.20082606E-03  0.17489465E-03  0.57445771E-03  0.62133563E-03
 0.52608292E+02  0.19807786E-03  0.17200688E-03  0.57299960E-03  0.61772978E-03
 0.52698996E+02  0.19537829E-03  0.16979793E-03  0.57152420E-03  0.61443743E-03
 0.52789700E+02  0.19287186E-03  0.16805467E-03  0.56966775E-03  0.61167422E-03
 0.52880404E+02  0.19026672E-03  0.16649135E-03  0.56816829E-03  0.60953164E-03
 0.52971108E+02  0.18770295E-03  0.16481891E-03  0.56665800E-03  0.60795101E-03
 0.53061813E+02  0.18500990E-03  0.16282805E-03  0.56552177E-03  0.60673967E-03
 0.53152517E+02  0.18252147E-03  0.16045462E-03  0.56398520E-03  0.60563606E-03
 0.53243221E+02  0.18040439E-03  0.15779440E-03  0.56171445E-03  0.60440932E-03
 0.53333925E+02  0.17781727E-03  0.15505025E-03  0.56053415E-03  0.60295058E-03
 0.53424629E+02  0.17543336E-03  0.15243164E-03  0.55897588E-03  0.60131256E-03
 0.53515333E+02  0.17308061E-03  0.15004896E-03  0.55740941E-03  0.59967666E-03
 0.53606037E+02  0.17058233E-03  0.14784995E-03  0.55617870E-03  0.59825871E-03
 0.53696742E+02  0.16828912E-03  0.14562951E-03  0.55458820E-03  0.59718947E-03
 0.53787446E+02  0.16638963E-03  0.14312126E-03  0.55230874E-03  0.59642248E-03
 0.53878150E+02  0.16398061E-03  0.14013896E-03  0.55103477E-03  0.59572786E-03
 0.53968854E+02  0.16177946E-03  0.13668985E-03  0.54941850E-03  0.59479219E-03
 0.54059558E+02  0.15960818E-03  0.13298283E-03  0.54779292E-03  0.59337495E-03
 0.54150263E+02  0.15728418E-03  0.12932386E-03  0.54646766E-03  0.59142285E-03
 0.54240967E+02  0.15556179E-03  0.12596824E-03  0.54417508E-03  0.58907708E-03
 0.54331671E+02  0.15330091E-03  0.12301580E-03  0.54282410E-03  0.58658417E-03
 0.54422375E+02  0.15125567E-03  0.12039411E-03  0.54116070E-03  0.58417001E-03
 0.54513079E+02  0.14924225E-03  0.11792419E-03  0.53949049E-03  0.58194047E-03
 0.54603783E+02  0.14707352E-03  0.11543061E-03  0.53809541E-03  0.57985347E-03
 0.54694488E+02  0.14512434E-03  0.11283528E-03  0.53640756E-03  0.57777397E-03
 0.54785192E+02  0.14361954E-03  0.11018106E-03  0.53412395E-03  0.57557219E-03
 0.54875896E+02  0.14155020E-03  0.10758034E-03  0.53270269E-03  0.57320048E-03
 0.54966600E+02  0.13970086E-03  0.10513357E-03  0.53100964E-03  0.57070569E-03
 0.55057304E+02  0.13788356E-03  0.10287232E-03  0.52931603E-03  0.56818488E-03
 0.55148008E+02  0.13591078E-03  0.10075123E-03  0.52787025E-03  0.56572209E-03
 0.55238713E+02  0.13415745E-03  0.98681347E-04  0.52617310E-03  0.56334242E-03
 0.55329417E+02  0.13224810E-03  0.96580338E-04  0.52471613E-03  0.56099962E-03
 0.55420121E+02  0.13098146E-03  0.94416562E-04  0.52248971E-03  0.55859653E-03
 0.55510825E+02  0.12931933E-03  0.92232276E-04  0.52080819E-03  0.55602575E-03
 0.55601529E+02  0.12750218E-03  0.90140094E-04  0.51935474E-03  0.55321686E-03
 0.55692233E+02  0.12589694E-03  0.88292253E-04  0.51768075E-03  0.55017550E-03
 0.55782938E+02  0.12413638E-03  0.86830382E-04  0.51622779E-03  0.54699954E-03
 0.55873642E+02  0.12258400E-03  0.85831046E-04  0.51456475E-03  0.54386315E-03
 0.55964346E+02  0.12147800E-03  0.85267550E-04  0.51242455E-03  0.54096877E-03
 0.56055050E+02  0.11979389E-03  0.85007515E-04  0.51098752E-03  0.53848102E-03
 0.56145754E+02  0.11830951E-03  0.84855482E-04  0.50935399E-03  0.53646948E-03
 0.56236458E+02  0.11684530E-03  0.84625186E-04  0.50772940E-03  0.53489551E-03
 0.56327163E+02  0.11522795E-03  0.84197856E-04  0.50630366E-03  0.53365355E-03
 0.56417867E+02  0.11380294E-03  0.83526630E-04  0.50469266E-03  0.53263479E-03
 0.56508571E+02  0.11264257E-03  0.82596149E-04  0.50282180E-03  0.53175822E-03
 0.56599275E+02  0.11125161E-03  0.81390176E-04  0.50122910E-03  0.53095352E-03
 0.56689979E+02  0.10987650E-03  0.79900658E-04  0.49964383E-03  0.53013412E-03
 0.56780683E+02  0.10835110E-03  0.78156172E-04  0.49824061E-03  0.52920403E-03
 0.56871388E+02  0.10700779E-03  0.76224130E-04  0.49666570E-03  0.52809096E-03
 0.56962092E+02  0.10551513E-03  0.74180383E-04  0.49526682E-03  0.52676122E-03
 0.57052796E+02  0.10420186E-03  0.72086987E-04  0.49370066E-03  0.52519852E-03
 0.57143500E+02  0.10331535E-03  0.70008821E-04  0.49171853E-03  0.52337964E-03
 0.57234204E+02  0.10186862E-03  0.68045441E-04  0.49032949E-03  0.52128882E-03
 0.57324908E+02  0.10059706E-03  0.66330790E-04  0.48878005E-03  0.51896400E-03
 0.57415613E+02  0.99180318E-04  0.64986281E-04  0.48739236E-03  0.51652911E-03
 0.57506317E+02  0.97937069E-04  0.64059226E-04  0.48584851E-03  0.51418030E-03
 0.57597021E+02  0.96549894E-04  0.63482877E-04  0.48446140E-03  0.51213385E-03
 0.57687725E+02  0.95334803E-04  0.63071623E-04  0.48292244E-03  0.51055863E-03
 0.57778429E+02  0.94546144E-04  0.62552999E-04  0.48099373E-03  0.50950815E-03
 0.57869133E+02  0.93203152E-04  0.61643191E-04  0.47961199E-03  0.50887071E-03
 0.57959837E+02  0.92029263E-04  0.60159241E-04  0.47808543E-03  0.50837671E-03
 0.58050542E+02  0.90715848E-04  0.58109612E-04  0.47670351E-03  0.50769468E-03
 0.58141246E+02  0.89570343E-04  0.55685655E-04  0.47518126E-03  0.50657258E-03
 0.58231950E+02  0.88438425E-04  0.53154989E-04  0.47366261E-03  0.50492138E-03
 0.58322654E+02  0.87169514E-04  0.50748157E-04  0.47228190E-03  0.50279503E-03
 0.58413358E+02  0.86479450E-04  0.48609890E-04  0.47040317E-03  0.50031855E-03
 0.58504063E+02  0.85239810E-04  0.46806336E-04  0.46902812E-03  0.49763011E-03
 0.58594767E+02  0.84163378E-04  0.45348035E-04  0.46752464E-03  0.49485344E-03
 0.58685471E+02  0.82952624E-04  0.44210085E-04  0.46615137E-03  0.49208599E-03
 0.58776175E+02  0.81903238E-04  0.43352597E-04  0.46465415E-03  0.48939566E-03
 0.58866879E+02  0.80720508E-04  0.42736753E-04  0.46328348E-03  0.48683088E-03
 0.58957583E+02  0.79697089E-04  0.42323515E-04  0.46179303E-03  0.48443671E-03
 0.59048288E+02  0.79097364E-04  0.42057132E-04  0.45996878E-03  0.48225493E-03
 0.59138992E+02  0.77953705E-04  0.41861161E-04  0.45860757E-03  0.48030063E-03
 0.59229696E+02  0.76965118E-04  0.41667426E-04  0.45713233E-03  0.47854345E-03
 0.59320400E+02  0.75846205E-04  0.41454540E-04  0.45577400E-03  0.47692996E-03
 0.59411104E+02  0.74880287E-04  0.41245125E-04  0.45430474E-03  0.47543401E-03
 0.59501808E+02  0.73784831E-04  0.41059536E-04  0.45294859E-03  0.47407532E-03
 0.59592513E+02  0.72840546E-04  0.40887995E-04  0.45148425E-03  0.47289009E-03
 0.59683217E+02  0.71906287E-04  0.40704151E-04  0.45002284E-03  0.47191179E-03
 0.59773921E+02  0.71255343E-04  0.40464936E-04  0.44835617E-03  0.47118553E-03
 0.59864625E+02  0.70341880E-04  0.40075604E-04  0.44690109E-03  0.47075807E-03
 0.59955329E+02  0.69302375E-04  0.39381877E-04  0.44554924E-03  0.47062061E-03
 0.60046033E+02  0.68410567E-04  0.38221399E-04  0.44409557E-03  0.47066098E-03
 0.60136738E+02  0.67393983E-04  0.36498931E-04  0.44274146E-03  0.47066715E-03
 0.60227442E+02  0.66524750E-04  0.34248593E-04  0.44128804E-03  0.47038210E-03
 0.60318146E+02  0.65532125E-04  0.31646321E-04  0.43993055E-03  0.46959973E-03
 0.60408850E+02  0.65101786E-04  0.28942676E-04  0.43818742E-03  0.46824733E-03
 0.60499554E+02  0.64135153E-04  0.26359081E-04  0.43683011E-03  0.46638850E-03
 0.60590258E+02  0.63315643E-04  0.24027145E-04  0.43537974E-03  0.46415780E-03
 0.60680962E+02  0.62509146E-04  0.21993276E-04  0.43393028E-03  0.46169285E-03
 0.60771667E+02  0.61584018E-04  0.20252416E-04  0.43256833E-03  0.45910273E-03
 0.60862371E+02  0.60805639E-04  0.18776228E-04  0.43111926E-03  0.45646497E-03
 0.60953075E+02  0.59910203E-04  0.17528131E-04  0.42975480E-03  0.45383166E-03
 0.61043779E+02  0.59161352E-04  0.16470756E-04  0.42830736E-03  0.45123541E-03
 0.61134483E+02  0.58715799E-04  0.15569981E-04  0.42668636E-03  0.44869498E-03
 0.61225188E+02  0.57996957E-04  0.14796679E-04  0.42524718E-03  0.44621956E-03
 0.61315892E+02  0.57164376E-04  0.14126991E-04  0.42388707E-03  0.44381239E-03
 0.61406596E+02  0.56476521E-04  0.13541800E-04  0.42245313E-03  0.44147320E-03
 0.61497300E+02  0.55676349E-04  0.13025935E-04  0.42109561E-03  0.43919979E-03
 0.61588004E+02  0.55019670E-04  0.12567377E-04  0.41966886E-03  0.43698902E-03
 0.61678708E+02  0.54252072E-04  0.12156591E-04  0.41831596E-03  0.43483739E-03
 0.61769412E+02  0.53626379E-04  0.11785961E-04  0.41689843E-03  0.43274137E-03
 0.61860117E+02  0.52891112E-04  0.11449356E-04  0.41555215E-03  0.43069737E-03
 0.61950821E+02  0.52708425E-04  0.11141819E-04  0.41393301E-03  0.42870218E-03
 0.62041525E+02  0.52003403E-04  0.10859302E-04  0.41260018E-03  0.42675277E-03
 0.62132229E+02  0.51435527E-04  0.10598472E-04  0.41121111E-03  0.42484633E-03
 0.62222933E+02  0.50881172E-04  0.10356570E-04  0.40982977E-03  0.42298031E-03
 0.62313638E+02  0.50221431E-04  0.10131288E-04  0.40851336E-03  0.42115236E-03
 0.62404342E+02  0.49694627E-04  0.99206866E-05  0.40714668E-03  0.41936035E-03
 0.62495046E+02  0.49063841E-04  0.97231264E-05  0.40584251E-03  0.41760233E-03
 0.62585750E+02  0.48563306E-04  0.95372106E-05  0.40449166E-03  0.41587657E-03
 0.62676454E+02  0.48359105E-04  0.93617361E-05  0.40302219E-03  0.41418134E-03
 0.62767158E+02  0.47880798E-04  0.91956740E-05  0.40169201E-03  0.41251520E-03
 0.62857863E+02  0.47301707E-04  0.90381299E-05  0.40041973E-03  0.41087678E-03
 0.62948567E+02  0.46846791E-04  0.88883251E-05  0.39910672E-03  0.40926482E-03
 0.63039271E+02  0.46292593E-04  0.87455790E-05  0.39784937E-03  0.40767816E-03
 0.63129975E+02  0.45859701E-04  0.86092911E-05  0.39655405E-03  0.40611572E-03
 0.63220679E+02  0.45329055E-04  0.84789335E-05  0.39531222E-03  0.40457650E-03
 0.63311383E+02  0.44916852E-04  0.83540385E-05  0.39403495E-03  0.40305959E-03
 0.63402088E+02  0.44408461E-04  0.82341905E-05  0.39280910E-03  0.40156416E-03
 0.63492792E+02  0.44393723E-04  0.81190128E-05  0.39140211E-03  0.40008934E-03
 0.63583496E+02  0.43903666E-04  0.80081745E-05  0.39019575E-03  0.39863440E-03
 0.63674200E+02  0.43526098E-04  0.79013757E-05  0.38895810E-03  0.39719867E-03
 0.63764904E+02  0.43055774E-04  0.77983465E-05  0.38776797E-03  0.39578148E-03
 0.63855608E+02  0.42695195E-04  0.76988415E-05  0.38654850E-03  0.39438222E-03
 0.63946313E+02  0.42243457E-04  0.76026390E-05  0.38537468E-03  0.39300030E-03
 0.64037017E+02  0.41898774E-04  0.75095371E-05  0.38417330E-03  0.39163519E-03
 0.64127721E+02  0.41464541E-04  0.74193523E-05  0.38301581E-03  0.39028638E-03
 0.64218425E+02  0.41134749E-04  0.73319173E-05  0.38183242E-03  0.38895341E-03
 0.64309129E+02  0.41073439E-04  0.72470742E-05  0.38056669E-03  0.38763575E-03
 0.64399833E+02  0.40754731E-04  0.71646835E-05  0.37940337E-03  0.38633300E-03
 0.64490538E+02  0.40349894E-04  0.70846146E-05  0.37828075E-03  0.38504474E-03
 0.64581242E+02  0.40044265E-04  0.70067476E-05  0.37713481E-03  0.38377060E-03
 0.64671946E+02  0.39654091E-04  0.69309708E-05  0.37602802E-03  0.38251019E-03
 0.64762650E+02  0.39360719E-04  0.68571813E-05  0.37489920E-03  0.38126316E-03
 0.64853354E+02  0.38984376E-04  0.67852838E-05  0.37380806E-03  0.38002918E-03
 0.64944058E+02  0.38702504E-04  0.67151897E-05  0.37269607E-03  0.37880791E-03
 0.65034762E+02  0.38339228E-04  0.66468175E-05  0.37162039E-03  0.37759909E-03
 0.65125467E+02  0.38403694E-04  0.65800869E-05  0.37041809E-03  0.37640234E-03
 0.65216171E+02  0.38050264E-04  0.65149279E-05  0.36935956E-03  0.37521743E-03
 0.65306875E+02  0.37786727E-04  0.64512730E-05  0.36828206E-03  0.37404408E-03
 0.65397579E+02  0.37445005E-04  0.63890593E-05  0.36723837E-03  0.37288203E-03
 0.65488283E+02  0.37109201E-04  0.63282277E-05  0.36620175E-03  0.37173104E-03
 0.65578988E+02  0.36860422E-04  0.62687224E-05  0.36514751E-03  0.37059086E-03
 0.65669692E+02  0.36535398E-04  0.62104915E-05  0.36412535E-03  0.36946126E-03
 0.65760396E+02  0.36295382E-04  0.61534869E-05  0.36308644E-03  0.36834206E-03
 0.65851100E+02  0.35980579E-04  0.60976603E-05  0.36207846E-03  0.36723299E-03
 0.65941804E+02  0.36065281E-04  0.60429683E-05  0.36096143E-03  0.36613385E-03
 0.66032508E+02  0.35757875E-04  0.59893700E-05  0.35996894E-03  0.36504446E-03
 0.66123212E+02  0.35531529E-04  0.59368263E-05  0.35896100E-03  0.36396462E-03
 0.66213917E+02  0.35233376E-04  0.58853004E-05  0.35798204E-03  0.36289416E-03
 0.66304621E+02  0.35014452E-04  0.58347570E-05  0.35698835E-03  0.36183290E-03
 0.66395325E+02  0.34725097E-04  0.57851629E-05  0.35602266E-03  0.36078065E-03
 0.66486029E+02  0.34513196E-04  0.57364865E-05  0.35504288E-03  0.35973726E-03
 0.66576733E+02  0.34232218E-04  0.56886989E-05  0.35409021E-03  0.35870260E-03
 0.66667438E+02  0.34026971E-04  0.56417698E-05  0.35312405E-03  0.35767645E-03
 0.66758142E+02  0.33753965E-04  0.55956722E-05  0.35218408E-03  0.35665869E-03
 0.66848846E+02  0.33851999E-04  0.55503807E-05  0.35115016E-03  0.35564917E-03
 0.66939550E+02  0.33584517E-04  0.55058705E-05  0.35022390E-03  0.35464774E-03
 0.67030254E+02  0.33320968E-04  0.54621181E-05  0.34930359E-03  0.35365428E-03
 0.67120958E+02  0.33129239E-04  0.54191009E-05  0.34837100E-03  0.35266865E-03
 0.67211663E+02  0.32872817E-04  0.53767974E-05  0.34746271E-03  0.35169072E-03
 0.67302367E+02  0.32686668E-04  0.53351870E-05  0.34654263E-03  0.35072037E-03
 0.67393071E+02  0.32437061E-04  0.52942511E-05  0.34564612E-03  0.34975749E-03
 0.67483775E+02  0.32256224E-04  0.52539691E-05  0.34473828E-03  0.34880192E-03
 0.67574479E+02  0.32013123E-04  0.52143232E-05  0.34385324E-03  0.34785357E-03
 0.67665183E+02  0.31837344E-04  0.51752965E-05  0.34295736E-03  0.34691231E-03
 0.67755888E+02  0.31880140E-04  0.51368723E-05  0.34201209E-03  0.34597806E-03
 0.67846592E+02  0.31707233E-04  0.50990346E-05  0.34112880E-03  0.34505069E-03
 0.67937296E+02  0.31474474E-04  0.50617681E-05  0.34026705E-03  0.34413010E-03
 0.68028000E+02  0.31306211E-04  0.50250580E-05  0.33939515E-03  0.34321620E-03
