#   iter=  100   gam= 0.18374662E-01   kpref= 0.51438059E-03
     #   Energy           Spect        Spect(0)            SPKK         SPKK(0)
-0.40817000E+02  0.26288630E-05  0.26288630E-05 -0.26165126E-03 -0.26165126E-03
-0.40726296E+02  0.26390468E-05  0.26390468E-05 -0.26212896E-03 -0.26212896E-03
-0.40635592E+02  0.26492926E-05  0.26492926E-05 -0.26260853E-03 -0.26260853E-03
-0.40544887E+02  0.26596008E-05  0.26596008E-05 -0.26308995E-03 -0.26308995E-03
-0.40454183E+02  0.26699719E-05  0.26699719E-05 -0.26357325E-03 -0.26357325E-03
-0.40363479E+02  0.26804066E-05  0.26804066E-05 -0.26405844E-03 -0.26405844E-03
-0.40272775E+02  0.26909053E-05  0.26909053E-05 -0.26454552E-03 -0.26454552E-03
-0.40182071E+02  0.27014685E-05  0.27014685E-05 -0.26503451E-03 -0.26503451E-03
-0.40091367E+02  0.27120968E-05  0.27120968E-05 -0.26552543E-03 -0.26552543E-03
-0.40000662E+02  0.27227909E-05  0.27227909E-05 -0.26601827E-03 -0.26601827E-03
-0.39909958E+02  0.27335511E-05  0.27335511E-05 -0.26651306E-03 -0.26651306E-03
-0.39819254E+02  0.27443781E-05  0.27443781E-05 -0.26700981E-03 -0.26700981E-03
-0.39728550E+02  0.27552725E-05  0.27552725E-05 -0.26750853E-03 -0.26750853E-03
-0.39637846E+02  0.27662348E-05  0.27662348E-05 -0.26800923E-03 -0.26800923E-03
-0.39547142E+02  0.27772650E-05  0.27772650E-05 -0.26851189E-03 -0.26851189E-03
-0.39456437E+02  0.27883649E-05  0.27883649E-05 -0.26901659E-03 -0.26901659E-03
-0.39365733E+02  0.27995345E-05  0.27995345E-05 -0.26952330E-03 -0.26952330E-03
-0.39275029E+02  0.28107745E-05  0.28107745E-05 -0.27003205E-03 -0.27003205E-03
-0.39184325E+02  0.28220853E-05  0.28220853E-05 -0.27054285E-03 -0.27054285E-03
-0.39093621E+02  0.28334678E-05  0.28334678E-05 -0.27105570E-03 -0.27105570E-03
-0.39002917E+02  0.28449224E-05  0.28449224E-05 -0.27157062E-03 -0.27157062E-03
-0.38912212E+02  0.28564498E-05  0.28564498E-05 -0.27208762E-03 -0.27208762E-03
-0.38821508E+02  0.28680506E-05  0.28680506E-05 -0.27260673E-03 -0.27260673E-03
-0.38730804E+02  0.28797255E-05  0.28797255E-05 -0.27312794E-03 -0.27312794E-03
-0.38640100E+02  0.28914751E-05  0.28914751E-05 -0.27365127E-03 -0.27365127E-03
-0.38549396E+02  0.29033001E-05  0.29033001E-05 -0.27417674E-03 -0.27417674E-03
-0.38458692E+02  0.29152012E-05  0.29152012E-05 -0.27470437E-03 -0.27470437E-03
-0.38367987E+02  0.29271790E-05  0.29271790E-05 -0.27523416E-03 -0.27523416E-03
-0.38277283E+02  0.29392342E-05  0.29392342E-05 -0.27576612E-03 -0.27576612E-03
-0.38186579E+02  0.29513675E-05  0.29513675E-05 -0.27630028E-03 -0.27630028E-03
-0.38095875E+02  0.29635796E-05  0.29635796E-05 -0.27683665E-03 -0.27683665E-03
-0.38005171E+02  0.29758713E-05  0.29758713E-05 -0.27737523E-03 -0.27737523E-03
-0.37914467E+02  0.29882423E-05  0.29882423E-05 -0.27791602E-03 -0.27791602E-03
-0.37823762E+02  0.30006951E-05  0.30006951E-05 -0.27845909E-03 -0.27845909E-03
-0.37733058E+02  0.30132294E-05  0.30132294E-05 -0.27900443E-03 -0.27900443E-03
-0.37642354E+02  0.30258463E-05  0.30258463E-05 -0.27955205E-03 -0.27955205E-03
-0.37551650E+02  0.30385463E-05  0.30385463E-05 -0.28010196E-03 -0.28010196E-03
-0.37460946E+02  0.30513302E-05  0.30513302E-05 -0.28065418E-03 -0.28065418E-03
-0.37370242E+02  0.30641989E-05  0.30641989E-05 -0.28120873E-03 -0.28120873E-03
-0.37279537E+02  0.30771529E-05  0.30771529E-05 -0.28176562E-03 -0.28176562E-03
-0.37188833E+02  0.30901932E-05  0.30901932E-05 -0.28232487E-03 -0.28232487E-03
-0.37098129E+02  0.31033206E-05  0.31033206E-05 -0.28288649E-03 -0.28288649E-03
-0.37007425E+02  0.31165357E-05  0.31165357E-05 -0.28345049E-03 -0.28345049E-03
-0.36916721E+02  0.31298395E-05  0.31298395E-05 -0.28401690E-03 -0.28401690E-03
-0.36826017E+02  0.31432328E-05  0.31432328E-05 -0.28458573E-03 -0.28458573E-03
-0.36735312E+02  0.31567159E-05  0.31567159E-05 -0.28515698E-03 -0.28515698E-03
-0.36644608E+02  0.31702906E-05  0.31702906E-05 -0.28573070E-03 -0.28573070E-03
-0.36553904E+02  0.31839572E-05  0.31839572E-05 -0.28630688E-03 -0.28630688E-03
-0.36463200E+02  0.31977168E-05  0.31977168E-05 -0.28688556E-03 -0.28688556E-03
-0.36372496E+02  0.32115700E-05  0.32115700E-05 -0.28746673E-03 -0.28746673E-03
-0.36281792E+02  0.32255178E-05  0.32255178E-05 -0.28805043E-03 -0.28805043E-03
-0.36191087E+02  0.32395611E-05  0.32395611E-05 -0.28863667E-03 -0.28863667E-03
-0.36100383E+02  0.32537006E-05  0.32537006E-05 -0.28922545E-03 -0.28922545E-03
-0.36009679E+02  0.32679376E-05  0.32679376E-05 -0.28981681E-03 -0.28981681E-03
-0.35918975E+02  0.32822724E-05  0.32822724E-05 -0.29041074E-03 -0.29041074E-03
-0.35828271E+02  0.32967067E-05  0.32967067E-05 -0.29100730E-03 -0.29100730E-03
-0.35737567E+02  0.33112412E-05  0.33112412E-05 -0.29160649E-03 -0.29160649E-03
-0.35646862E+02  0.33258767E-05  0.33258767E-05 -0.29220831E-03 -0.29220831E-03
-0.35556158E+02  0.33406143E-05  0.33406143E-05 -0.29281281E-03 -0.29281281E-03
-0.35465454E+02  0.33554549E-05  0.33554549E-05 -0.29341998E-03 -0.29341998E-03
-0.35374750E+02  0.33703995E-05  0.33703995E-05 -0.29402985E-03 -0.29402985E-03
-0.35284046E+02  0.33854491E-05  0.33854491E-05 -0.29464244E-03 -0.29464244E-03
-0.35193342E+02  0.34006047E-05  0.34006047E-05 -0.29525777E-03 -0.29525777E-03
-0.35102638E+02  0.34158670E-05  0.34158670E-05 -0.29587583E-03 -0.29587583E-03
-0.35011933E+02  0.34312378E-05  0.34312378E-05 -0.29649670E-03 -0.29649670E-03
-0.34921229E+02  0.34467178E-05  0.34467178E-05 -0.29712035E-03 -0.29712035E-03
-0.34830525E+02  0.34623081E-05  0.34623081E-05 -0.29774683E-03 -0.29774683E-03
-0.34739821E+02  0.34780096E-05  0.34780096E-05 -0.29837614E-03 -0.29837614E-03
-0.34649117E+02  0.34938236E-05  0.34938236E-05 -0.29900831E-03 -0.29900831E-03
-0.34558413E+02  0.35097512E-05  0.35097512E-05 -0.29964335E-03 -0.29964335E-03
-0.34467708E+02  0.35257932E-05  0.35257932E-05 -0.30028129E-03 -0.30028129E-03
-0.34377004E+02  0.35419512E-05  0.35419512E-05 -0.30092215E-03 -0.30092215E-03
-0.34286300E+02  0.35582257E-05  0.35582257E-05 -0.30156593E-03 -0.30156593E-03
-0.34195596E+02  0.35746187E-05  0.35746187E-05 -0.30221269E-03 -0.30221269E-03
-0.34104892E+02  0.35911311E-05  0.35911311E-05 -0.30286244E-03 -0.30286244E-03
-0.34014187E+02  0.36077640E-05  0.36077640E-05 -0.30351518E-03 -0.30351518E-03
-0.33923483E+02  0.36245187E-05  0.36245187E-05 -0.30417096E-03 -0.30417096E-03
-0.33832779E+02  0.36413962E-05  0.36413962E-05 -0.30482978E-03 -0.30482978E-03
-0.33742075E+02  0.36583980E-05  0.36583980E-05 -0.30549167E-03 -0.30549167E-03
-0.33651371E+02  0.36755253E-05  0.36755253E-05 -0.30615666E-03 -0.30615666E-03
-0.33560667E+02  0.36927793E-05  0.36927793E-05 -0.30682476E-03 -0.30682476E-03
-0.33469962E+02  0.37101608E-05  0.37101608E-05 -0.30749598E-03 -0.30749598E-03
-0.33379258E+02  0.37276722E-05  0.37276722E-05 -0.30817039E-03 -0.30817039E-03
-0.33288554E+02  0.37453143E-05  0.37453143E-05 -0.30884798E-03 -0.30884798E-03
-0.33197850E+02  0.37630884E-05  0.37630884E-05 -0.30952878E-03 -0.30952878E-03
-0.33107146E+02  0.37809959E-05  0.37809959E-05 -0.31021281E-03 -0.31021281E-03
-0.33016442E+02  0.37990382E-05  0.37990382E-05 -0.31090010E-03 -0.31090010E-03
-0.32925737E+02  0.38172166E-05  0.38172166E-05 -0.31159068E-03 -0.31159068E-03
-0.32835033E+02  0.38355325E-05  0.38355325E-05 -0.31228456E-03 -0.31228456E-03
-0.32744329E+02  0.38539877E-05  0.38539877E-05 -0.31298177E-03 -0.31298177E-03
-0.32653625E+02  0.38725827E-05  0.38725827E-05 -0.31368232E-03 -0.31368232E-03
-0.32562921E+02  0.38913204E-05  0.38913204E-05 -0.31438628E-03 -0.31438628E-03
-0.32472217E+02  0.39102014E-05  0.39102014E-05 -0.31509365E-03 -0.31509365E-03
-0.32381512E+02  0.39292275E-05  0.39292275E-05 -0.31580445E-03 -0.31580445E-03
-0.32290808E+02  0.39484002E-05  0.39484002E-05 -0.31651871E-03 -0.31651871E-03
-0.32200104E+02  0.39677209E-05  0.39677209E-05 -0.31723646E-03 -0.31723646E-03
-0.32109400E+02  0.39871913E-05  0.39871913E-05 -0.31795773E-03 -0.31795773E-03
-0.32018696E+02  0.40068130E-05  0.40068130E-05 -0.31868254E-03 -0.31868254E-03
-0.31927992E+02  0.40265877E-05  0.40265877E-05 -0.31941092E-03 -0.31941092E-03
-0.31837287E+02  0.40465162E-05  0.40465162E-05 -0.32014288E-03 -0.32014288E-03
-0.31746583E+02  0.40666016E-05  0.40666016E-05 -0.32087848E-03 -0.32087848E-03
-0.31655879E+02  0.40868449E-05  0.40868449E-05 -0.32161774E-03 -0.32161774E-03
-0.31565175E+02  0.41072479E-05  0.41072479E-05 -0.32236069E-03 -0.32236069E-03
-0.31474471E+02  0.41278123E-05  0.41278123E-05 -0.32310734E-03 -0.32310734E-03
-0.31383767E+02  0.41485398E-05  0.41485398E-05 -0.32385774E-03 -0.32385774E-03
-0.31293062E+02  0.41694320E-05  0.41694320E-05 -0.32461191E-03 -0.32461191E-03
-0.31202358E+02  0.41904911E-05  0.41904911E-05 -0.32536988E-03 -0.32536988E-03
-0.31111654E+02  0.42117189E-05  0.42117189E-05 -0.32613169E-03 -0.32613169E-03
-0.31020950E+02  0.42331165E-05  0.42331165E-05 -0.32689733E-03 -0.32689733E-03
-0.30930246E+02  0.42546871E-05  0.42546871E-05 -0.32766689E-03 -0.32766689E-03
-0.30839542E+02  0.42764319E-05  0.42764319E-05 -0.32844038E-03 -0.32844038E-03
-0.30748837E+02  0.42983530E-05  0.42983530E-05 -0.32921782E-03 -0.32921782E-03
-0.30658133E+02  0.43204523E-05  0.43204523E-05 -0.32999925E-03 -0.32999925E-03
-0.30567429E+02  0.43427318E-05  0.43427318E-05 -0.33078471E-03 -0.33078471E-03
-0.30476725E+02  0.43651935E-05  0.43651935E-05 -0.33157421E-03 -0.33157421E-03
-0.30386021E+02  0.43878395E-05  0.43878395E-05 -0.33236781E-03 -0.33236781E-03
-0.30295317E+02  0.44106712E-05  0.44106712E-05 -0.33316550E-03 -0.33316550E-03
-0.30204612E+02  0.44336921E-05  0.44336921E-05 -0.33396737E-03 -0.33396737E-03
-0.30113908E+02  0.44569036E-05  0.44569036E-05 -0.33477344E-03 -0.33477344E-03
-0.30023204E+02  0.44803081E-05  0.44803081E-05 -0.33558372E-03 -0.33558372E-03
-0.29932500E+02  0.45039075E-05  0.45039075E-05 -0.33639827E-03 -0.33639827E-03
-0.29841796E+02  0.45277043E-05  0.45277043E-05 -0.33721711E-03 -0.33721711E-03
-0.29751092E+02  0.45517007E-05  0.45517007E-05 -0.33804028E-03 -0.33804028E-03
-0.29660387E+02  0.45758988E-05  0.45758988E-05 -0.33886781E-03 -0.33886781E-03
-0.29569683E+02  0.46003014E-05  0.46003014E-05 -0.33969975E-03 -0.33969975E-03
-0.29478979E+02  0.46249099E-05  0.46249099E-05 -0.34053611E-03 -0.34053611E-03
-0.29388275E+02  0.46497282E-05  0.46497282E-05 -0.34137697E-03 -0.34137697E-03
-0.29297571E+02  0.46747580E-05  0.46747580E-05 -0.34222235E-03 -0.34222235E-03
-0.29206867E+02  0.47000019E-05  0.47000019E-05 -0.34307229E-03 -0.34307229E-03
-0.29116162E+02  0.47254623E-05  0.47254623E-05 -0.34392681E-03 -0.34392681E-03
-0.29025458E+02  0.47511419E-05  0.47511419E-05 -0.34478598E-03 -0.34478598E-03
-0.28934754E+02  0.47770432E-05  0.47770432E-05 -0.34564981E-03 -0.34564981E-03
-0.28844050E+02  0.48031690E-05  0.48031690E-05 -0.34651836E-03 -0.34651836E-03
-0.28753346E+02  0.48295218E-05  0.48295218E-05 -0.34739167E-03 -0.34739167E-03
-0.28662642E+02  0.48561036E-05  0.48561036E-05 -0.34826974E-03 -0.34826974E-03
-0.28571937E+02  0.48829188E-05  0.48829188E-05 -0.34915268E-03 -0.34915268E-03
-0.28481233E+02  0.49099694E-05  0.49099694E-05 -0.35004050E-03 -0.35004050E-03
-0.28390529E+02  0.49372582E-05  0.49372582E-05 -0.35093324E-03 -0.35093324E-03
-0.28299825E+02  0.49647883E-05  0.49647883E-05 -0.35183095E-03 -0.35183095E-03
-0.28209121E+02  0.49925625E-05  0.49925625E-05 -0.35273368E-03 -0.35273368E-03
-0.28118417E+02  0.50205839E-05  0.50205839E-05 -0.35364145E-03 -0.35364145E-03
-0.28027712E+02  0.50488554E-05  0.50488554E-05 -0.35455433E-03 -0.35455433E-03
-0.27937008E+02  0.50773802E-05  0.50773802E-05 -0.35547235E-03 -0.35547235E-03
-0.27846304E+02  0.51061606E-05  0.51061606E-05 -0.35639554E-03 -0.35639554E-03
-0.27755600E+02  0.51352014E-05  0.51352014E-05 -0.35732399E-03 -0.35732399E-03
-0.27664896E+02  0.51645050E-05  0.51645050E-05 -0.35825773E-03 -0.35825773E-03
-0.27574192E+02  0.51940747E-05  0.51940747E-05 -0.35919680E-03 -0.35919680E-03
-0.27483487E+02  0.52239140E-05  0.52239140E-05 -0.36014126E-03 -0.36014126E-03
-0.27392783E+02  0.52540261E-05  0.52540261E-05 -0.36109115E-03 -0.36109115E-03
-0.27302079E+02  0.52844147E-05  0.52844147E-05 -0.36204652E-03 -0.36204652E-03
-0.27211375E+02  0.53150830E-05  0.53150830E-05 -0.36300742E-03 -0.36300742E-03
-0.27120671E+02  0.53460349E-05  0.53460349E-05 -0.36397390E-03 -0.36397390E-03
-0.27029967E+02  0.53772728E-05  0.53772728E-05 -0.36494599E-03 -0.36494599E-03
-0.26939262E+02  0.54088024E-05  0.54088024E-05 -0.36592379E-03 -0.36592379E-03
-0.26848558E+02  0.54406263E-05  0.54406263E-05 -0.36690733E-03 -0.36690733E-03
-0.26757854E+02  0.54727487E-05  0.54727487E-05 -0.36789666E-03 -0.36789666E-03
-0.26667150E+02  0.55051733E-05  0.55051733E-05 -0.36889185E-03 -0.36889185E-03
-0.26576446E+02  0.55379040E-05  0.55379040E-05 -0.36989293E-03 -0.36989293E-03
-0.26485742E+02  0.55709449E-05  0.55709449E-05 -0.37089998E-03 -0.37089998E-03
-0.26395037E+02  0.56042999E-05  0.56042999E-05 -0.37191304E-03 -0.37191304E-03
-0.26304333E+02  0.56379732E-05  0.56379732E-05 -0.37293217E-03 -0.37293217E-03
-0.26213629E+02  0.56719682E-05  0.56719682E-05 -0.37395740E-03 -0.37395740E-03
-0.26122925E+02  0.57062909E-05  0.57062909E-05 -0.37498885E-03 -0.37498885E-03
-0.26032221E+02  0.57409446E-05  0.57409446E-05 -0.37602654E-03 -0.37602654E-03
-0.25941517E+02  0.57759341E-05  0.57759341E-05 -0.37707055E-03 -0.37707055E-03
-0.25850812E+02  0.58112637E-05  0.58112637E-05 -0.37812093E-03 -0.37812093E-03
-0.25760108E+02  0.58469380E-05  0.58469380E-05 -0.37917773E-03 -0.37917773E-03
-0.25669404E+02  0.58829616E-05  0.58829616E-05 -0.38024104E-03 -0.38024104E-03
-0.25578700E+02  0.59193394E-05  0.59193394E-05 -0.38131090E-03 -0.38131090E-03
-0.25487996E+02  0.59560760E-05  0.59560760E-05 -0.38238738E-03 -0.38238738E-03
-0.25397292E+02  0.59931754E-05  0.59931754E-05 -0.38347052E-03 -0.38347052E-03
-0.25306587E+02  0.60306447E-05  0.60306447E-05 -0.38456045E-03 -0.38456045E-03
-0.25215883E+02  0.60684876E-05  0.60684876E-05 -0.38565719E-03 -0.38565719E-03
-0.25125179E+02  0.61067099E-05  0.61067099E-05 -0.38676083E-03 -0.38676083E-03
-0.25034475E+02  0.61453165E-05  0.61453165E-05 -0.38787143E-03 -0.38787143E-03
-0.24943771E+02  0.61843127E-05  0.61843127E-05 -0.38898905E-03 -0.38898905E-03
-0.24853067E+02  0.62237042E-05  0.62237042E-05 -0.39011378E-03 -0.39011378E-03
-0.24762362E+02  0.62634963E-05  0.62634963E-05 -0.39124568E-03 -0.39124568E-03
-0.24671658E+02  0.63036948E-05  0.63036948E-05 -0.39238482E-03 -0.39238482E-03
-0.24580954E+02  0.63443042E-05  0.63443042E-05 -0.39353125E-03 -0.39353125E-03
-0.24490250E+02  0.63853327E-05  0.63853327E-05 -0.39468510E-03 -0.39468510E-03
-0.24399546E+02  0.64267848E-05  0.64267848E-05 -0.39584642E-03 -0.39584642E-03
-0.24308842E+02  0.64686672E-05  0.64686672E-05 -0.39701530E-03 -0.39701530E-03
-0.24218137E+02  0.65109858E-05  0.65109858E-05 -0.39819179E-03 -0.39819179E-03
-0.24127433E+02  0.65537469E-05  0.65537469E-05 -0.39937600E-03 -0.39937600E-03
-0.24036729E+02  0.65969568E-05  0.65969568E-05 -0.40056799E-03 -0.40056799E-03
-0.23946025E+02  0.66406222E-05  0.66406222E-05 -0.40176785E-03 -0.40176785E-03
-0.23855321E+02  0.66847496E-05  0.66847496E-05 -0.40297566E-03 -0.40297566E-03
-0.23764617E+02  0.67293447E-05  0.67293447E-05 -0.40419146E-03 -0.40419146E-03
-0.23673912E+02  0.67744167E-05  0.67744167E-05 -0.40541543E-03 -0.40541543E-03
-0.23583208E+02  0.68199712E-05  0.68199712E-05 -0.40664759E-03 -0.40664759E-03
-0.23492504E+02  0.68660160E-05  0.68660160E-05 -0.40788806E-03 -0.40788806E-03
-0.23401800E+02  0.69125581E-05  0.69125581E-05 -0.40913691E-03 -0.40913691E-03
-0.23311096E+02  0.69596049E-05  0.69596049E-05 -0.41039423E-03 -0.41039423E-03
-0.23220392E+02  0.70071641E-05  0.70071641E-05 -0.41166013E-03 -0.41166013E-03
-0.23129687E+02  0.70552433E-05  0.70552433E-05 -0.41293468E-03 -0.41293468E-03
-0.23038983E+02  0.71038505E-05  0.71038505E-05 -0.41421799E-03 -0.41421799E-03
-0.22948279E+02  0.71529922E-05  0.71529922E-05 -0.41551011E-03 -0.41551011E-03
-0.22857575E+02  0.72026796E-05  0.72026796E-05 -0.41681121E-03 -0.41681121E-03
-0.22766871E+02  0.72529191E-05  0.72529191E-05 -0.41812136E-03 -0.41812136E-03
-0.22676167E+02  0.73037200E-05  0.73037200E-05 -0.41944067E-03 -0.41944067E-03
-0.22585462E+02  0.73550907E-05  0.73550907E-05 -0.42076923E-03 -0.42076923E-03
-0.22494758E+02  0.74070399E-05  0.74070399E-05 -0.42210714E-03 -0.42210714E-03
-0.22404054E+02  0.74595769E-05  0.74595769E-05 -0.42345451E-03 -0.42345451E-03
-0.22313350E+02  0.75127107E-05  0.75127107E-05 -0.42481145E-03 -0.42481145E-03
-0.22222646E+02  0.75664509E-05  0.75664509E-05 -0.42617806E-03 -0.42617806E-03
-0.22131942E+02  0.76208054E-05  0.76208054E-05 -0.42755442E-03 -0.42755442E-03
-0.22041237E+02  0.76757870E-05  0.76757870E-05 -0.42894072E-03 -0.42894072E-03
-0.21950533E+02  0.77314040E-05  0.77314040E-05 -0.43033703E-03 -0.43033703E-03
-0.21859829E+02  0.77876672E-05  0.77876672E-05 -0.43174348E-03 -0.43174348E-03
-0.21769125E+02  0.78445867E-05  0.78445867E-05 -0.43316017E-03 -0.43316017E-03
-0.21678421E+02  0.79021730E-05  0.79021730E-05 -0.43458722E-03 -0.43458722E-03
-0.21587717E+02  0.79604371E-05  0.79604371E-05 -0.43602476E-03 -0.43602476E-03
-0.21497012E+02  0.80193901E-05  0.80193901E-05 -0.43747292E-03 -0.43747292E-03
-0.21406308E+02  0.80790431E-05  0.80790431E-05 -0.43893181E-03 -0.43893181E-03
-0.21315604E+02  0.81394061E-05  0.81394061E-05 -0.44040152E-03 -0.44040152E-03
-0.21224900E+02  0.82004941E-05  0.82004941E-05 -0.44188228E-03 -0.44188228E-03
-0.21134196E+02  0.82623172E-05  0.82623172E-05 -0.44337414E-03 -0.44337414E-03
-0.21043492E+02  0.83248884E-05  0.83248884E-05 -0.44487728E-03 -0.44487728E-03
-0.20952787E+02  0.83882199E-05  0.83882199E-05 -0.44639182E-03 -0.44639182E-03
-0.20862083E+02  0.84523245E-05  0.84523245E-05 -0.44791788E-03 -0.44791788E-03
-0.20771379E+02  0.85172153E-05  0.85172153E-05 -0.44945563E-03 -0.44945563E-03
-0.20680675E+02  0.85829057E-05  0.85829057E-05 -0.45100519E-03 -0.45100519E-03
-0.20589971E+02  0.86494075E-05  0.86494075E-05 -0.45256667E-03 -0.45256667E-03
-0.20499267E+02  0.87167383E-05  0.87167383E-05 -0.45414031E-03 -0.45414031E-03
-0.20408562E+02  0.87849107E-05  0.87849107E-05 -0.45572622E-03 -0.45572622E-03
-0.20317858E+02  0.88539386E-05  0.88539386E-05 -0.45732453E-03 -0.45732453E-03
-0.20227154E+02  0.89238381E-05  0.89238381E-05 -0.45893543E-03 -0.45893543E-03
-0.20136450E+02  0.89946239E-05  0.89946239E-05 -0.46055906E-03 -0.46055906E-03
-0.20045746E+02  0.90663115E-05  0.90663115E-05 -0.46219558E-03 -0.46219558E-03
-0.19955042E+02  0.91389170E-05  0.91389170E-05 -0.46384516E-03 -0.46384516E-03
-0.19864337E+02  0.92124566E-05  0.92124566E-05 -0.46550796E-03 -0.46550796E-03
-0.19773633E+02  0.92869450E-05  0.92869450E-05 -0.46718411E-03 -0.46718411E-03
-0.19682929E+02  0.93624033E-05  0.93624033E-05 -0.46887388E-03 -0.46887388E-03
-0.19592225E+02  0.94388470E-05  0.94388470E-05 -0.47057740E-03 -0.47057740E-03
-0.19501521E+02  0.95162932E-05  0.95162932E-05 -0.47229483E-03 -0.47229483E-03
-0.19410817E+02  0.95947616E-05  0.95947616E-05 -0.47402638E-03 -0.47402638E-03
-0.19320112E+02  0.96742701E-05  0.96742701E-05 -0.47577222E-03 -0.47577222E-03
-0.19229408E+02  0.97548379E-05  0.97548379E-05 -0.47753255E-03 -0.47753255E-03
-0.19138704E+02  0.98364847E-05  0.98364847E-05 -0.47930755E-03 -0.47930755E-03
-0.19048000E+02  0.99192305E-05  0.99192305E-05 -0.48109743E-03 -0.48109743E-03
-0.18957296E+02  0.10003094E-04  0.10003094E-04 -0.48290232E-03 -0.48290232E-03
-0.18866592E+02  0.10088099E-04  0.10088099E-04 -0.48472255E-03 -0.48472255E-03
-0.18775887E+02  0.10174267E-04  0.10174267E-04 -0.48655826E-03 -0.48655826E-03
-0.18685183E+02  0.10261619E-04  0.10261619E-04 -0.48840966E-03 -0.48840966E-03
-0.18594479E+02  0.10350178E-04  0.10350178E-04 -0.49027699E-03 -0.49027699E-03
-0.18503775E+02  0.10439966E-04  0.10439966E-04 -0.49216045E-03 -0.49216045E-03
-0.18413071E+02  0.10531009E-04  0.10531009E-04 -0.49406026E-03 -0.49406026E-03
-0.18322367E+02  0.10623329E-04  0.10623329E-04 -0.49597666E-03 -0.49597666E-03
-0.18231662E+02  0.10716952E-04  0.10716952E-04 -0.49790988E-03 -0.49790988E-03
-0.18140958E+02  0.10811901E-04  0.10811901E-04 -0.49986010E-03 -0.49986010E-03
-0.18050254E+02  0.10908207E-04  0.10908207E-04 -0.50182768E-03 -0.50182768E-03
-0.17959550E+02  0.11005894E-04  0.11005894E-04 -0.50381280E-03 -0.50381280E-03
-0.17868846E+02  0.11104989E-04  0.11104989E-04 -0.50581571E-03 -0.50581571E-03
-0.17778142E+02  0.11205523E-04  0.11205523E-04 -0.50783668E-03 -0.50783668E-03
-0.17687437E+02  0.11307522E-04  0.11307522E-04 -0.50987597E-03 -0.50987597E-03
-0.17596733E+02  0.11411017E-04  0.11411017E-04 -0.51193384E-03 -0.51193384E-03
-0.17506029E+02  0.11516038E-04  0.11516038E-04 -0.51401057E-03 -0.51401057E-03
-0.17415325E+02  0.11622617E-04  0.11622617E-04 -0.51610643E-03 -0.51610643E-03
-0.17324621E+02  0.11730783E-04  0.11730783E-04 -0.51822165E-03 -0.51822165E-03
-0.17233917E+02  0.11840574E-04  0.11840574E-04 -0.52035664E-03 -0.52035664E-03
-0.17143212E+02  0.11952020E-04  0.11952020E-04 -0.52251162E-03 -0.52251162E-03
-0.17052508E+02  0.12065158E-04  0.12065158E-04 -0.52468692E-03 -0.52468692E-03
-0.16961804E+02  0.12180022E-04  0.12180022E-04 -0.52688283E-03 -0.52688283E-03
-0.16871100E+02  0.12296650E-04  0.12296650E-04 -0.52909967E-03 -0.52909967E-03
-0.16780396E+02  0.12415079E-04  0.12415079E-04 -0.53133776E-03 -0.53133776E-03
-0.16689692E+02  0.12535347E-04  0.12535347E-04 -0.53359743E-03 -0.53359743E-03
-0.16598987E+02  0.12657495E-04  0.12657495E-04 -0.53587901E-03 -0.53587901E-03
-0.16508283E+02  0.12781559E-04  0.12781559E-04 -0.53818278E-03 -0.53818278E-03
-0.16417579E+02  0.12907589E-04  0.12907589E-04 -0.54050922E-03 -0.54050922E-03
-0.16326875E+02  0.13035622E-04  0.13035622E-04 -0.54285862E-03 -0.54285862E-03
-0.16236171E+02  0.13165705E-04  0.13165705E-04 -0.54523135E-03 -0.54523135E-03
-0.16145467E+02  0.13297884E-04  0.13297884E-04 -0.54762779E-03 -0.54762779E-03
-0.16054762E+02  0.13432204E-04  0.13432204E-04 -0.55004831E-03 -0.55004831E-03
-0.15964058E+02  0.13568715E-04  0.13568715E-04 -0.55249331E-03 -0.55249331E-03
-0.15873354E+02  0.13707465E-04  0.13707465E-04 -0.55496318E-03 -0.55496318E-03
-0.15782650E+02  0.13848505E-04  0.13848505E-04 -0.55745834E-03 -0.55745834E-03
-0.15691946E+02  0.13991886E-04  0.13991886E-04 -0.55997912E-03 -0.55997912E-03
-0.15601242E+02  0.14137667E-04  0.14137667E-04 -0.56252610E-03 -0.56252610E-03
-0.15510537E+02  0.14285900E-04  0.14285900E-04 -0.56509962E-03 -0.56509962E-03
-0.15419833E+02  0.14436645E-04  0.14436645E-04 -0.56770018E-03 -0.56770018E-03
-0.15329129E+02  0.14589960E-04  0.14589960E-04 -0.57032820E-03 -0.57032820E-03
-0.15238425E+02  0.14745904E-04  0.14745904E-04 -0.57298415E-03 -0.57298415E-03
-0.15147721E+02  0.14904542E-04  0.14904542E-04 -0.57566853E-03 -0.57566853E-03
-0.15057017E+02  0.15065938E-04  0.15065938E-04 -0.57838181E-03 -0.57838181E-03
-0.14966312E+02  0.15230159E-04  0.15230159E-04 -0.58112450E-03 -0.58112450E-03
-0.14875608E+02  0.15397268E-04  0.15397268E-04 -0.58389703E-03 -0.58389703E-03
-0.14784904E+02  0.15567346E-04  0.15567346E-04 -0.58670010E-03 -0.58670010E-03
-0.14694200E+02  0.15740459E-04  0.15740459E-04 -0.58953413E-03 -0.58953413E-03
-0.14603496E+02  0.15916686E-04  0.15916686E-04 -0.59239973E-03 -0.59239973E-03
-0.14512792E+02  0.16096104E-04  0.16096104E-04 -0.59529745E-03 -0.59529745E-03
-0.14422087E+02  0.16278792E-04  0.16278792E-04 -0.59822785E-03 -0.59822785E-03
-0.14331383E+02  0.16464834E-04  0.16464834E-04 -0.60119154E-03 -0.60119154E-03
-0.14240679E+02  0.16654316E-04  0.16654316E-04 -0.60418914E-03 -0.60418914E-03
-0.14149975E+02  0.16847325E-04  0.16847325E-04 -0.60722126E-03 -0.60722126E-03
-0.14059271E+02  0.17043948E-04  0.17043948E-04 -0.61028846E-03 -0.61028846E-03
-0.13968567E+02  0.17244289E-04  0.17244289E-04 -0.61339158E-03 -0.61339158E-03
-0.13877862E+02  0.17448439E-04  0.17448439E-04 -0.61653118E-03 -0.61653118E-03
-0.13787158E+02  0.17656503E-04  0.17656503E-04 -0.61970800E-03 -0.61970800E-03
-0.13696454E+02  0.17868583E-04  0.17868583E-04 -0.62292273E-03 -0.62292273E-03
-0.13605750E+02  0.18084787E-04  0.18084787E-04 -0.62617611E-03 -0.62617611E-03
-0.13515046E+02  0.18305226E-04  0.18305226E-04 -0.62946888E-03 -0.62946888E-03
-0.13424342E+02  0.18530017E-04  0.18530017E-04 -0.63280182E-03 -0.63280182E-03
-0.13333637E+02  0.18759277E-04  0.18759277E-04 -0.63617572E-03 -0.63617572E-03
-0.13242933E+02  0.18993127E-04  0.18993127E-04 -0.63959129E-03 -0.63959129E-03
-0.13152229E+02  0.19231704E-04  0.19231704E-04 -0.64304957E-03 -0.64304957E-03
-0.13061525E+02  0.19475133E-04  0.19475133E-04 -0.64655129E-03 -0.64655129E-03
-0.12970821E+02  0.19723557E-04  0.19723557E-04 -0.65009739E-03 -0.65009739E-03
-0.12880117E+02  0.19977117E-04  0.19977117E-04 -0.65368875E-03 -0.65368875E-03
-0.12789412E+02  0.20235958E-04  0.20235958E-04 -0.65732631E-03 -0.65732631E-03
-0.12698708E+02  0.20500236E-04  0.20500236E-04 -0.66101103E-03 -0.66101103E-03
-0.12608004E+02  0.20770109E-04  0.20770109E-04 -0.66474390E-03 -0.66474390E-03
-0.12517300E+02  0.21045742E-04  0.21045742E-04 -0.66852593E-03 -0.66852593E-03
-0.12426596E+02  0.21327299E-04  0.21327299E-04 -0.67235808E-03 -0.67235808E-03
-0.12335892E+02  0.21614971E-04  0.21614971E-04 -0.67624163E-03 -0.67624163E-03
-0.12245187E+02  0.21908934E-04  0.21908934E-04 -0.68017755E-03 -0.68017755E-03
-0.12154483E+02  0.22209384E-04  0.22209384E-04 -0.68416706E-03 -0.68416706E-03
-0.12063779E+02  0.22516519E-04  0.22516519E-04 -0.68821130E-03 -0.68821130E-03
-0.11973075E+02  0.22830545E-04  0.22830545E-04 -0.69231148E-03 -0.69231148E-03
-0.11882371E+02  0.23151678E-04  0.23151678E-04 -0.69646887E-03 -0.69646887E-03
-0.11791667E+02  0.23480143E-04  0.23480143E-04 -0.70068476E-03 -0.70068476E-03
-0.11700962E+02  0.23816172E-04  0.23816172E-04 -0.70496048E-03 -0.70496048E-03
-0.11610258E+02  0.24160000E-04  0.24160000E-04 -0.70929729E-03 -0.70929729E-03
-0.11519554E+02  0.24511895E-04  0.24511895E-04 -0.71369684E-03 -0.71369684E-03
-0.11428850E+02  0.24872111E-04  0.24872111E-04 -0.71816044E-03 -0.71816044E-03
-0.11338146E+02  0.25240928E-04  0.25240928E-04 -0.72268969E-03 -0.72268969E-03
-0.11247442E+02  0.25618628E-04  0.25618628E-04 -0.72728610E-03 -0.72728610E-03
-0.11156737E+02  0.26005511E-04  0.26005511E-04 -0.73195129E-03 -0.73195129E-03
-0.11066033E+02  0.26401887E-04  0.26401887E-04 -0.73668694E-03 -0.73668694E-03
-0.10975329E+02  0.26808083E-04  0.26808083E-04 -0.74149477E-03 -0.74149477E-03
-0.10884625E+02  0.27224436E-04  0.27224436E-04 -0.74637657E-03 -0.74637657E-03
-0.10793921E+02  0.27651293E-04  0.27651293E-04 -0.75133404E-03 -0.75133404E-03
-0.10703217E+02  0.28089041E-04  0.28089041E-04 -0.75636936E-03 -0.75636936E-03
-0.10612512E+02  0.28538055E-04  0.28538055E-04 -0.76148434E-03 -0.76148434E-03
-0.10521808E+02  0.28998749E-04  0.28998749E-04 -0.76668110E-03 -0.76668110E-03
-0.10431104E+02  0.29471543E-04  0.29471543E-04 -0.77196172E-03 -0.77196172E-03
-0.10340400E+02  0.29956877E-04  0.29956877E-04 -0.77732840E-03 -0.77732840E-03
-0.10249696E+02  0.30455221E-04  0.30455221E-04 -0.78278342E-03 -0.78278342E-03
-0.10158992E+02  0.30967058E-04  0.30967058E-04 -0.78832914E-03 -0.78832914E-03
-0.10068287E+02  0.31492890E-04  0.31492890E-04 -0.79396787E-03 -0.79396787E-03
-0.99775833E+01  0.32033279E-04  0.32033279E-04 -0.79970250E-03 -0.79970250E-03
-0.98868792E+01  0.32588766E-04  0.32588766E-04 -0.80553539E-03 -0.80553539E-03
-0.97961750E+01  0.33159933E-04  0.33159933E-04 -0.81146921E-03 -0.81146921E-03
-0.97054708E+01  0.33747425E-04  0.33747425E-04 -0.81750708E-03 -0.81750708E-03
-0.96147667E+01  0.34351881E-04  0.34351881E-04 -0.82365181E-03 -0.82365181E-03
-0.95240625E+01  0.34973985E-04  0.34973985E-04 -0.82990648E-03 -0.82990648E-03
-0.94333583E+01  0.35614456E-04  0.35614456E-04 -0.83627421E-03 -0.83627421E-03
-0.93426542E+01  0.36274063E-04  0.36274063E-04 -0.84275850E-03 -0.84275850E-03
-0.92519500E+01  0.36953601E-04  0.36953601E-04 -0.84936272E-03 -0.84936272E-03
-0.91612458E+01  0.37653913E-04  0.37653913E-04 -0.85609049E-03 -0.85609049E-03
-0.90705417E+01  0.38375889E-04  0.38375889E-04 -0.86294555E-03 -0.86294555E-03
-0.89798375E+01  0.39120451E-04  0.39120451E-04 -0.86993169E-03 -0.86993169E-03
-0.88891333E+01  0.39888624E-04  0.39888624E-04 -0.87705329E-03 -0.87705329E-03
-0.87984292E+01  0.40681440E-04  0.40681440E-04 -0.88431446E-03 -0.88431446E-03
-0.87077250E+01  0.41500006E-04  0.41500006E-04 -0.89171965E-03 -0.89171965E-03
-0.86170208E+01  0.42345492E-04  0.42345492E-04 -0.89927344E-03 -0.89927344E-03
-0.85263167E+01  0.43219154E-04  0.43219154E-04 -0.90698086E-03 -0.90698086E-03
-0.84356125E+01  0.44122305E-04  0.44122305E-04 -0.91484691E-03 -0.91484691E-03
-0.83449083E+01  0.45056340E-04  0.45056340E-04 -0.92287692E-03 -0.92287692E-03
-0.82542042E+01  0.46022746E-04  0.46022746E-04 -0.93107644E-03 -0.93107644E-03
-0.81635000E+01  0.47023077E-04  0.47023077E-04 -0.93945113E-03 -0.93945113E-03
-0.80727958E+01  0.48059053E-04  0.48059053E-04 -0.94800747E-03 -0.94800747E-03
-0.79820917E+01  0.49132440E-04  0.49132440E-04 -0.95675169E-03 -0.95675169E-03
-0.78913875E+01  0.50245134E-04  0.50245134E-04 -0.96569050E-03 -0.96569050E-03
-0.78006833E+01  0.51399162E-04  0.51399162E-04 -0.97483090E-03 -0.97483090E-03
-0.77099792E+01  0.52596705E-04  0.52596705E-04 -0.98418051E-03 -0.98418051E-03
-0.76192750E+01  0.53840068E-04  0.53840068E-04 -0.99374704E-03 -0.99374704E-03
-0.75285708E+01  0.55131724E-04  0.55131724E-04 -0.10035387E-02 -0.10035387E-02
-0.74378667E+01  0.56474293E-04  0.56474293E-04 -0.10135640E-02 -0.10135640E-02
-0.73471625E+01  0.57870670E-04  0.57870670E-04 -0.10238324E-02 -0.10238324E-02
-0.72564583E+01  0.59323875E-04  0.59323875E-04 -0.10343533E-02 -0.10343533E-02
-0.71657542E+01  0.60837181E-04  0.60837181E-04 -0.10451369E-02 -0.10451369E-02
-0.70750500E+01  0.62414101E-04  0.62414101E-04 -0.10561940E-02 -0.10561940E-02
-0.69843458E+01  0.64058422E-04  0.64058422E-04 -0.10675357E-02 -0.10675357E-02
-0.68936417E+01  0.65774258E-04  0.65774258E-04 -0.10791744E-02 -0.10791744E-02
-0.68029375E+01  0.67566011E-04  0.67566011E-04 -0.10911225E-02 -0.10911225E-02
-0.67122333E+01  0.69438455E-04  0.69438455E-04 -0.11033937E-02 -0.11033937E-02
-0.66215292E+01  0.71396719E-04  0.71396719E-04 -0.11160019E-02 -0.11160019E-02
-0.65308250E+01  0.73446495E-04  0.73446495E-04 -0.11289629E-02 -0.11289629E-02
-0.64401208E+01  0.75593836E-04  0.75593836E-04 -0.11422927E-02 -0.11422927E-02
-0.63494167E+01  0.77845367E-04  0.77845367E-04 -0.11560083E-02 -0.11560083E-02
-0.62587125E+01  0.80208334E-04  0.80208334E-04 -0.11701282E-02 -0.11701282E-02
-0.61680083E+01  0.82690607E-04  0.82690607E-04 -0.11846718E-02 -0.11846718E-02
-0.60773042E+01  0.85300874E-04  0.85300874E-04 -0.11996603E-02 -0.11996603E-02
-0.59866000E+01  0.88048601E-04  0.88048601E-04 -0.12151159E-02 -0.12151159E-02
-0.58958958E+01  0.90944206E-04  0.90944206E-04 -0.12310627E-02 -0.12310627E-02
-0.58051917E+01  0.93999107E-04  0.93999107E-04 -0.12475259E-02 -0.12475259E-02
-0.57144875E+01  0.97226109E-04  0.97226109E-04 -0.12645339E-02 -0.12645339E-02
-0.56237833E+01  0.10063919E-03  0.10063919E-03 -0.12821159E-02 -0.12821159E-02
-0.55330792E+01  0.10425393E-03  0.10425393E-03 -0.13003039E-02 -0.13003039E-02
-0.54423750E+01  0.10808772E-03  0.10808772E-03 -0.13191323E-02 -0.13191323E-02
-0.53516708E+01  0.11215989E-03  0.11215989E-03 -0.13386383E-02 -0.13386383E-02
-0.52609667E+01  0.11649226E-03  0.11649226E-03 -0.13588623E-02 -0.13588623E-02
-0.51702625E+01  0.12110927E-03  0.12110927E-03 -0.13798479E-02 -0.13798479E-02
-0.50795583E+01  0.12603852E-03  0.12603852E-03 -0.14016422E-02 -0.14016422E-02
-0.49888542E+01  0.13131125E-03  0.13131125E-03 -0.14242964E-02 -0.14242964E-02
-0.48981500E+01  0.13696334E-03  0.13696334E-03 -0.14478671E-02 -0.14478671E-02
-0.48074458E+01  0.14303556E-03  0.14303556E-03 -0.14724150E-02 -0.14724150E-02
-0.47167417E+01  0.14957491E-03  0.14957491E-03 -0.14980063E-02 -0.14980063E-02
-0.46260375E+01  0.15663589E-03  0.15663589E-03 -0.15247138E-02 -0.15247138E-02
-0.45353333E+01  0.16428184E-03  0.16428184E-03 -0.15526161E-02 -0.15526161E-02
-0.44446292E+01  0.17258725E-03  0.17258725E-03 -0.15818002E-02 -0.15818002E-02
-0.43539250E+01  0.18163993E-03  0.18163993E-03 -0.16123596E-02 -0.16123596E-02
-0.42632208E+01  0.19154444E-03  0.19154444E-03 -0.16443962E-02 -0.16443962E-02
-0.41725167E+01  0.20242601E-03  0.20242601E-03 -0.16780185E-02 -0.16780185E-02
-0.40818125E+01  0.21443671E-03  0.21443671E-03 -0.17133439E-02 -0.17133439E-02
-0.39911083E+01  0.22776123E-03  0.22776123E-03 -0.17504919E-02 -0.17504919E-02
-0.39004042E+01  0.24262629E-03  0.24262629E-03 -0.17895822E-02 -0.17895822E-02
-0.38097000E+01  0.25931137E-03  0.25931137E-03 -0.18307247E-02 -0.18307247E-02
-0.37189958E+01  0.27816034E-03  0.27816034E-03 -0.18740026E-02 -0.18740026E-02
-0.36282917E+01  0.29959320E-03  0.29959320E-03 -0.19194455E-02 -0.19194455E-02
-0.35375875E+01  0.32410868E-03  0.32410868E-03 -0.19669802E-02 -0.19669802E-02
-0.34468833E+01  0.35226444E-03  0.35226444E-03 -0.20163597E-02 -0.20163597E-02
-0.33561792E+01  0.38460001E-03  0.38460001E-03 -0.20670639E-02 -0.20670639E-02
-0.32654750E+01  0.42145043E-03  0.42145043E-03 -0.21182129E-02 -0.21182129E-02
-0.31747708E+01  0.46258815E-03  0.46258815E-03 -0.21685891E-02 -0.21685891E-02
-0.30840667E+01  0.50676122E-03  0.50676122E-03 -0.22170257E-02 -0.22170257E-02
-0.29933625E+01  0.55153064E-03  0.55153064E-03 -0.22633761E-02 -0.22633761E-02
-0.29026583E+01  0.59416208E-03  0.59416208E-03 -0.23097102E-02 -0.23097102E-02
-0.28119542E+01  0.63365293E-03  0.63365293E-03 -0.23603909E-02 -0.23603909E-02
-0.27212500E+01  0.67220320E-03  0.67220320E-03 -0.24201778E-02 -0.24201778E-02
-0.26305458E+01  0.71444448E-03  0.71444448E-03 -0.24919379E-02 -0.24919379E-02
-0.25398417E+01  0.76546087E-03  0.76546087E-03 -0.25761116E-02 -0.25761116E-02
-0.24491375E+01  0.82965494E-03  0.82965494E-03 -0.26716921E-02 -0.26716921E-02
-0.23584333E+01  0.91084885E-03  0.91084885E-03 -0.27772169E-02 -0.27772169E-02
-0.22677292E+01  0.10129375E-02  0.10129375E-02 -0.28911154E-02 -0.28911154E-02
-0.21770250E+01  0.11405326E-02  0.11405326E-02 -0.30114636E-02 -0.30114636E-02
-0.20863208E+01  0.12994319E-02  0.12994319E-02 -0.31353286E-02 -0.31353286E-02
-0.19956167E+01  0.14968558E-02  0.14968558E-02 -0.32577021E-02 -0.32577021E-02
-0.19049125E+01  0.17412572E-02  0.17412572E-02 -0.33698946E-02 -0.33698946E-02
-0.18142083E+01  0.20411576E-02  0.20411576E-02 -0.34572609E-02 -0.34572609E-02
-0.17235042E+01  0.24019593E-02  0.24019593E-02 -0.34965075E-02 -0.34965075E-02
-0.16328000E+01  0.28191425E-02  0.28191425E-02 -0.34540954E-02 -0.34540954E-02
-0.15420958E+01  0.32671820E-02  0.32671820E-02 -0.32899783E-02 -0.32899783E-02
-0.14513917E+01  0.36888840E-02  0.36888840E-02 -0.29735468E-02 -0.29735468E-02
-0.13606875E+01  0.40004517E-02  0.40004517E-02 -0.25131689E-02 -0.25131689E-02
-0.12699833E+01  0.41284741E-02  0.41284741E-02 -0.19784453E-02 -0.19784453E-02
-0.11792792E+01  0.40609793E-02  0.40609793E-02 -0.14787551E-02 -0.14787551E-02
-0.10885750E+01  0.38590553E-02  0.38590553E-02 -0.11025348E-02 -0.11025348E-02
-0.99787083E+00  0.36143077E-02  0.36143077E-02 -0.87579341E-03 -0.87579341E-03
-0.90716667E+00  0.34001624E-02  0.34001624E-02 -0.77042069E-03 -0.77042069E-03
-0.81646250E+00  0.32526886E-02  0.32526886E-02 -0.73504216E-03 -0.73504216E-03
-0.72575833E+00  0.31739934E-02  0.31739934E-02 -0.71976642E-03 -0.71976642E-03
-0.63505417E+00  0.31432629E-02  0.31432629E-02 -0.69077518E-03 -0.69077518E-03
-0.54435000E+00  0.31318757E-02  0.31318757E-02 -0.63755575E-03 -0.63755575E-03
-0.45364583E+00  0.31205142E-02  0.31205142E-02 -0.56895038E-03 -0.56895038E-03
-0.36294167E+00  0.31070999E-02  0.31070999E-02 -0.49741437E-03 -0.49741437E-03
-0.27223750E+00  0.30985662E-02  0.30985662E-02 -0.42518902E-03 -0.42518902E-03
-0.18153333E+00  0.30973669E-02  0.30973669E-02 -0.34476275E-03 -0.34476275E-03
-0.90829167E-01  0.30965913E-02  0.30965913E-02 -0.24867243E-03 -0.24867243E-03
-0.12500000E-03  0.30849528E-02  0.30849528E-02 -0.13703259E-03 -0.13703259E-03
 0.90579167E-01  0.30545086E-02  0.30545086E-02 -0.17244295E-04 -0.17244295E-04
 0.18128333E+00  0.30037502E-02  0.30037502E-02  0.10184283E-03  0.10184283E-03
 0.27198750E+00  0.29344893E-02  0.29344893E-02  0.21418915E-03  0.21418915E-03
 0.36269167E+00  0.28482418E-02  0.28482418E-02  0.31531795E-03  0.31531795E-03
 0.45339583E+00  0.27470531E-02  0.27470531E-02  0.39955374E-03  0.39955374E-03
 0.54410000E+00  0.26363180E-02  0.26363180E-02  0.46072962E-03  0.46072962E-03
 0.63480417E+00  0.25253499E-02  0.25253499E-02  0.49540553E-03  0.49540553E-03
 0.72550833E+00  0.24250500E-02  0.24250500E-02  0.50560335E-03  0.50560335E-03
 0.81621250E+00  0.23439809E-02  0.23439809E-02  0.49924276E-03  0.49924276E-03
 0.90691667E+00  0.22849402E-02  0.22849402E-02  0.48755696E-03  0.48755696E-03
 0.99762083E+00  0.22442461E-02  0.22442461E-02  0.48081932E-03  0.48081932E-03
 0.10883250E+01  0.22139459E-02  0.22139459E-02  0.48492404E-03  0.48492404E-03
 0.11790292E+01  0.21852071E-02  0.21852071E-02  0.50025591E-03  0.50025591E-03
 0.12697333E+01  0.21514069E-02  0.21514069E-02  0.52247864E-03  0.52247864E-03
 0.13604375E+01  0.21103222E-02  0.21103222E-02  0.54483870E-03  0.54483870E-03
 0.14511417E+01  0.20644832E-02  0.20644832E-02  0.56151396E-03  0.56151396E-03
 0.15418458E+01  0.20190036E-02  0.20190036E-02  0.57030767E-03  0.57030767E-03
 0.16325500E+01  0.19783886E-02  0.19783886E-02  0.57277564E-03  0.57277564E-03
 0.17232542E+01  0.19447872E-02  0.19447872E-02  0.57227801E-03  0.57227801E-03
 0.18139583E+01  0.19182391E-02  0.19182391E-02  0.57214407E-03  0.57214407E-03
 0.19046625E+01  0.18975400E-02  0.18975400E-02  0.57508038E-03  0.57508038E-03
 0.19953667E+01  0.18805080E-02  0.18805080E-02  0.58316478E-03  0.58316478E-03
 0.20860708E+01  0.18639595E-02  0.18639595E-02  0.59738243E-03  0.59738243E-03
 0.21767750E+01  0.18442942E-02  0.18442942E-02  0.61683224E-03  0.61683224E-03
 0.22674792E+01  0.18188599E-02  0.18188599E-02  0.63853988E-03  0.63853988E-03
 0.23581833E+01  0.17871969E-02  0.17871969E-02  0.65841038E-03  0.65841038E-03
 0.24488875E+01  0.17512906E-02  0.17512906E-02  0.67282575E-03  0.67282575E-03
 0.25395917E+01  0.17147339E-02  0.17147339E-02  0.67995149E-03  0.67995149E-03
 0.26302958E+01  0.16813704E-02  0.16813704E-02  0.68016274E-03  0.68016274E-03
 0.27210000E+01  0.16541202E-02  0.16541202E-02  0.67559861E-03  0.67559861E-03
 0.28117042E+01  0.16344102E-02  0.16344102E-02  0.66923586E-03  0.66923586E-03
 0.29024083E+01  0.16223116E-02  0.16223116E-02  0.66399765E-03  0.66399765E-03
 0.29931125E+01  0.16170683E-02  0.16170683E-02  0.66234351E-03  0.66234351E-03
 0.30838167E+01  0.16174995E-02  0.16174995E-02  0.66639918E-03  0.66639918E-03
 0.31745208E+01  0.16218952E-02  0.16218952E-02  0.67819745E-03  0.67819745E-03
 0.32652250E+01  0.16276127E-02  0.16276127E-02  0.69946117E-03  0.69946117E-03
 0.33559292E+01  0.16310365E-02  0.16310365E-02  0.73083516E-03  0.73083516E-03
 0.34466333E+01  0.16283617E-02  0.16283617E-02  0.77116953E-03  0.77116953E-03
 0.35373375E+01  0.16168511E-02  0.16168511E-02  0.81769450E-03  0.81769450E-03
 0.36280417E+01  0.15955284E-02  0.15955284E-02  0.86716634E-03  0.86716634E-03
 0.37187458E+01  0.15647121E-02  0.15647121E-02  0.91707106E-03  0.91707106E-03
 0.38094500E+01  0.15248857E-02  0.15248857E-02  0.96588407E-03  0.96588407E-03
 0.39001542E+01  0.14760196E-02  0.14760196E-02  0.10123640E-02  0.10123640E-02
 0.39908583E+01  0.14178228E-02  0.14178228E-02  0.10547412E-02  0.10547412E-02
 0.40815625E+01  0.13504884E-02  0.13504884E-02  0.10905507E-02  0.10905507E-02
 0.41722667E+01  0.12752085E-02  0.12752085E-02  0.11170876E-02  0.11170876E-02
 0.42629708E+01  0.11942048E-02  0.11942048E-02  0.11319813E-02  0.11319813E-02
 0.43536750E+01  0.11105176E-02  0.11105176E-02  0.11335954E-02  0.11335954E-02
 0.44443792E+01  0.10277247E-02  0.10277247E-02  0.11213143E-02  0.11213143E-02
 0.45350833E+01  0.94953672E-03  0.94953672E-03  0.10957734E-02  0.10957734E-02
 0.46257875E+01  0.87923378E-03  0.87923378E-03  0.10588734E-02  0.10588734E-02
 0.47164917E+01  0.81915349E-03  0.81915349E-03  0.10134652E-02  0.10134652E-02
 0.48071958E+01  0.77044830E-03  0.77044830E-03  0.96283228E-03  0.96283228E-03
 0.48979000E+01  0.73312437E-03  0.73312437E-03  0.91020389E-03  0.91020389E-03
 0.49886042E+01  0.70622182E-03  0.70622182E-03  0.85840969E-03  0.85840969E-03
 0.50793083E+01  0.68802062E-03  0.68802062E-03  0.80962892E-03  0.80962892E-03
 0.51700125E+01  0.67629284E-03  0.67629284E-03  0.76515463E-03  0.76515463E-03
 0.52607167E+01  0.66870197E-03  0.66870197E-03  0.72520293E-03  0.72520293E-03
 0.53514208E+01  0.66336067E-03  0.66336067E-03  0.68894979E-03  0.68894979E-03
 0.54421250E+01  0.65933141E-03  0.65933141E-03  0.65494433E-03  0.65494433E-03
 0.55328292E+01  0.65675193E-03  0.65675193E-03  0.62178650E-03  0.62178650E-03
 0.56235333E+01  0.65648901E-03  0.65648901E-03  0.58868995E-03  0.58868995E-03
 0.57142375E+01  0.65957694E-03  0.65957694E-03  0.55563724E-03  0.55563724E-03
 0.58049417E+01  0.66680041E-03  0.66680041E-03  0.52315083E-03  0.52315083E-03
 0.58956458E+01  0.67860517E-03  0.67860517E-03  0.49193273E-03  0.49193273E-03
 0.59863500E+01  0.69529380E-03  0.69529380E-03  0.46264184E-03  0.46264184E-03
 0.60770542E+01  0.71730925E-03  0.71730925E-03  0.43596787E-03  0.43596787E-03
 0.61677583E+01  0.74534384E-03  0.74534384E-03  0.41300020E-03  0.41300020E-03
 0.62584625E+01  0.78005323E-03  0.78005323E-03  0.39569285E-03  0.39569285E-03
 0.63491667E+01  0.82132088E-03  0.82132088E-03  0.38710101E-03  0.38710101E-03
 0.64398708E+01  0.86724277E-03  0.86724277E-03  0.39100749E-03  0.39100749E-03
 0.65305750E+01  0.91333138E-03  0.91333138E-03  0.41065209E-03  0.41065209E-03
 0.66212792E+01  0.95279780E-03  0.95279780E-03  0.44669579E-03  0.44669579E-03
 0.67119833E+01  0.97867022E-03  0.97867022E-03  0.49552322E-03  0.49552322E-03
 0.68026875E+01  0.98712346E-03  0.98712346E-03  0.54971545E-03  0.54971545E-03
 0.68933917E+01  0.97954219E-03  0.97954219E-03  0.60129194E-03  0.60129194E-03
 0.69840958E+01  0.96125543E-03  0.96125543E-03  0.64551501E-03  0.64551501E-03
 0.70748000E+01  0.93794368E-03  0.93794368E-03  0.68226093E-03  0.68226093E-03
 0.71655042E+01  0.91257457E-03  0.91257457E-03  0.71435282E-03  0.71435282E-03
 0.72562083E+01  0.88467982E-03  0.88467982E-03  0.74453657E-03  0.74453657E-03
 0.73469125E+01  0.85194609E-03  0.85194609E-03  0.77314091E-03  0.77314091E-03
 0.74376167E+01  0.81285877E-03  0.81285877E-03  0.79776598E-03  0.79776598E-03
 0.75283208E+01  0.76851215E-03  0.76851215E-03  0.81506566E-03  0.81506566E-03
 0.76190250E+01  0.72232419E-03  0.72232419E-03  0.82311284E-03  0.82311284E-03
 0.77097292E+01  0.67819754E-03  0.67819754E-03  0.82253377E-03  0.82253377E-03
 0.78004333E+01  0.63871995E-03  0.63871995E-03  0.81595684E-03  0.81595684E-03
 0.78911375E+01  0.60439528E-03  0.60439528E-03  0.80660589E-03  0.80660589E-03
 0.79818417E+01  0.57391425E-03  0.57391425E-03  0.79693086E-03  0.79693086E-03
 0.80725458E+01  0.54513111E-03  0.54513111E-03  0.78776041E-03  0.78776041E-03
 0.81632500E+01  0.51632889E-03  0.51632889E-03  0.77827180E-03  0.77827180E-03
 0.82539542E+01  0.48715337E-03  0.48715337E-03  0.76682522E-03  0.76682522E-03
 0.83446583E+01  0.45865799E-03  0.45865799E-03  0.75215863E-03  0.75215863E-03
 0.84353625E+01  0.43255026E-03  0.43255026E-03  0.73415066E-03  0.73415066E-03
 0.85260667E+01  0.41028598E-03  0.41028598E-03  0.71382551E-03  0.71382551E-03
 0.86167708E+01  0.39251818E-03  0.39251818E-03  0.69288297E-03  0.69288297E-03
 0.87074750E+01  0.37893772E-03  0.37893772E-03  0.67314698E-03  0.67314698E-03
 0.87981792E+01  0.36835424E-03  0.36835424E-03  0.65607854E-03  0.65607854E-03
 0.88888833E+01  0.35897164E-03  0.35897164E-03  0.64234699E-03  0.64234699E-03
 0.89795875E+01  0.34891378E-03  0.34891378E-03  0.63155537E-03  0.63155537E-03
 0.90702917E+01  0.33690797E-03  0.33690797E-03  0.62235812E-03  0.62235812E-03
 0.91609958E+01  0.32274710E-03  0.32274710E-03  0.61306536E-03  0.61306536E-03
 0.92517000E+01  0.30718152E-03  0.30718152E-03  0.60239930E-03  0.60239930E-03
 0.93424042E+01  0.29134511E-03  0.29134511E-03  0.58990051E-03  0.58990051E-03
 0.94331083E+01  0.27617004E-03  0.27617004E-03  0.57582106E-03  0.57582106E-03
 0.95238125E+01  0.26210578E-03  0.26210578E-03  0.56073925E-03  0.56073925E-03
 0.96145167E+01  0.24915160E-03  0.24915160E-03  0.54518881E-03  0.54518881E-03
 0.97052208E+01  0.23706307E-03  0.23706307E-03  0.52944832E-03  0.52944832E-03
 0.97959250E+01  0.22559105E-03  0.22559105E-03  0.51351527E-03  0.51351527E-03
 0.98866292E+01  0.21464721E-03  0.21464721E-03  0.49722220E-03  0.49722220E-03
 0.99773333E+01  0.20433883E-03  0.20433883E-03  0.48040354E-03  0.48040354E-03
 0.10068038E+02  0.19489331E-03  0.19489331E-03  0.46301610E-03  0.46301610E-03
 0.10158742E+02  0.18654540E-03  0.18654540E-03  0.44516723E-03  0.44516723E-03
 0.10249446E+02  0.17945617E-03  0.17945617E-03  0.42707283E-03  0.42707283E-03
 0.10340150E+02  0.17368385E-03  0.17368385E-03  0.40899409E-03  0.40899409E-03
 0.10430854E+02  0.16919250E-03  0.16919250E-03  0.39118581E-03  0.39118581E-03
 0.10521558E+02  0.16587565E-03  0.16587565E-03  0.37386694E-03  0.37386694E-03
 0.10612263E+02  0.16358161E-03  0.16358161E-03  0.35720778E-03  0.35720778E-03
 0.10702967E+02  0.16213443E-03  0.16213443E-03  0.34132860E-03  0.34132860E-03
 0.10793671E+02  0.16134884E-03  0.16134884E-03  0.32630515E-03  0.32630515E-03
 0.10884375E+02  0.16103743E-03  0.16103743E-03  0.31217649E-03  0.31217649E-03
 0.10975079E+02  0.16100959E-03  0.16100959E-03  0.29894985E-03  0.29894985E-03
 0.11065783E+02  0.16106733E-03  0.16106733E-03  0.28659638E-03  0.28659638E-03
 0.11156488E+02  0.16100772E-03  0.16100772E-03  0.27503571E-03  0.27503571E-03
 0.11247192E+02  0.16064355E-03  0.16064355E-03  0.26411717E-03  0.26411717E-03
 0.11337896E+02  0.15984373E-03  0.15984373E-03  0.25361578E-03  0.25361578E-03
 0.11428600E+02  0.15857869E-03  0.15857869E-03  0.24326034E-03  0.24326034E-03
 0.11519304E+02  0.15694318E-03  0.15694318E-03  0.23279180E-03  0.23279180E-03
 0.11610008E+02  0.15513716E-03  0.15513716E-03  0.22203080E-03  0.22203080E-03
 0.11700713E+02  0.15340934E-03  0.15340934E-03  0.21092068E-03  0.21092068E-03
 0.11791417E+02  0.15198864E-03  0.15198864E-03  0.19953064E-03  0.19953064E-03
 0.11882121E+02  0.15102858E-03  0.15102858E-03  0.18802480E-03  0.18802480E-03
 0.11972825E+02  0.15057697E-03  0.15057697E-03  0.17661180E-03  0.17661180E-03
 0.12063529E+02  0.15057171E-03  0.15057171E-03  0.16549064E-03  0.16549064E-03
 0.12154233E+02  0.15086044E-03  0.15086044E-03  0.15479985E-03  0.15479985E-03
 0.12244938E+02  0.15124273E-03  0.15124273E-03  0.14458113E-03  0.14458113E-03
 0.12335642E+02  0.15152841E-03  0.15152841E-03  0.13476881E-03  0.13476881E-03
 0.12426346E+02  0.15159400E-03  0.15159400E-03  0.12521505E-03  0.12521505E-03
 0.12517050E+02  0.15141336E-03  0.15141336E-03  0.11574503E-03  0.11574503E-03
 0.12607754E+02  0.15104725E-03  0.15104725E-03  0.10621733E-03  0.10621733E-03
 0.12698458E+02  0.15059878E-03  0.15059878E-03  0.96562149E-04  0.96562149E-04
 0.12789163E+02  0.15016003E-03  0.15016003E-03  0.86780643E-04  0.86780643E-04
 0.12879867E+02  0.14977474E-03  0.14977474E-03  0.76913792E-04  0.76913792E-04
 0.12970571E+02  0.14943136E-03  0.14943136E-03  0.66997279E-04  0.66997279E-04
 0.13061275E+02  0.14908543E-03  0.14908543E-03  0.57025481E-04  0.57025481E-04
 0.13151979E+02  0.14869995E-03  0.14869995E-03  0.46938695E-04  0.46938695E-04
 0.13242683E+02  0.14828381E-03  0.14828381E-03  0.36640329E-04  0.36640329E-04
 0.13333388E+02  0.14791056E-03  0.14791056E-03  0.26035540E-04  0.26035540E-04
 0.13424092E+02  0.14770816E-03  0.14770816E-03  0.15073080E-04  0.15073080E-04
 0.13514796E+02  0.14782562E-03  0.14782562E-03  0.37725804E-05  0.37725804E-05
 0.13605500E+02  0.14839168E-03  0.14839168E-03 -0.77728292E-05 -0.77728292E-05
 0.13696204E+02  0.14947874E-03  0.14947874E-03 -0.19414431E-04 -0.19414431E-04
 0.13786908E+02  0.15108066E-03  0.15108066E-03 -0.30980945E-04 -0.30980945E-04
 0.13877613E+02  0.15310639E-03  0.15310639E-03 -0.42318050E-04 -0.42318050E-04
 0.13968317E+02  0.15539352E-03  0.15539352E-03 -0.53330608E-04 -0.53330608E-04
 0.14059021E+02  0.15774288E-03  0.15774288E-03 -0.64016670E-04 -0.64016670E-04
 0.14149725E+02  0.15997195E-03  0.15997195E-03 -0.74480378E-04 -0.74480378E-04
 0.14240429E+02  0.16197156E-03  0.16197156E-03 -0.84912109E-04 -0.84912109E-04
 0.14331133E+02  0.16374246E-03  0.16374246E-03 -0.95535935E-04 -0.95535935E-04
 0.14421838E+02  0.16539458E-03  0.16539458E-03 -0.10654634E-03 -0.10654634E-03
 0.14512542E+02  0.16711011E-03  0.16711011E-03 -0.11805882E-03 -0.11805882E-03
 0.14603246E+02  0.16909059E-03  0.16909059E-03 -0.13009335E-03 -0.13009335E-03
 0.14693950E+02  0.17150973E-03  0.17150973E-03 -0.14258729E-03 -0.14258729E-03
 0.14784654E+02  0.17448548E-03  0.17448548E-03 -0.15542671E-03 -0.15542671E-03
 0.14875358E+02  0.17807213E-03  0.17807213E-03 -0.16848081E-03 -0.16848081E-03
 0.14966063E+02  0.18226846E-03  0.18226846E-03 -0.18163097E-03 -0.18163097E-03
 0.15056767E+02  0.18703588E-03  0.18703588E-03 -0.19479047E-03 -0.19479047E-03
 0.15147471E+02  0.19231998E-03  0.19231998E-03 -0.20791144E-03 -0.20791144E-03
 0.15238175E+02  0.19807129E-03  0.19807129E-03 -0.22098201E-03 -0.22098201E-03
 0.15328879E+02  0.20425871E-03  0.20425871E-03 -0.23401364E-03 -0.23401364E-03
 0.15419583E+02  0.21087391E-03  0.21087391E-03 -0.24702681E-03 -0.24702681E-03
 0.15510288E+02  0.21792641E-03  0.21792641E-03 -0.26003837E-03 -0.26003837E-03
 0.15600992E+02  0.22543499E-03  0.22543499E-03 -0.27305754E-03 -0.27305754E-03
 0.15691696E+02  0.23342052E-03  0.23342052E-03 -0.28608903E-03 -0.28608903E-03
 0.15782400E+02  0.24190657E-03  0.24190657E-03 -0.29914001E-03 -0.29914001E-03
 0.15873104E+02  0.25092690E-03  0.25092690E-03 -0.31222360E-03 -0.31222360E-03
 0.15963808E+02  0.26053719E-03  0.26053719E-03 -0.32535438E-03 -0.32535438E-03
 0.16054513E+02  0.27082273E-03  0.27082273E-03 -0.33853337E-03 -0.33853337E-03
 0.16145217E+02  0.28189484E-03  0.28189484E-03 -0.35172627E-03 -0.35172627E-03
 0.16235921E+02  0.29387310E-03  0.29387310E-03 -0.36484444E-03 -0.36484444E-03
 0.16326625E+02  0.30685402E-03  0.30685402E-03 -0.37773609E-03 -0.37773609E-03
 0.16417329E+02  0.32087576E-03  0.32087576E-03 -0.39019775E-03 -0.39019775E-03
 0.16508033E+02  0.33588936E-03  0.33588936E-03 -0.40200614E-03 -0.40200614E-03
 0.16598738E+02  0.35175054E-03  0.35175054E-03 -0.41296711E-03 -0.41296711E-03
 0.16689442E+02  0.36824065E-03  0.36824065E-03 -0.42296662E-03 -0.42296662E-03
 0.16780146E+02  0.38511924E-03  0.38511924E-03 -0.43200622E-03 -0.43200622E-03
 0.16870850E+02  0.40219255E-03  0.40219255E-03 -0.44020141E-03 -0.44020141E-03
 0.16961554E+02  0.41937290E-03  0.41937290E-03 -0.44773622E-03 -0.44773622E-03
 0.17052258E+02  0.43669826E-03  0.43669826E-03 -0.45478801E-03 -0.45478801E-03
 0.17142963E+02  0.45429882E-03  0.45429882E-03 -0.46145293E-03 -0.46145293E-03
 0.17233667E+02  0.47232250E-03  0.47232250E-03 -0.46771131E-03 -0.46771131E-03
 0.17324371E+02  0.49085255E-03  0.49085255E-03 -0.47345013E-03 -0.47345013E-03
 0.17415075E+02  0.50985976E-03  0.50985976E-03 -0.47854027E-03 -0.47854027E-03
 0.17505779E+02  0.52921851E-03  0.52921851E-03 -0.48293433E-03 -0.48293433E-03
 0.17596483E+02  0.54879704E-03  0.54879704E-03 -0.48673951E-03 -0.48673951E-03
 0.17687188E+02  0.56859288E-03  0.56859288E-03 -0.49021523E-03 -0.49021523E-03
 0.17777892E+02  0.58885831E-03  0.58885831E-03 -0.49367066E-03 -0.49367066E-03
 0.17868596E+02  0.61014729E-03  0.61014729E-03 -0.49728162E-03 -0.49728162E-03
 0.17959300E+02  0.63324195E-03  0.63324195E-03 -0.50088406E-03 -0.50088406E-03
 0.18050004E+02  0.65895952E-03  0.65895952E-03 -0.50382007E-03 -0.50382007E-03
 0.18140708E+02  0.68787659E-03  0.68787659E-03 -0.50488980E-03 -0.50488980E-03
 0.18231412E+02  0.72002235E-03  0.72002235E-03 -0.50244733E-03 -0.50244733E-03
 0.18322117E+02  0.75460285E-03  0.75460285E-03 -0.49466098E-03 -0.49466098E-03
 0.18412821E+02  0.78984628E-03  0.78984628E-03 -0.47995082E-03 -0.47995082E-03
 0.18503525E+02  0.82310147E-03  0.82310147E-03 -0.45755472E-03 -0.45755472E-03
 0.18594229E+02  0.85131377E-03  0.85131377E-03 -0.42805002E-03 -0.42805002E-03
 0.18684933E+02  0.87184395E-03  0.87184395E-03 -0.39353711E-03 -0.39353711E-03
 0.18775638E+02  0.88333628E-03  0.88333628E-03 -0.35723874E-03 -0.35723874E-03
 0.18866342E+02  0.88617419E-03  0.88617419E-03 -0.32257966E-03 -0.32257966E-03
 0.18957046E+02  0.88224270E-03  0.88224270E-03 -0.29217620E-03 -0.29217620E-03
 0.19047750E+02  0.87414469E-03  0.87414469E-03 -0.26723287E-03 -0.26723287E-03
 0.19138454E+02  0.86430402E-03  0.86430402E-03 -0.24754974E-03 -0.24754974E-03
 0.19229158E+02  0.85433584E-03  0.85433584E-03 -0.23199227E-03 -0.23199227E-03
 0.19319863E+02  0.84482313E-03  0.84482313E-03 -0.21913384E-03 -0.21913384E-03
 0.19410567E+02  0.83545364E-03  0.83545364E-03 -0.20783517E-03 -0.20783517E-03
 0.19501271E+02  0.82539868E-03  0.82539868E-03 -0.19762610E-03 -0.19762610E-03
 0.19591975E+02  0.81380288E-03  0.81380288E-03 -0.18881649E-03 -0.18881649E-03
 0.19682679E+02  0.80023061E-03  0.80023061E-03 -0.18232727E-03 -0.18232727E-03
 0.19773383E+02  0.78492097E-03  0.78492097E-03 -0.17931182E-03 -0.17931182E-03
 0.19864088E+02  0.76877247E-03  0.76877247E-03 -0.18072865E-03 -0.18072865E-03
 0.19954792E+02  0.75309971E-03  0.75309971E-03 -0.18703237E-03 -0.18703237E-03
 0.20045496E+02  0.73929952E-03  0.73929952E-03 -0.19807464E-03 -0.19807464E-03
 0.20136200E+02  0.72856226E-03  0.72856226E-03 -0.21319188E-03 -0.21319188E-03
 0.20226904E+02  0.72170244E-03  0.72170244E-03 -0.23139352E-03 -0.23139352E-03
 0.20317608E+02  0.71910646E-03  0.71910646E-03 -0.25156691E-03 -0.25156691E-03
 0.20408312E+02  0.72076416E-03  0.72076416E-03 -0.27265129E-03 -0.27265129E-03
 0.20499017E+02  0.72634910E-03  0.72634910E-03 -0.29376895E-03 -0.29376895E-03
 0.20589721E+02  0.73532714E-03  0.73532714E-03 -0.31431405E-03 -0.31431405E-03
 0.20680425E+02  0.74708663E-03  0.74708663E-03 -0.33399882E-03 -0.33399882E-03
 0.20771129E+02  0.76107766E-03  0.76107766E-03 -0.35284917E-03 -0.35284917E-03
 0.20861833E+02  0.77694316E-03  0.77694316E-03 -0.37114312E-03 -0.37114312E-03
 0.20952538E+02  0.79461406E-03  0.79461406E-03 -0.38929742E-03 -0.38929742E-03
 0.21043242E+02  0.81434564E-03  0.81434564E-03 -0.40772101E-03 -0.40772101E-03
 0.21133946E+02  0.83668793E-03  0.83668793E-03 -0.42667138E-03 -0.42667138E-03
 0.21224650E+02  0.86240269E-03  0.86240269E-03 -0.44613914E-03 -0.44613914E-03
 0.21315354E+02  0.89234967E-03  0.89234967E-03 -0.46577802E-03 -0.46577802E-03
 0.21406058E+02  0.92736722E-03  0.92736722E-03 -0.48487869E-03 -0.48487869E-03
 0.21496763E+02  0.96815483E-03  0.96815483E-03 -0.50237122E-03 -0.50237122E-03
 0.21587467E+02  0.10151616E-02  0.10151616E-02 -0.51685358E-03 -0.51685358E-03
 0.21678171E+02  0.10684690E-02  0.10684690E-02 -0.52663840E-03 -0.52663840E-03
 0.21768875E+02  0.11276682E-02  0.11276682E-02 -0.52983589E-03 -0.52983589E-03
 0.21859579E+02  0.11917343E-02  0.11917343E-02 -0.52448933E-03 -0.52448933E-03
 0.21950283E+02  0.12589276E-02  0.12589276E-02 -0.50878529E-03 -0.50878529E-03
 0.22040988E+02  0.13267683E-02  0.13267683E-02 -0.48134593E-03 -0.48134593E-03
 0.22131692E+02  0.13921449E-02  0.13921449E-02 -0.44157585E-03 -0.44157585E-03
 0.22222396E+02  0.14516168E-02  0.14516168E-02 -0.38998894E-03 -0.38998894E-03
 0.22313100E+02  0.15019012E-02  0.15019012E-02 -0.32839763E-03 -0.32839763E-03
 0.22403804E+02  0.15404747E-02  0.15404747E-02 -0.25983584E-03 -0.25983584E-03
 0.22494508E+02  0.15661105E-02  0.15661105E-02 -0.18816630E-03 -0.18816630E-03
 0.22585213E+02  0.15791681E-02  0.15791681E-02 -0.11742748E-03 -0.11742748E-03
 0.22675917E+02  0.15815161E-02  0.15815161E-02 -0.51110721E-04 -0.51110721E-04
 0.22766621E+02  0.15761157E-02  0.15761157E-02  0.84238581E-05  0.84238581E-05
 0.22857325E+02  0.15664092E-02  0.15664092E-02  0.60242535E-04  0.60242535E-04
 0.22948029E+02  0.15556946E-02  0.15556946E-02  0.10482582E-03  0.10482582E-03
 0.23038733E+02  0.15466167E-02  0.15466167E-02  0.14382387E-03  0.14382387E-03
 0.23129438E+02  0.15408266E-02  0.15408266E-02  0.17967477E-03  0.17967477E-03
 0.23220142E+02  0.15387974E-02  0.15387974E-02  0.21517279E-03  0.21517279E-03
 0.23310846E+02  0.15397853E-02  0.15397853E-02  0.25300563E-03  0.25300563E-03
 0.23401550E+02  0.15419368E-02  0.15419368E-02  0.29528783E-03  0.29528783E-03
 0.23492254E+02  0.15425826E-02  0.15425826E-02  0.34311757E-03  0.34311757E-03
 0.23582958E+02  0.15387398E-02  0.15387398E-02  0.39626020E-03  0.39626020E-03
 0.23673663E+02  0.15277754E-02  0.15277754E-02  0.45308845E-03  0.45308845E-03
 0.23764367E+02  0.15080641E-02  0.15080641E-02  0.51089209E-03  0.51089209E-03
 0.23855071E+02  0.14794013E-02  0.14794013E-02  0.56652272E-03  0.56652272E-03
 0.23945775E+02  0.14429949E-02  0.14429949E-02  0.61716840E-03  0.61716840E-03
 0.24036479E+02  0.14010340E-02  0.14010340E-02  0.66097244E-03  0.66097244E-03
 0.24127183E+02  0.13560373E-02  0.13560373E-02  0.69728712E-03  0.69728712E-03
 0.24217888E+02  0.13102340E-02  0.13102340E-02  0.72654056E-03  0.72654056E-03
 0.24308592E+02  0.12651696E-02  0.12651696E-02  0.74984567E-03  0.74984567E-03
 0.24399296E+02  0.12215908E-02  0.12215908E-02  0.76853117E-03  0.76853117E-03
 0.24490000E+02  0.11795719E-02  0.11795719E-02  0.78374012E-03  0.78374012E-03
 0.24580704E+02  0.11387886E-02  0.11387886E-02  0.79618490E-03  0.79618490E-03
 0.24671408E+02  0.10988434E-02  0.10988434E-02  0.80608936E-03  0.80608936E-03
 0.24762113E+02  0.10595395E-02  0.10595395E-02  0.81330414E-03  0.81330414E-03
 0.24852817E+02  0.10210304E-02  0.10210304E-02  0.81753475E-03  0.81753475E-03
 0.24943521E+02  0.98381114E-03  0.98381114E-03  0.81859147E-03  0.81859147E-03
 0.25034225E+02  0.94858132E-03  0.94858132E-03  0.81657373E-03  0.81657373E-03
 0.25124929E+02  0.91604276E-03  0.91604276E-03  0.81193956E-03  0.81193956E-03
 0.25215633E+02  0.88670998E-03  0.88670998E-03  0.80545730E-03  0.80545730E-03
 0.25306338E+02  0.86078169E-03  0.86078169E-03  0.79807780E-03  0.79807780E-03
 0.25397042E+02  0.83809449E-03  0.83809449E-03  0.79077115E-03  0.79077115E-03
 0.25487746E+02  0.81815654E-03  0.81815654E-03  0.78437074E-03  0.78437074E-03
 0.25578450E+02  0.80024359E-03  0.80024359E-03  0.77945379E-03  0.77945379E-03
 0.25669154E+02  0.78353671E-03  0.78353671E-03  0.77628329E-03  0.77628329E-03
 0.25759858E+02  0.76726538E-03  0.76726538E-03  0.77482282E-03  0.77482282E-03
 0.25850563E+02  0.75081825E-03  0.75081825E-03  0.77482075E-03  0.77482075E-03
 0.25941267E+02  0.73378437E-03  0.73378437E-03  0.77593379E-03  0.77593379E-03
 0.26031971E+02  0.71591522E-03  0.71591522E-03  0.77784018E-03  0.77784018E-03
 0.26122675E+02  0.69702946E-03  0.69702946E-03  0.78029516E-03  0.78029516E-03
 0.26213379E+02  0.67691233E-03  0.67691233E-03  0.78310353E-03  0.78310353E-03
 0.26304083E+02  0.65526569E-03  0.65526569E-03  0.78602416E-03  0.78602416E-03
 0.26394788E+02  0.63174690E-03  0.63174690E-03  0.78865475E-03  0.78865475E-03
 0.26485492E+02  0.60609489E-03  0.60609489E-03  0.79036543E-03  0.79036543E-03
 0.26576196E+02  0.57829241E-03  0.57829241E-03  0.79033463E-03  0.79033463E-03
 0.26666900E+02  0.54868505E-03  0.54868505E-03  0.78769636E-03  0.78769636E-03
 0.26757604E+02  0.51798592E-03  0.51798592E-03  0.78174559E-03  0.78174559E-03
 0.26848308E+02  0.48715432E-03  0.48715432E-03  0.77211199E-03  0.77211199E-03
 0.26939013E+02  0.45720011E-03  0.45720011E-03  0.75882907E-03  0.75882907E-03
 0.27029717E+02  0.42899764E-03  0.42899764E-03  0.74228701E-03  0.74228701E-03
 0.27120421E+02  0.40316826E-03  0.40316826E-03  0.72310887E-03  0.72310887E-03
 0.27211125E+02  0.38004610E-03  0.38004610E-03  0.70200965E-03  0.70200965E-03
 0.27301829E+02  0.35970694E-03  0.35970694E-03  0.67967991E-03  0.67967991E-03
 0.27392533E+02  0.34202888E-03  0.34202888E-03  0.65670903E-03  0.65670903E-03
 0.27483238E+02  0.32676177E-03  0.32676177E-03  0.63354583E-03  0.63354583E-03
 0.27573942E+02  0.31359275E-03  0.31359275E-03  0.61048632E-03  0.61048632E-03
 0.27664646E+02  0.30220431E-03  0.30220431E-03  0.58768163E-03  0.58768163E-03
 0.27755350E+02  0.29232213E-03  0.29232213E-03  0.56516138E-03  0.56516138E-03
 0.27846054E+02  0.28375025E-03  0.28375025E-03  0.54287032E-03  0.54287032E-03
 0.27936758E+02  0.27638888E-03  0.27638888E-03  0.52071336E-03  0.52071336E-03
 0.28027463E+02  0.27023274E-03  0.27023274E-03  0.49860155E-03  0.49860155E-03
 0.28118167E+02  0.26535196E-03  0.26535196E-03  0.47649086E-03  0.47649086E-03
 0.28208871E+02  0.26186172E-03  0.26186172E-03  0.45440750E-03  0.45440750E-03
 0.28299575E+02  0.25988821E-03  0.25988821E-03  0.43245982E-03  0.43245982E-03
 0.28390279E+02  0.25953521E-03  0.25953521E-03  0.41083916E-03  0.41083916E-03
 0.28480983E+02  0.26085166E-03  0.26085166E-03  0.38981325E-03  0.38981325E-03
 0.28571688E+02  0.26379755E-03  0.26379755E-03  0.36971189E-03  0.36971189E-03
 0.28662392E+02  0.26820723E-03  0.26820723E-03  0.35089933E-03  0.35089933E-03
 0.28753096E+02  0.27375476E-03  0.27375476E-03  0.33372428E-03  0.33372428E-03
 0.28843800E+02  0.27993825E-03  0.27993825E-03  0.31844011E-03  0.31844011E-03
 0.28934504E+02  0.28610945E-03  0.28610945E-03  0.30510218E-03  0.30510218E-03
 0.29025208E+02  0.29157277E-03  0.29157277E-03  0.29347446E-03  0.29347446E-03
 0.29115913E+02  0.29574850E-03  0.29574850E-03  0.28300024E-03  0.28300024E-03
 0.29206617E+02  0.29834602E-03  0.29834602E-03  0.27288328E-03  0.27288328E-03
 0.29297321E+02  0.29946262E-03  0.29946262E-03  0.26227016E-03  0.26227016E-03
 0.29388025E+02  0.29955207E-03  0.29955207E-03  0.25045869E-03  0.25045869E-03
 0.29478729E+02  0.29928248E-03  0.29928248E-03  0.23703918E-03  0.23703918E-03
 0.29569433E+02  0.29935928E-03  0.29935928E-03  0.22192390E-03  0.22192390E-03
 0.29660137E+02  0.30038577E-03  0.30038577E-03  0.20528556E-03  0.20528556E-03
 0.29750842E+02  0.30278992E-03  0.30278992E-03  0.18745605E-03  0.18745605E-03
 0.29841546E+02  0.30680827E-03  0.30680827E-03  0.16882685E-03  0.16882685E-03
 0.29932250E+02  0.31250492E-03  0.31250492E-03  0.14976828E-03  0.14976828E-03
 0.30022954E+02  0.31981061E-03  0.31981061E-03  0.13056771E-03  0.13056771E-03
 0.30113658E+02  0.32857704E-03  0.32857704E-03  0.11138435E-03  0.11138435E-03
 0.30204363E+02  0.33864711E-03  0.33864711E-03  0.92223943E-04  0.92223943E-04
 0.30295067E+02  0.34993704E-03  0.34993704E-03  0.72943138E-04  0.72943138E-04
 0.30385771E+02  0.36251659E-03  0.36251659E-03  0.53292820E-04  0.53292820E-04
 0.30476475E+02  0.37666654E-03  0.37666654E-03  0.32998946E-04  0.32998946E-04
 0.30567179E+02  0.39289607E-03  0.39289607E-03  0.11865857E-04  0.11865857E-04
 0.30657883E+02  0.41191698E-03  0.41191698E-03 -0.10120088E-04 -0.10120088E-04
 0.30748588E+02  0.43458422E-03  0.43458422E-03 -0.32701619E-04 -0.32701619E-04
 0.30839292E+02  0.46181521E-03  0.46181521E-03 -0.55277713E-04 -0.55277713E-04
 0.30929996E+02  0.49448763E-03  0.49448763E-03 -0.76838755E-04 -0.76838755E-04
 0.31020700E+02  0.53329881E-03  0.53329881E-03 -0.95906217E-04 -0.95906217E-04
 0.31111404E+02  0.57855641E-03  0.57855641E-03 -0.11049654E-03 -0.11049654E-03
 0.31202108E+02  0.62987590E-03  0.62987590E-03 -0.11816808E-03 -0.11816808E-03
 0.31292813E+02  0.68580688E-03  0.68580688E-03 -0.11625473E-03 -0.11625473E-03
 0.31383517E+02  0.74351338E-03  0.74351338E-03 -0.10240361E-03 -0.10240361E-03
 0.31474221E+02  0.79877670E-03  0.79877670E-03 -0.75437731E-04 -0.75437731E-04
 0.31564925E+02  0.84664242E-03  0.84664242E-03 -0.36298528E-04 -0.36298528E-04
 0.31655629E+02  0.88278442E-03  0.88278442E-03  0.11501673E-04  0.11501673E-04
 0.31746333E+02  0.90508334E-03  0.90508334E-03  0.62488659E-04  0.62488659E-04
 0.31837037E+02  0.91449940E-03  0.91449940E-03  0.11085651E-03  0.11085651E-03
 0.31927742E+02  0.91465854E-03  0.91465854E-03  0.15228667E-03  0.15228667E-03
 0.32018446E+02  0.91047141E-03  0.91047141E-03  0.18499963E-03  0.18499963E-03
 0.32109150E+02  0.90663264E-03  0.90663264E-03  0.20974960E-03  0.20974960E-03
 0.32199854E+02  0.90661213E-03  0.90661213E-03  0.22914701E-03  0.22914701E-03
 0.32290558E+02  0.91221044E-03  0.91221044E-03  0.24682987E-03  0.24682987E-03
 0.32381263E+02  0.92345315E-03  0.92345315E-03  0.26674138E-03  0.26674138E-03
 0.32471967E+02  0.93862367E-03  0.93862367E-03  0.29249742E-03  0.29249742E-03
 0.32562671E+02  0.95441785E-03  0.95441785E-03  0.32672221E-03  0.32672221E-03
 0.32653375E+02  0.96637803E-03  0.96637803E-03  0.37032548E-03  0.37032548E-03
 0.32744079E+02  0.96977904E-03  0.96977904E-03  0.42192332E-03  0.42192332E-03
 0.32834783E+02  0.96091005E-03  0.96091005E-03  0.47780458E-03  0.47780458E-03
 0.32925488E+02  0.93828792E-03  0.93828792E-03  0.53274698E-03  0.53274698E-03
 0.33016192E+02  0.90314865E-03  0.90314865E-03  0.58149886E-03  0.58149886E-03
 0.33106896E+02  0.85890583E-03  0.85890583E-03  0.62023074E-03  0.62023074E-03
 0.33197600E+02  0.80992214E-03  0.80992214E-03  0.64727021E-03  0.64727021E-03
 0.33288304E+02  0.76027884E-03  0.76027884E-03  0.66295748E-03  0.66295748E-03
 0.33379008E+02  0.71302863E-03  0.71302863E-03  0.66896439E-03  0.66896439E-03
 0.33469713E+02  0.66999668E-03  0.66999668E-03  0.66753242E-03  0.66753242E-03
 0.33560417E+02  0.63193753E-03  0.63193753E-03  0.66089878E-03  0.66089878E-03
 0.33651121E+02  0.59883196E-03  0.59883196E-03  0.65096864E-03  0.65096864E-03
 0.33741825E+02  0.57018629E-03  0.57018629E-03  0.63917823E-03  0.63917823E-03
 0.33832529E+02  0.54528390E-03  0.54528390E-03  0.62647851E-03  0.62647851E-03
 0.33923233E+02  0.52337836E-03  0.52337836E-03  0.61338782E-03  0.61338782E-03
 0.34013937E+02  0.50383245E-03  0.50383245E-03  0.60008742E-03  0.60008742E-03
 0.34104642E+02  0.48620079E-03  0.48620079E-03  0.58654101E-03  0.58654101E-03
 0.34195346E+02  0.47025572E-03  0.47025572E-03  0.57262037E-03  0.57262037E-03
 0.34286050E+02  0.45596141E-03  0.45596141E-03  0.55821525E-03  0.55821525E-03
 0.34376754E+02  0.44341049E-03  0.44341049E-03  0.54330840E-03  0.54330840E-03
 0.34467458E+02  0.43274666E-03  0.43274666E-03  0.52800907E-03  0.52800907E-03
 0.34558163E+02  0.42409177E-03  0.42409177E-03  0.51254797E-03  0.51254797E-03
 0.34648867E+02  0.41749104E-03  0.41749104E-03  0.49724649E-03  0.49724649E-03
 0.34739571E+02  0.41287963E-03  0.41287963E-03  0.48247171E-03  0.48247171E-03
 0.34830275E+02  0.41007027E-03  0.41007027E-03  0.46858669E-03  0.46858669E-03
 0.34920979E+02  0.40875887E-03  0.40875887E-03  0.45590120E-03  0.45590120E-03
 0.35011683E+02  0.40854852E-03  0.40854852E-03  0.44462728E-03  0.44462728E-03
 0.35102388E+02  0.40898999E-03  0.40898999E-03  0.43484645E-03  0.43484645E-03
 0.35193092E+02  0.40963435E-03  0.40963435E-03  0.42649536E-03  0.42649536E-03
 0.35283796E+02  0.41008872E-03  0.41008872E-03  0.41937662E-03  0.41937662E-03
 0.35374500E+02  0.41006065E-03  0.41006065E-03  0.41319387E-03  0.41319387E-03
 0.35465204E+02  0.40937958E-03  0.40937958E-03  0.40760203E-03  0.40760203E-03
 0.35555908E+02  0.40799100E-03  0.40799100E-03  0.40225692E-03  0.40225692E-03
 0.35646613E+02  0.40593070E-03  0.40593070E-03  0.39684960E-03  0.39684960E-03
 0.35737317E+02  0.40329212E-03  0.40329212E-03  0.39111805E-03  0.39111805E-03
 0.35828021E+02  0.40020269E-03  0.40020269E-03  0.38484067E-03  0.38484067E-03
 0.35918725E+02  0.39681636E-03  0.39681636E-03  0.37782186E-03  0.37782186E-03
 0.36009429E+02  0.39332096E-03  0.39332096E-03  0.36988372E-03  0.36988372E-03
 0.36100133E+02  0.38995253E-03  0.38995253E-03  0.36087108E-03  0.36087108E-03
 0.36190838E+02  0.38700418E-03  0.38700418E-03  0.35067117E-03  0.35067117E-03
 0.36281542E+02  0.38482211E-03  0.38482211E-03  0.33924102E-03  0.33924102E-03
 0.36372246E+02  0.38378597E-03  0.38378597E-03  0.32663332E-03  0.32663332E-03
 0.36462950E+02  0.38427751E-03  0.38427751E-03  0.31301294E-03  0.31301294E-03
 0.36553654E+02  0.38664388E-03  0.38664388E-03  0.29866019E-03  0.29866019E-03
 0.36644358E+02  0.39116043E-03  0.39116043E-03  0.28396199E-03  0.28396199E-03
 0.36735063E+02  0.39799700E-03  0.39799700E-03  0.26939170E-03  0.26939170E-03
 0.36825767E+02  0.40718717E-03  0.40718717E-03  0.25547872E-03  0.25547872E-03
 0.36916471E+02  0.41860488E-03  0.41860488E-03  0.24276538E-03  0.24276538E-03
 0.37007175E+02  0.43195310E-03  0.43195310E-03  0.23174890E-03  0.23174890E-03
 0.37097879E+02  0.44677797E-03  0.44677797E-03  0.22281143E-03  0.22281143E-03
 0.37188583E+02  0.46251924E-03  0.46251924E-03  0.21615078E-03  0.21615078E-03
 0.37279288E+02  0.47860163E-03  0.47860163E-03  0.21173637E-03  0.21173637E-03
 0.37369992E+02  0.49455072E-03  0.49455072E-03  0.20931795E-03  0.20931795E-03
 0.37460696E+02  0.51009721E-03  0.51009721E-03  0.20850288E-03  0.20850288E-03
 0.37551400E+02  0.52522615E-03  0.52522615E-03  0.20888750E-03  0.20888750E-03
 0.37642104E+02  0.54014294E-03  0.54014294E-03  0.21020167E-03  0.21020167E-03
 0.37732808E+02  0.55516214E-03  0.55516214E-03  0.21241397E-03  0.21241397E-03
 0.37823512E+02  0.57055235E-03  0.57055235E-03  0.21576068E-03  0.21576068E-03
 0.37914217E+02  0.58638628E-03  0.58638628E-03  0.22068734E-03  0.22068734E-03
 0.38004921E+02  0.60243717E-03  0.60243717E-03  0.22771709E-03  0.22771709E-03
 0.38095625E+02  0.61815470E-03  0.61815470E-03  0.23727372E-03  0.23727372E-03
 0.38186329E+02  0.63274091E-03  0.63274091E-03  0.24950585E-03  0.24950585E-03
 0.38277033E+02  0.64531899E-03  0.64531899E-03  0.26416484E-03  0.26416484E-03
 0.38367737E+02  0.65515925E-03  0.65515925E-03  0.28059445E-03  0.28059445E-03
 0.38458442E+02  0.66188483E-03  0.66188483E-03  0.29785222E-03  0.29785222E-03
 0.38549146E+02  0.66557645E-03  0.66557645E-03  0.31493545E-03  0.31493545E-03
 0.38639850E+02  0.66672944E-03  0.66672944E-03  0.33102513E-03  0.33102513E-03
 0.38730554E+02  0.66608659E-03  0.66608659E-03  0.34565857E-03  0.34565857E-03
 0.38821258E+02  0.66441551E-03  0.66441551E-03  0.35877618E-03  0.35877618E-03
 0.38911963E+02  0.66231408E-03  0.66231408E-03  0.37064605E-03  0.37064605E-03
 0.39002667E+02  0.66009396E-03  0.66009396E-03  0.38171333E-03  0.38171333E-03
 0.39093371E+02  0.65776053E-03  0.65776053E-03  0.39242499E-03  0.39242499E-03
 0.39184075E+02  0.65507674E-03  0.65507674E-03  0.40308158E-03  0.40308158E-03
 0.39274779E+02  0.65168643E-03  0.65168643E-03  0.41374488E-03  0.41374488E-03
 0.39365483E+02  0.64725953E-03  0.64725953E-03  0.42422152E-03  0.42422152E-03
 0.39456188E+02  0.64162111E-03  0.64162111E-03  0.43412065E-03  0.43412065E-03
 0.39546892E+02  0.63482892E-03  0.63482892E-03  0.44296422E-03  0.44296422E-03
 0.39637596E+02  0.62718268E-03  0.62718268E-03  0.45031555E-03  0.45031555E-03
 0.39728300E+02  0.61917307E-03  0.61917307E-03  0.45588678E-03  0.45588678E-03
 0.39819004E+02  0.61139222E-03  0.61139222E-03  0.45960249E-03  0.45960249E-03
 0.39909708E+02  0.60443855E-03  0.60443855E-03  0.46161419E-03  0.46161419E-03
 0.40000413E+02  0.59883543E-03  0.59883543E-03  0.46227940E-03  0.46227940E-03
 0.40091117E+02  0.59497205E-03  0.59497205E-03  0.46212048E-03  0.46212048E-03
 0.40181821E+02  0.59306185E-03  0.59306185E-03  0.46177773E-03  0.46177773E-03
 0.40272525E+02  0.59311100E-03  0.59311100E-03  0.46195907E-03  0.46195907E-03
 0.40363229E+02  0.59489259E-03  0.59489259E-03  0.46338278E-03  0.46338278E-03
 0.40453933E+02  0.59792735E-03  0.59792735E-03  0.46670456E-03  0.46670456E-03
 0.40544638E+02  0.60148683E-03  0.60148683E-03  0.47242272E-03  0.47242272E-03
 0.40635342E+02  0.60463717E-03  0.60463717E-03  0.48076656E-03  0.48076656E-03
 0.40726046E+02  0.60634566E-03  0.60634566E-03  0.49159217E-03  0.49159217E-03
 0.40816750E+02  0.60565104E-03  0.60565104E-03  0.50432889E-03  0.50432889E-03
 0.40907454E+02  0.60186884E-03  0.60186884E-03  0.51801929E-03  0.51801929E-03
 0.40998158E+02  0.59476304E-03  0.59476304E-03  0.53147605E-03  0.53147605E-03
 0.41088862E+02  0.58461601E-03  0.58461601E-03  0.54351850E-03  0.54351850E-03
 0.41179567E+02  0.57215838E-03  0.57215838E-03  0.55321584E-03  0.55321584E-03
 0.41270271E+02  0.55838647E-03  0.55838647E-03  0.56004964E-03  0.56004964E-03
 0.41360975E+02  0.54433841E-03  0.54433841E-03  0.56395420E-03  0.56395420E-03
 0.41451679E+02  0.53090248E-03  0.53090248E-03  0.56524597E-03  0.56524597E-03
 0.41542383E+02  0.51870117E-03  0.51870117E-03  0.56448918E-03  0.56448918E-03
 0.41633088E+02  0.50805341E-03  0.50805341E-03  0.56234779E-03  0.56234779E-03
 0.41723792E+02  0.49900216E-03  0.49900216E-03  0.55945813E-03  0.55945813E-03
 0.41814496E+02  0.49137811E-03  0.49137811E-03  0.55633668E-03  0.55633668E-03
 0.41905200E+02  0.48488611E-03  0.48488611E-03  0.55332906E-03  0.55332906E-03
 0.41995904E+02  0.47919315E-03  0.47919315E-03  0.55059902E-03  0.55059902E-03
 0.42086608E+02  0.47400624E-03  0.47400624E-03  0.54815406E-03  0.54815406E-03
 0.42177313E+02  0.46912512E-03  0.46912512E-03  0.54589759E-03  0.54589759E-03
 0.42268017E+02  0.46446214E-03  0.46446214E-03  0.54369400E-03  0.54369400E-03
 0.42358721E+02  0.46002972E-03  0.46002972E-03  0.54142825E-03  0.54142825E-03
 0.42449425E+02  0.45590363E-03  0.45590363E-03  0.53904611E-03  0.53904611E-03
 0.42540129E+02  0.45217719E-03  0.45217719E-03  0.53657047E-03  0.53657047E-03
 0.42630833E+02  0.44891822E-03  0.44891822E-03  0.53409167E-03  0.53409167E-03
 0.42721538E+02  0.44613901E-03  0.44613901E-03  0.53174381E-03  0.53174381E-03
 0.42812242E+02  0.44378049E-03  0.44378049E-03  0.52967078E-03  0.52967078E-03
 0.42902946E+02  0.44171301E-03  0.44171301E-03  0.52799193E-03  0.52799193E-03
 0.42993650E+02  0.43974858E-03  0.43974858E-03  0.52676887E-03  0.52676887E-03
 0.43084354E+02  0.43766765E-03  0.43766765E-03  0.52597875E-03  0.52597875E-03
 0.43175058E+02  0.43525740E-03  0.43525740E-03  0.52549677E-03  0.52549677E-03
 0.43265763E+02  0.43235975E-03  0.43235975E-03  0.52509681E-03  0.52509681E-03
 0.43356467E+02  0.42892161E-03  0.42892161E-03  0.52447496E-03  0.52447496E-03
 0.43447171E+02  0.42503367E-03  0.42503367E-03  0.52329870E-03  0.52329870E-03
 0.43537875E+02  0.42094435E-03  0.42094435E-03  0.52127683E-03  0.52127683E-03
 0.43628579E+02  0.41703736E-03  0.41703736E-03  0.51823331E-03  0.51823331E-03
 0.43719283E+02  0.41377483E-03  0.41377483E-03  0.51416777E-03  0.51416777E-03
 0.43809988E+02  0.41161599E-03  0.41161599E-03  0.50928474E-03  0.50928474E-03
 0.43900692E+02  0.41092666E-03  0.41092666E-03  0.50398666E-03  0.50398666E-03
 0.43991396E+02  0.41189652E-03  0.41189652E-03  0.49882935E-03  0.49882935E-03
 0.44082100E+02  0.41447305E-03  0.41447305E-03  0.49444431E-03  0.49444431E-03
 0.44172804E+02  0.41832808E-03  0.41832808E-03  0.49143003E-03  0.49143003E-03
 0.44263508E+02  0.42287219E-03  0.42287219E-03  0.49022104E-03  0.49022104E-03
 0.44354213E+02  0.42733984E-03  0.42733984E-03  0.49095895E-03  0.49095895E-03
 0.44444917E+02  0.43094916E-03  0.43094916E-03  0.49340891E-03  0.49340891E-03
 0.44535621E+02  0.43310849E-03  0.43310849E-03  0.49697695E-03  0.49697695E-03
 0.44626325E+02  0.43359390E-03  0.43359390E-03  0.50085234E-03  0.50085234E-03
 0.44717029E+02  0.43261520E-03  0.43261520E-03  0.50423965E-03  0.50423965E-03
 0.44807733E+02  0.43073204E-03  0.43073204E-03  0.50658679E-03  0.50658679E-03
 0.44898438E+02  0.42865992E-03  0.42865992E-03  0.50771826E-03  0.50771826E-03
 0.44989142E+02  0.42705016E-03  0.42705016E-03  0.50783298E-03  0.50783298E-03
 0.45079846E+02  0.42632287E-03  0.42632287E-03  0.50739174E-03  0.50739174E-03
 0.45170550E+02  0.42659398E-03  0.42659398E-03  0.50695039E-03  0.50695039E-03
 0.45261254E+02  0.42769649E-03  0.42769649E-03  0.50699425E-03  0.50699425E-03
 0.45351958E+02  0.42927964E-03  0.42927964E-03  0.50781629E-03  0.50781629E-03
 0.45442662E+02  0.43095072E-03  0.43095072E-03  0.50947206E-03  0.50947206E-03
 0.45533367E+02  0.43241193E-03  0.43241193E-03  0.51182285E-03  0.51182285E-03
 0.45624071E+02  0.43353768E-03  0.43353768E-03  0.51464923E-03  0.51464923E-03
 0.45714775E+02  0.43436001E-03  0.43436001E-03  0.51778285E-03  0.51778285E-03
 0.45805479E+02  0.43497274E-03  0.43497274E-03  0.52118917E-03  0.52118917E-03
 0.45896183E+02  0.43442884E-03  0.43540511E-03  0.52502430E-03  0.52496114E-03
 0.45986888E+02  0.43443778E-03  0.43553529E-03  0.52918291E-03  0.52922325E-03
 0.46077592E+02  0.43275789E-03  0.43509378E-03  0.53354904E-03  0.53399190E-03
 0.46168296E+02  0.42922611E-03  0.43377344E-03  0.53732644E-03  0.53906557E-03
 0.46259000E+02  0.42624685E-03  0.43140408E-03  0.54092078E-03  0.54401577E-03
 0.46349704E+02  0.42297836E-03  0.42810735E-03  0.54394041E-03  0.54830848E-03
 0.46440408E+02  0.41972859E-03  0.42434112E-03  0.54641352E-03  0.55151634E-03
 0.46531113E+02  0.41609138E-03  0.42079392E-03  0.54797706E-03  0.55352646E-03
 0.46621817E+02  0.41403571E-03  0.41816728E-03  0.55053063E-03  0.55464791E-03
 0.46712521E+02  0.41164501E-03  0.41692737E-03  0.55276748E-03  0.55557753E-03
 0.46803225E+02  0.40850277E-03  0.41710578E-03  0.55494766E-03  0.55723390E-03
 0.46893929E+02  0.40584753E-03  0.41820356E-03  0.55791719E-03  0.56049729E-03
 0.46984633E+02  0.40275582E-03  0.41924481E-03  0.56114368E-03  0.56590642E-03
 0.47075338E+02  0.39909226E-03  0.41901211E-03  0.56443567E-03  0.57339651E-03
 0.47166042E+02  0.39470472E-03  0.41643956E-03  0.56744093E-03  0.58220773E-03
 0.47256746E+02  0.38993004E-03  0.41102232E-03  0.57017956E-03  0.59107064E-03
 0.47347450E+02  0.38479241E-03  0.40302850E-03  0.57241699E-03  0.59863551E-03
 0.47438154E+02  0.37885480E-03  0.39338332E-03  0.57287567E-03  0.60394040E-03
 0.47528858E+02  0.37362688E-03  0.38329768E-03  0.57399706E-03  0.60668189E-03
 0.47619563E+02  0.36848092E-03  0.37385499E-03  0.57466906E-03  0.60719683E-03
 0.47710267E+02  0.36371796E-03  0.36572892E-03  0.57595475E-03  0.60623629E-03
 0.47800971E+02  0.35864885E-03  0.35908964E-03  0.57474682E-03  0.60466943E-03
 0.47891675E+02  0.35405991E-03  0.35366641E-03  0.57451523E-03  0.60321914E-03
 0.47982379E+02  0.34966847E-03  0.34891802E-03  0.57409995E-03  0.60228198E-03
 0.48073083E+02  0.34546906E-03  0.34425859E-03  0.57353512E-03  0.60186544E-03
 0.48163788E+02  0.34145673E-03  0.33927457E-03  0.57262580E-03  0.60165502E-03
 0.48254492E+02  0.33764298E-03  0.33385796E-03  0.57183792E-03  0.60118978E-03
 0.48345196E+02  0.33402005E-03  0.32820588E-03  0.57097213E-03  0.60006968E-03
 0.48435900E+02  0.33058976E-03  0.32270392E-03  0.57005411E-03  0.59810592E-03
 0.48526604E+02  0.32737114E-03  0.31776219E-03  0.56890787E-03  0.59536185E-03
 0.48617308E+02  0.32431775E-03  0.31368096E-03  0.56797662E-03  0.59209649E-03
 0.48708013E+02  0.32143405E-03  0.31058659E-03  0.56707741E-03  0.58865905E-03
 0.48798717E+02  0.31870253E-03  0.30843741E-03  0.56623374E-03  0.58538558E-03
 0.48889421E+02  0.31616228E-03  0.30707490E-03  0.56478526E-03  0.58253165E-03
 0.48980125E+02  0.31362149E-03  0.30628974E-03  0.56460442E-03  0.58024929E-03
 0.49070829E+02  0.31120697E-03  0.30587323E-03  0.56402236E-03  0.57860258E-03
 0.49161533E+02  0.30885279E-03  0.30563968E-03  0.56353884E-03  0.57759888E-03
 0.49252237E+02  0.30651698E-03  0.30542251E-03  0.56254748E-03  0.57721106E-03
 0.49342942E+02  0.30423248E-03  0.30506311E-03  0.56268428E-03  0.57737727E-03
 0.49433646E+02  0.30193781E-03  0.30441658E-03  0.56248170E-03  0.57798274E-03
 0.49524350E+02  0.29963449E-03  0.30338516E-03  0.56236233E-03  0.57884749E-03
 0.49615054E+02  0.29720707E-03  0.30196783E-03  0.56171428E-03  0.57974615E-03
 0.49705758E+02  0.29491506E-03  0.30029344E-03  0.56215028E-03  0.58046914E-03
 0.49796462E+02  0.29251041E-03  0.29860799E-03  0.56223443E-03  0.58090642E-03
 0.49887167E+02  0.29005339E-03  0.29720454E-03  0.56237250E-03  0.58111413E-03
 0.49977871E+02  0.28753450E-03  0.29631826E-03  0.56255550E-03  0.58133130E-03
 0.50068575E+02  0.28488518E-03  0.29602302E-03  0.56254036E-03  0.58192876E-03
 0.50159279E+02  0.28221478E-03  0.29616747E-03  0.56276884E-03  0.58330446E-03
 0.50249983E+02  0.27946224E-03  0.29637955E-03  0.56300467E-03  0.58575074E-03
 0.50340687E+02  0.27674212E-03  0.29614894E-03  0.56370969E-03  0.58933734E-03
 0.50431392E+02  0.27381500E-03  0.29497189E-03  0.56392728E-03  0.59385833E-03
 0.50522096E+02  0.27063490E-03  0.29250630E-03  0.56331469E-03  0.59887644E-03
 0.50612800E+02  0.26755668E-03  0.28866965E-03  0.56342098E-03  0.60385550E-03
 0.50703504E+02  0.26449572E-03  0.28363379E-03  0.56398450E-03  0.60831839E-03
 0.50794208E+02  0.26127782E-03  0.27773154E-03  0.56396198E-03  0.61195890E-03
 0.50884913E+02  0.25791462E-03  0.27133248E-03  0.56298419E-03  0.61466633E-03
 0.50975617E+02  0.25463303E-03  0.26475023E-03  0.56277922E-03  0.61647988E-03
 0.51066321E+02  0.25135502E-03  0.25820697E-03  0.56302395E-03  0.61751808E-03
 0.51157025E+02  0.24801924E-03  0.25184238E-03  0.56263916E-03  0.61792503E-03
 0.51247729E+02  0.24468008E-03  0.24573672E-03  0.56216254E-03  0.61784668E-03
 0.51338433E+02  0.24135910E-03  0.23992255E-03  0.56122156E-03  0.61742797E-03
 0.51429138E+02  0.23805260E-03  0.23437970E-03  0.56056459E-03  0.61680827E-03
 0.51519842E+02  0.23476955E-03  0.22902734E-03  0.55982537E-03  0.61609916E-03
 0.51610546E+02  0.23145944E-03  0.22373407E-03  0.55952905E-03  0.61534789E-03
 0.51701250E+02  0.22823147E-03  0.21835928E-03  0.55863137E-03  0.61450389E-03
 0.51791954E+02  0.22518718E-03  0.21281874E-03  0.55677973E-03  0.61341842E-03
 0.51882658E+02  0.22206613E-03  0.20714535E-03  0.55576477E-03  0.61189123E-03
 0.51973363E+02  0.21889361E-03  0.20150887E-03  0.55518053E-03  0.60975373E-03
 0.52064067E+02  0.21586121E-03  0.19617839E-03  0.55405351E-03  0.60695113E-03
 0.52154771E+02  0.21287958E-03  0.19144064E-03  0.55288445E-03  0.60358585E-03
 0.52245475E+02  0.21004748E-03  0.18750915E-03  0.55130182E-03  0.59990557E-03
 0.52336179E+02  0.20717177E-03  0.18445636E-03  0.55006720E-03  0.59624457E-03
 0.52426883E+02  0.20434358E-03  0.18218684E-03  0.54880550E-03  0.59294046E-03
 0.52517588E+02  0.20142742E-03  0.18045600E-03  0.54795021E-03  0.59024733E-03
 0.52608292E+02  0.19868501E-03  0.17893281E-03  0.54663521E-03  0.58826877E-03
 0.52698996E+02  0.19598396E-03  0.17729306E-03  0.54530229E-03  0.58693389E-03
 0.52789700E+02  0.19345038E-03  0.17531264E-03  0.54358737E-03  0.58603296E-03
 0.52880404E+02  0.19082904E-03  0.17292154E-03  0.54222448E-03  0.58530208E-03
 0.52971108E+02  0.18824239E-03  0.17019339E-03  0.54084663E-03  0.58452015E-03
 0.53061813E+02  0.18553863E-03  0.16728194E-03  0.53983978E-03  0.58357275E-03
 0.53152517E+02  0.18301487E-03  0.16434062E-03  0.53842494E-03  0.58246077E-03
 0.53243221E+02  0.18082618E-03  0.16146345E-03  0.53626163E-03  0.58126408E-03
 0.53333925E+02  0.17821293E-03  0.15866250E-03  0.53519131E-03  0.58008558E-03
 0.53424629E+02  0.17578452E-03  0.15588106E-03  0.53373160E-03  0.57900196E-03
 0.53515333E+02  0.17338625E-03  0.15302604E-03  0.53225569E-03  0.57803464E-03
 0.53606037E+02  0.17085405E-03  0.15000569E-03  0.53111249E-03  0.57714421E-03
 0.53696742E+02  0.16851521E-03  0.14676075E-03  0.52959673E-03  0.57624412E-03
 0.53787446E+02  0.16655309E-03  0.14328173E-03  0.52737551E-03  0.57522576E-03
 0.53878150E+02  0.16411412E-03  0.13961130E-03  0.52616676E-03  0.57398644E-03
 0.53968854E+02  0.16187727E-03  0.13583302E-03  0.52460510E-03  0.57245267E-03
 0.54059558E+02  0.15967469E-03  0.13205132E-03  0.52302870E-03  0.57059469E-03
 0.54150263E+02  0.15733022E-03  0.12836832E-03  0.52175045E-03  0.56842749E-03
 0.54240967E+02  0.15557440E-03  0.12486546E-03  0.51949405E-03  0.56600198E-03
 0.54331671E+02  0.15330321E-03  0.12159318E-03  0.51818260E-03  0.56338932E-03
 0.54422375E+02  0.15124763E-03  0.11856956E-03  0.51655477E-03  0.56066540E-03
 0.54513079E+02  0.14922931E-03  0.11578495E-03  0.51491870E-03  0.55789875E-03
 0.54603783E+02  0.14706535E-03  0.11320840E-03  0.51355632E-03  0.55514250E-03
 0.54694488E+02  0.14512177E-03  0.11079520E-03  0.51190160E-03  0.55242812E-03
 0.54785192E+02  0.14361791E-03  0.10849746E-03  0.50965653E-03  0.54975995E-03
 0.54875896E+02  0.14156757E-03  0.10627983E-03  0.50826893E-03  0.54711552E-03
 0.54966600E+02  0.13973670E-03  0.10413643E-03  0.50661335E-03  0.54445658E-03
 0.55057304E+02  0.13794119E-03  0.10209826E-03  0.50495927E-03  0.54175450E-03
 0.55148008E+02  0.13599801E-03  0.10021828E-03  0.50355142E-03  0.53901879E-03
 0.55238713E+02  0.13427176E-03  0.98534006E-04  0.50189816E-03  0.53630871E-03
 0.55329417E+02  0.13239678E-03  0.97026062E-04  0.50048326E-03  0.53371053E-03
 0.55420121E+02  0.13114729E-03  0.95603380E-04  0.49831595E-03  0.53128119E-03
 0.55510825E+02  0.12951578E-03  0.94141941E-04  0.49668591E-03  0.52898818E-03
 0.55601529E+02  0.12773591E-03  0.92571032E-04  0.49528136E-03  0.52669508E-03
 0.55692233E+02  0.12616205E-03  0.90954539E-04  0.49366270E-03  0.52422774E-03
 0.55782938E+02  0.12443933E-03  0.89496737E-04  0.49226205E-03  0.52149330E-03
 0.55873642E+02  0.12291802E-03  0.88452351E-04  0.49065721E-03  0.51857475E-03
 0.55964346E+02  0.12182668E-03  0.87989465E-04  0.48858670E-03  0.51573713E-03
 0.56055050E+02  0.12017953E-03  0.88076027E-04  0.48720485E-03  0.51333996E-03
 0.56145754E+02  0.11872513E-03  0.88441774E-04  0.48563134E-03  0.51168752E-03
 0.56236458E+02  0.11729088E-03  0.88650500E-04  0.48406687E-03  0.51087036E-03
 0.56327163E+02  0.11571040E-03  0.88282226E-04  0.48269689E-03  0.51068779E-03
 0.56417867E+02  0.11431588E-03  0.87131642E-04  0.48114572E-03  0.51073263E-03
 0.56508571E+02  0.11317715E-03  0.85273598E-04  0.47934095E-03  0.51059937E-03
 0.56599275E+02  0.11181840E-03  0.82953135E-04  0.47780783E-03  0.51004919E-03
 0.56689979E+02  0.11047680E-03  0.80424878E-04  0.47628212E-03  0.50902411E-03
 0.56780683E+02  0.10899290E-03  0.77873085E-04  0.47493374E-03  0.50756291E-03
 0.56871388E+02  0.10768636E-03  0.75421639E-04  0.47341871E-03  0.50573165E-03
 0.56962092E+02  0.10623898E-03  0.73161825E-04  0.47207519E-03  0.50360952E-03
 0.57052796E+02  0.10496664E-03  0.71151516E-04  0.47057057E-03  0.50129406E-03
 0.57143500E+02  0.10410595E-03  0.69401922E-04  0.46866618E-03  0.49888531E-03
 0.57234204E+02  0.10271091E-03  0.67887771E-04  0.46733677E-03  0.49645549E-03
 0.57324908E+02  0.10148622E-03  0.66582354E-04  0.46585507E-03  0.49404157E-03
 0.57415613E+02  0.10012560E-03  0.65480382E-04  0.46453151E-03  0.49167237E-03
 0.57506317E+02  0.98932809E-04  0.64581398E-04  0.46306121E-03  0.48940034E-03
 0.57597021E+02  0.97605497E-04  0.63853377E-04  0.46174452E-03  0.48729763E-03
 0.57687725E+02  0.96443286E-04  0.63219544E-04  0.46028651E-03  0.48542116E-03
 0.57778429E+02  0.95683843E-04  0.62578908E-04  0.45846094E-03  0.48378574E-03
 0.57869133E+02  0.94402156E-04  0.61828328E-04  0.45716226E-03  0.48236404E-03
 0.57959837E+02  0.93279776E-04  0.60867330E-04  0.45573001E-03  0.48108331E-03
 0.58050542E+02  0.92026988E-04  0.59622410E-04  0.45444047E-03  0.47980112E-03
 0.58141246E+02  0.90930185E-04  0.58118526E-04  0.45302183E-03  0.47831386E-03
 0.58231950E+02  0.89844423E-04  0.56531343E-04  0.45161123E-03  0.47644958E-03
 0.58322654E+02  0.88630366E-04  0.55132494E-04  0.45033720E-03  0.47418669E-03
 0.58413358E+02  0.87946348E-04  0.54155715E-04  0.44858934E-03  0.47168501E-03
 0.58504063E+02  0.86753617E-04  0.53691196E-04  0.44732861E-03  0.46921100E-03
 0.58594767E+02  0.85707311E-04  0.53663289E-04  0.44594766E-03  0.46702601E-03
 0.58685471E+02  0.84534840E-04  0.53875253E-04  0.44469583E-03  0.46529917E-03
 0.58776175E+02  0.83505564E-04  0.54084771E-04  0.44332632E-03  0.46406639E-03
 0.58866879E+02  0.82350880E-04  0.54083643E-04  0.44208225E-03  0.46323592E-03
 0.58957583E+02  0.81336449E-04  0.53757187E-04  0.44072236E-03  0.46263822E-03
 0.59048288E+02  0.80701504E-04  0.53096643E-04  0.43903250E-03  0.46209628E-03
 0.59138992E+02  0.79568755E-04  0.52168419E-04  0.43779933E-03  0.46147426E-03
 0.59229696E+02  0.78572234E-04  0.51081340E-04  0.43645246E-03  0.46069208E-03
 0.59320400E+02  0.77453164E-04  0.49962408E-04  0.43522150E-03  0.45973698E-03
 0.59411104E+02  0.76468756E-04  0.48917095E-04  0.43387780E-03  0.45866786E-03
 0.59501808E+02  0.75362672E-04  0.47991145E-04  0.43264641E-03  0.45758534E-03
 0.59592513E+02  0.74390335E-04  0.47168678E-04  0.43130303E-03  0.45658825E-03
 0.59683217E+02  0.73423903E-04  0.46389994E-04  0.42995950E-03  0.45575153E-03
 0.59773921E+02  0.72714069E-04  0.45565298E-04  0.42840192E-03  0.45511388E-03
 0.59864625E+02  0.71761905E-04  0.44594037E-04  0.42705713E-03  0.45466746E-03
 0.59955329E+02  0.70691513E-04  0.43387938E-04  0.42581531E-03  0.45436056E-03
 0.60046033E+02  0.69755030E-04  0.41886844E-04  0.42446480E-03  0.45411014E-03
 0.60136738E+02  0.68701512E-04  0.40064841E-04  0.42321388E-03  0.45381912E-03
 0.60227442E+02  0.67783028E-04  0.37923859E-04  0.42185606E-03  0.45338832E-03
 0.60318146E+02  0.66748811E-04  0.35490818E-04  0.42059460E-03  0.45271177E-03
 0.60408850E+02  0.66238878E-04  0.32838435E-04  0.41892582E-03  0.45167844E-03
 0.60499554E+02  0.65228333E-04  0.30099712E-04  0.41765666E-03  0.45021003E-03
 0.60590258E+02  0.64355469E-04  0.27437103E-04  0.41628637E-03  0.44830412E-03
 0.60680962E+02  0.63495195E-04  0.24985853E-04  0.41491330E-03  0.44603496E-03
 0.60771667E+02  0.62523326E-04  0.22820736E-04  0.41362881E-03  0.44351533E-03
 0.60862371E+02  0.61690654E-04  0.20958741E-04  0.41224915E-03  0.44085607E-03
 0.60953075E+02  0.60747673E-04  0.19379437E-04  0.41095534E-03  0.43814449E-03
 0.61043779E+02  0.59944859E-04  0.18045513E-04  0.40957073E-03  0.43544012E-03
 0.61134483E+02  0.59432891E-04  0.16916233E-04  0.40799954E-03  0.43277913E-03
 0.61225188E+02  0.58662012E-04  0.15954343E-04  0.40661731E-03  0.43018106E-03
 0.61315892E+02  0.57783551E-04  0.15128381E-04  0.40531576E-03  0.42765502E-03
 0.61406596E+02  0.57045185E-04  0.14412832E-04  0.40393335E-03  0.42520372E-03
 0.61497300E+02  0.56200349E-04  0.13787366E-04  0.40262910E-03  0.42282630E-03
 0.61588004E+02  0.55495109E-04  0.13235912E-04  0.40124901E-03  0.42052002E-03
 0.61678708E+02  0.54684502E-04  0.12745753E-04  0.39994461E-03  0.41828126E-03
 0.61769412E+02  0.54012504E-04  0.12306771E-04  0.39856940E-03  0.41610603E-03
 0.61860117E+02  0.53236200E-04  0.11910891E-04  0.39726740E-03  0.41399036E-03
 0.61950821E+02  0.52997128E-04  0.11551599E-04  0.39567478E-03  0.41193046E-03
 0.62041525E+02  0.52253798E-04  0.11223610E-04  0.39438287E-03  0.40992264E-03
 0.62132229E+02  0.51645196E-04  0.10922604E-04  0.39302962E-03  0.40796364E-03
 0.62222933E+02  0.51051482E-04  0.10645019E-04  0.39168276E-03  0.40605039E-03
 0.62313638E+02  0.50356888E-04  0.10387890E-04  0.39040271E-03  0.40418008E-03
 0.62404342E+02  0.49793282E-04  0.10148743E-04  0.38906800E-03  0.40235017E-03
 0.62495046E+02  0.49129950E-04  0.99254934E-05  0.38779767E-03  0.40055834E-03
 0.62585750E+02  0.48595126E-04  0.97163665E-05  0.38647665E-03  0.39880246E-03
 0.62676454E+02  0.48351122E-04  0.95198565E-05  0.38502964E-03  0.39708060E-03
 0.62767158E+02  0.47841263E-04  0.93346662E-05  0.38372799E-03  0.39539102E-03
 0.62857863E+02  0.47234404E-04  0.91596753E-05  0.38248595E-03  0.39373203E-03
 0.62948567E+02  0.46750238E-04  0.89939168E-05  0.38120001E-03  0.39210219E-03
 0.63039271E+02  0.46170367E-04  0.88365424E-05  0.37997138E-03  0.39050010E-03
 0.63129975E+02  0.45710407E-04  0.86868125E-05  0.37870195E-03  0.38892453E-03
 0.63220679E+02  0.45156095E-04  0.85440765E-05  0.37748758E-03  0.38737430E-03
 0.63311383E+02  0.44718884E-04  0.84077571E-05  0.37623524E-03  0.38584833E-03
 0.63402088E+02  0.44188703E-04  0.82773443E-05  0.37503578E-03  0.38434564E-03
 0.63492792E+02  0.44142935E-04  0.81523838E-05  0.37364652E-03  0.38286528E-03
 0.63583496E+02  0.43633017E-04  0.80324703E-05  0.37246604E-03  0.38140643E-03
 0.63674200E+02  0.43234269E-04  0.79172375E-05  0.37125221E-03  0.37996821E-03
 0.63764904E+02  0.42745716E-04  0.78063603E-05  0.37008721E-03  0.37854993E-03
 0.63855608E+02  0.42365604E-04  0.76995415E-05  0.36889106E-03  0.37715084E-03
 0.63946313E+02  0.41897156E-04  0.75965149E-05  0.36774178E-03  0.37577030E-03
 0.64037017E+02  0.41534470E-04  0.74970388E-05  0.36656334E-03  0.37440770E-03
 0.64127721E+02  0.41084940E-04  0.74008918E-05  0.36542991E-03  0.37306244E-03
 0.64218425E+02  0.40738542E-04  0.73078731E-05  0.36426911E-03  0.37173397E-03
 0.64309129E+02  0.40655913E-04  0.72177994E-05  0.36302270E-03  0.37042178E-03
 0.64399833E+02  0.40321959E-04  0.71305029E-05  0.36188201E-03  0.36912540E-03
 0.64490538E+02  0.39904399E-04  0.70458270E-05  0.36078295E-03  0.36784431E-03
 0.64581242E+02  0.39584710E-04  0.69636314E-05  0.35965942E-03  0.36657811E-03
 0.64671946E+02  0.39182919E-04  0.68837835E-05  0.35857594E-03  0.36532636E-03
 0.64762650E+02  0.38876578E-04  0.68061628E-05  0.35746938E-03  0.36408867E-03
 0.64853354E+02  0.38489642E-04  0.67306577E-05  0.35640134E-03  0.36286467E-03
 0.64944058E+02  0.38195809E-04  0.66571635E-05  0.35531151E-03  0.36165400E-03
 0.65034762E+02  0.37822869E-04  0.65855838E-05  0.35425872E-03  0.36045631E-03
 0.65125467E+02  0.37869150E-04  0.65158291E-05  0.35307559E-03  0.35927128E-03
 0.65216171E+02  0.37506966E-04  0.64478164E-05  0.35204002E-03  0.35809862E-03
 0.65306875E+02  0.37233265E-04  0.63814656E-05  0.35098469E-03  0.35693797E-03
 0.65397579E+02  0.36883580E-04  0.63167054E-05  0.34996382E-03  0.35578910E-03
 0.65488283E+02  0.36540180E-04  0.62534663E-05  0.34894995E-03  0.35465170E-03
 0.65578988E+02  0.36282382E-04  0.61916848E-05  0.34791781E-03  0.35352553E-03
 0.65669692E+02  0.35950466E-04  0.61313012E-05  0.34691831E-03  0.35241033E-03
 0.65760396E+02  0.35702118E-04  0.60722585E-05  0.34590146E-03  0.35130586E-03
 0.65851100E+02  0.35381067E-04  0.60145037E-05  0.34491607E-03  0.35021188E-03
 0.65941804E+02  0.35450963E-04  0.59579870E-05  0.34381919E-03  0.34912818E-03
 0.66032508E+02  0.35137930E-04  0.59026620E-05  0.34284936E-03  0.34805457E-03
 0.66123212E+02  0.34904493E-04  0.58484823E-05  0.34186358E-03  0.34699078E-03
 0.66213917E+02  0.34601258E-04  0.57954073E-05  0.34090721E-03  0.34593665E-03
 0.66304621E+02  0.34375786E-04  0.57433962E-05  0.33993567E-03  0.34489197E-03
 0.66395325E+02  0.34081854E-04  0.56924119E-05  0.33899252E-03  0.34385657E-03
 0.66486029E+02  0.33863908E-04  0.56424187E-05  0.33803490E-03  0.34283026E-03
 0.66576733E+02  0.33578815E-04  0.55933825E-05  0.33710470E-03  0.34181287E-03
 0.66667438E+02  0.33367984E-04  0.55452712E-05  0.33616069E-03  0.34080424E-03
 0.66758142E+02  0.33091300E-04  0.54980544E-05  0.33524317E-03  0.33980419E-03
 0.66848846E+02  0.33177058E-04  0.54517035E-05  0.33423026E-03  0.33881261E-03
 0.66939550E+02  0.32906308E-04  0.54061893E-05  0.33332648E-03  0.33782928E-03
 0.67030254E+02  0.32639678E-04  0.53614868E-05  0.33242864E-03  0.33685409E-03
 0.67120958E+02  0.32443383E-04  0.53175698E-05  0.33151826E-03  0.33588689E-03
 0.67211663E+02  0.32184233E-04  0.52744148E-05  0.33063238E-03  0.33492754E-03
 0.67302367E+02  0.31993874E-04  0.52319991E-05  0.32973451E-03  0.33397592E-03
 0.67393071E+02  0.31741861E-04  0.51903003E-05  0.32886035E-03  0.33303188E-03
 0.67483775E+02  0.31557142E-04  0.51492978E-05  0.32797470E-03  0.33209531E-03
 0.67574479E+02  0.31311944E-04  0.51089715E-05  0.32711202E-03  0.33116607E-03
 0.67665183E+02  0.31132595E-04  0.50693029E-05  0.32623833E-03  0.33024409E-03
 0.67755888E+02  0.31166438E-04  0.50302721E-05  0.32531472E-03  0.32932918E-03
 0.67846592E+02  0.30990250E-04  0.49918626E-05  0.32445364E-03  0.32842127E-03
 0.67937296E+02  0.30755947E-04  0.49540568E-05  0.32361422E-03  0.32752023E-03
 0.68028000E+02  0.30584666E-04  0.49168388E-05  0.32276449E-03  0.32662598E-03
