#   iter=  100   gam= 0.18374662E-01   kpref= 0.61146447E-03
     #   Energy           Spect        Spect(0)            SPKK         SPKK(0)
-0.40817000E+02  0.31334062E-05  0.31334062E-05 -0.31121575E-03 -0.31121575E-03
-0.40726296E+02  0.31455861E-05  0.31455861E-05 -0.31178514E-03 -0.31178514E-03
-0.40635592E+02  0.31578403E-05  0.31578403E-05 -0.31235675E-03 -0.31235675E-03
-0.40544887E+02  0.31701696E-05  0.31701696E-05 -0.31293059E-03 -0.31293059E-03
-0.40454183E+02  0.31825745E-05  0.31825745E-05 -0.31350667E-03 -0.31350667E-03
-0.40363479E+02  0.31950558E-05  0.31950558E-05 -0.31408501E-03 -0.31408501E-03
-0.40272775E+02  0.32076139E-05  0.32076139E-05 -0.31466562E-03 -0.31466562E-03
-0.40182071E+02  0.32202496E-05  0.32202496E-05 -0.31524851E-03 -0.31524851E-03
-0.40091367E+02  0.32329628E-05  0.32329628E-05 -0.31583366E-03 -0.31583366E-03
-0.40000662E+02  0.32457556E-05  0.32457556E-05 -0.31642117E-03 -0.31642117E-03
-0.39909958E+02  0.32586281E-05  0.32586281E-05 -0.31701099E-03 -0.31701099E-03
-0.39819254E+02  0.32715808E-05  0.32715808E-05 -0.31760316E-03 -0.31760316E-03
-0.39728550E+02  0.32846145E-05  0.32846145E-05 -0.31819769E-03 -0.31819769E-03
-0.39637846E+02  0.32977298E-05  0.32977298E-05 -0.31879459E-03 -0.31879459E-03
-0.39547142E+02  0.33109275E-05  0.33109275E-05 -0.31939387E-03 -0.31939387E-03
-0.39456437E+02  0.33242082E-05  0.33242082E-05 -0.31999555E-03 -0.31999555E-03
-0.39365733E+02  0.33375728E-05  0.33375728E-05 -0.32059965E-03 -0.32059965E-03
-0.39275029E+02  0.33510219E-05  0.33510219E-05 -0.32120618E-03 -0.32120618E-03
-0.39184325E+02  0.33645562E-05  0.33645562E-05 -0.32181515E-03 -0.32181515E-03
-0.39093621E+02  0.33781765E-05  0.33781765E-05 -0.32242659E-03 -0.32242659E-03
-0.39002917E+02  0.33918835E-05  0.33918835E-05 -0.32304050E-03 -0.32304050E-03
-0.38912212E+02  0.34056782E-05  0.34056782E-05 -0.32365691E-03 -0.32365691E-03
-0.38821508E+02  0.34195611E-05  0.34195611E-05 -0.32427582E-03 -0.32427582E-03
-0.38730804E+02  0.34335331E-05  0.34335331E-05 -0.32489726E-03 -0.32489726E-03
-0.38640100E+02  0.34475949E-05  0.34475949E-05 -0.32552124E-03 -0.32552124E-03
-0.38549396E+02  0.34617474E-05  0.34617474E-05 -0.32614778E-03 -0.32614778E-03
-0.38458692E+02  0.34759905E-05  0.34759905E-05 -0.32677686E-03 -0.32677686E-03
-0.38367987E+02  0.34903268E-05  0.34903268E-05 -0.32740856E-03 -0.32740856E-03
-0.38277283E+02  0.35047562E-05  0.35047562E-05 -0.32804287E-03 -0.32804287E-03
-0.38186579E+02  0.35192795E-05  0.35192795E-05 -0.32867981E-03 -0.32867981E-03
-0.38095875E+02  0.35338976E-05  0.35338976E-05 -0.32931939E-03 -0.32931939E-03
-0.38005171E+02  0.35486113E-05  0.35486113E-05 -0.32996163E-03 -0.32996163E-03
-0.37914467E+02  0.35634216E-05  0.35634216E-05 -0.33060654E-03 -0.33060654E-03
-0.37823762E+02  0.35783292E-05  0.35783292E-05 -0.33125415E-03 -0.33125415E-03
-0.37733058E+02  0.35933351E-05  0.35933351E-05 -0.33190447E-03 -0.33190447E-03
-0.37642354E+02  0.36084402E-05  0.36084402E-05 -0.33255752E-03 -0.33255752E-03
-0.37551650E+02  0.36236453E-05  0.36236453E-05 -0.33321332E-03 -0.33321332E-03
-0.37460946E+02  0.36389513E-05  0.36389513E-05 -0.33387188E-03 -0.33387188E-03
-0.37370242E+02  0.36543592E-05  0.36543592E-05 -0.33453322E-03 -0.33453322E-03
-0.37279537E+02  0.36698700E-05  0.36698700E-05 -0.33519737E-03 -0.33519737E-03
-0.37188833E+02  0.36854846E-05  0.36854846E-05 -0.33586434E-03 -0.33586434E-03
-0.37098129E+02  0.37012035E-05  0.37012035E-05 -0.33653413E-03 -0.33653413E-03
-0.37007425E+02  0.37170285E-05  0.37170285E-05 -0.33720680E-03 -0.33720680E-03
-0.36916721E+02  0.37329603E-05  0.37329603E-05 -0.33788235E-03 -0.33788235E-03
-0.36826017E+02  0.37489997E-05  0.37489997E-05 -0.33856080E-03 -0.33856080E-03
-0.36735312E+02  0.37651479E-05  0.37651479E-05 -0.33924216E-03 -0.33924216E-03
-0.36644608E+02  0.37814058E-05  0.37814058E-05 -0.33992646E-03 -0.33992646E-03
-0.36553904E+02  0.37977744E-05  0.37977744E-05 -0.34061372E-03 -0.34061372E-03
-0.36463200E+02  0.38142542E-05  0.38142542E-05 -0.34130394E-03 -0.34130394E-03
-0.36372496E+02  0.38308475E-05  0.38308475E-05 -0.34199717E-03 -0.34199717E-03
-0.36281792E+02  0.38475546E-05  0.38475546E-05 -0.34269343E-03 -0.34269343E-03
-0.36191087E+02  0.38643767E-05  0.38643767E-05 -0.34339272E-03 -0.34339272E-03
-0.36100383E+02  0.38813149E-05  0.38813149E-05 -0.34409507E-03 -0.34409507E-03
-0.36009679E+02  0.38983703E-05  0.38983703E-05 -0.34480051E-03 -0.34480051E-03
-0.35918975E+02  0.39155440E-05  0.39155440E-05 -0.34550905E-03 -0.34550905E-03
-0.35828271E+02  0.39328371E-05  0.39328371E-05 -0.34622071E-03 -0.34622071E-03
-0.35737567E+02  0.39502507E-05  0.39502507E-05 -0.34693551E-03 -0.34693551E-03
-0.35646862E+02  0.39677856E-05  0.39677856E-05 -0.34765346E-03 -0.34765346E-03
-0.35556158E+02  0.39854440E-05  0.39854440E-05 -0.34837463E-03 -0.34837463E-03
-0.35465454E+02  0.40032265E-05  0.40032265E-05 -0.34909900E-03 -0.34909900E-03
-0.35374750E+02  0.40211344E-05  0.40211344E-05 -0.34982662E-03 -0.34982662E-03
-0.35284046E+02  0.40391687E-05  0.40391687E-05 -0.35055749E-03 -0.35055749E-03
-0.35193342E+02  0.40573309E-05  0.40573309E-05 -0.35129164E-03 -0.35129164E-03
-0.35102638E+02  0.40756221E-05  0.40756221E-05 -0.35202909E-03 -0.35202909E-03
-0.35011933E+02  0.40940436E-05  0.40940436E-05 -0.35276988E-03 -0.35276988E-03
-0.34921229E+02  0.41125966E-05  0.41125966E-05 -0.35351401E-03 -0.35351401E-03
-0.34830525E+02  0.41312820E-05  0.41312820E-05 -0.35426150E-03 -0.35426150E-03
-0.34739821E+02  0.41501021E-05  0.41501021E-05 -0.35501241E-03 -0.35501241E-03
-0.34649117E+02  0.41690578E-05  0.41690578E-05 -0.35576674E-03 -0.35576674E-03
-0.34558413E+02  0.41881504E-05  0.41881504E-05 -0.35652452E-03 -0.35652452E-03
-0.34467708E+02  0.42073811E-05  0.42073811E-05 -0.35728578E-03 -0.35728578E-03
-0.34377004E+02  0.42267515E-05  0.42267515E-05 -0.35805053E-03 -0.35805053E-03
-0.34286300E+02  0.42462630E-05  0.42462630E-05 -0.35881881E-03 -0.35881881E-03
-0.34195596E+02  0.42659169E-05  0.42659169E-05 -0.35959064E-03 -0.35959064E-03
-0.34104892E+02  0.42857144E-05  0.42857144E-05 -0.36036604E-03 -0.36036604E-03
-0.34014187E+02  0.43056569E-05  0.43056569E-05 -0.36114502E-03 -0.36114502E-03
-0.33923483E+02  0.43257469E-05  0.43257469E-05 -0.36192765E-03 -0.36192765E-03
-0.33832779E+02  0.43459851E-05  0.43459851E-05 -0.36271394E-03 -0.36271394E-03
-0.33742075E+02  0.43663732E-05  0.43663732E-05 -0.36350391E-03 -0.36350391E-03
-0.33651371E+02  0.43869126E-05  0.43869126E-05 -0.36429759E-03 -0.36429759E-03
-0.33560667E+02  0.44076049E-05  0.44076049E-05 -0.36509501E-03 -0.36509501E-03
-0.33469962E+02  0.44284518E-05  0.44284518E-05 -0.36589619E-03 -0.36589619E-03
-0.33379258E+02  0.44494547E-05  0.44494547E-05 -0.36670117E-03 -0.36670117E-03
-0.33288554E+02  0.44706153E-05  0.44706153E-05 -0.36750996E-03 -0.36750996E-03
-0.33197850E+02  0.44919346E-05  0.44919346E-05 -0.36832259E-03 -0.36832259E-03
-0.33107146E+02  0.45134156E-05  0.45134156E-05 -0.36913911E-03 -0.36913911E-03
-0.33016442E+02  0.45350592E-05  0.45350592E-05 -0.36995955E-03 -0.36995955E-03
-0.32925737E+02  0.45568672E-05  0.45568672E-05 -0.37078392E-03 -0.37078392E-03
-0.32835033E+02  0.45788413E-05  0.45788413E-05 -0.37161226E-03 -0.37161226E-03
-0.32744329E+02  0.46009833E-05  0.46009833E-05 -0.37244460E-03 -0.37244460E-03
-0.32653625E+02  0.46232949E-05  0.46232949E-05 -0.37328097E-03 -0.37328097E-03
-0.32562921E+02  0.46457777E-05  0.46457777E-05 -0.37412139E-03 -0.37412139E-03
-0.32472217E+02  0.46684341E-05  0.46684341E-05 -0.37496591E-03 -0.37496591E-03
-0.32381512E+02  0.46912648E-05  0.46912648E-05 -0.37581452E-03 -0.37581452E-03
-0.32290808E+02  0.47142732E-05  0.47142732E-05 -0.37666732E-03 -0.37666732E-03
-0.32200104E+02  0.47374605E-05  0.47374605E-05 -0.37752430E-03 -0.37752430E-03
-0.32109400E+02  0.47608285E-05  0.47608285E-05 -0.37838550E-03 -0.37838550E-03
-0.32018696E+02  0.47843793E-05  0.47843793E-05 -0.37925095E-03 -0.37925095E-03
-0.31927992E+02  0.48081149E-05  0.48081149E-05 -0.38012069E-03 -0.38012069E-03
-0.31837287E+02  0.48320372E-05  0.48320372E-05 -0.38099475E-03 -0.38099475E-03
-0.31746583E+02  0.48561482E-05  0.48561482E-05 -0.38187316E-03 -0.38187316E-03
-0.31655879E+02  0.48804501E-05  0.48804501E-05 -0.38275596E-03 -0.38275596E-03
-0.31565175E+02  0.49049442E-05  0.49049442E-05 -0.38364315E-03 -0.38364315E-03
-0.31474471E+02  0.49296340E-05  0.49296340E-05 -0.38453483E-03 -0.38453483E-03
-0.31383767E+02  0.49545211E-05  0.49545211E-05 -0.38543100E-03 -0.38543100E-03
-0.31293062E+02  0.49796075E-05  0.49796075E-05 -0.38633169E-03 -0.38633169E-03
-0.31202358E+02  0.50048954E-05  0.50048954E-05 -0.38723696E-03 -0.38723696E-03
-0.31111654E+02  0.50303872E-05  0.50303872E-05 -0.38814682E-03 -0.38814682E-03
-0.31020950E+02  0.50560851E-05  0.50560851E-05 -0.38906133E-03 -0.38906133E-03
-0.30930246E+02  0.50819911E-05  0.50819911E-05 -0.38998050E-03 -0.38998050E-03
-0.30839542E+02  0.51081082E-05  0.51081082E-05 -0.39090440E-03 -0.39090440E-03
-0.30748837E+02  0.51344376E-05  0.51344376E-05 -0.39183302E-03 -0.39183302E-03
-0.30658133E+02  0.51609833E-05  0.51609833E-05 -0.39276646E-03 -0.39276646E-03
-0.30567429E+02  0.51877470E-05  0.51877470E-05 -0.39370473E-03 -0.39370473E-03
-0.30476725E+02  0.52147311E-05  0.52147311E-05 -0.39464787E-03 -0.39464787E-03
-0.30386021E+02  0.52419382E-05  0.52419382E-05 -0.39559592E-03 -0.39559592E-03
-0.30295317E+02  0.52693707E-05  0.52693707E-05 -0.39654892E-03 -0.39654892E-03
-0.30204612E+02  0.52970314E-05  0.52970314E-05 -0.39750692E-03 -0.39750692E-03
-0.30113908E+02  0.53249229E-05  0.53249229E-05 -0.39846995E-03 -0.39846995E-03
-0.30023204E+02  0.53530477E-05  0.53530477E-05 -0.39943805E-03 -0.39943805E-03
-0.29932500E+02  0.53814078E-05  0.53814078E-05 -0.40041125E-03 -0.40041125E-03
-0.29841796E+02  0.54100076E-05  0.54100076E-05 -0.40138963E-03 -0.40138963E-03
-0.29751092E+02  0.54388490E-05  0.54388490E-05 -0.40237322E-03 -0.40237322E-03
-0.29660387E+02  0.54679349E-05  0.54679349E-05 -0.40336206E-03 -0.40336206E-03
-0.29569683E+02  0.54972681E-05  0.54972681E-05 -0.40435619E-03 -0.40435619E-03
-0.29478979E+02  0.55268515E-05  0.55268515E-05 -0.40535566E-03 -0.40535566E-03
-0.29388275E+02  0.55566882E-05  0.55566882E-05 -0.40636052E-03 -0.40636052E-03
-0.29297571E+02  0.55867807E-05  0.55867807E-05 -0.40737080E-03 -0.40737080E-03
-0.29206867E+02  0.56171328E-05  0.56171328E-05 -0.40838656E-03 -0.40838656E-03
-0.29116162E+02  0.56477463E-05  0.56477463E-05 -0.40940781E-03 -0.40940781E-03
-0.29025458E+02  0.56786265E-05  0.56786265E-05 -0.41043468E-03 -0.41043468E-03
-0.28934754E+02  0.57097751E-05  0.57097751E-05 -0.41146715E-03 -0.41146715E-03
-0.28844050E+02  0.57411955E-05  0.57411955E-05 -0.41250530E-03 -0.41250530E-03
-0.28753346E+02  0.57728913E-05  0.57728913E-05 -0.41354917E-03 -0.41354917E-03
-0.28662642E+02  0.58048656E-05  0.58048656E-05 -0.41459880E-03 -0.41459880E-03
-0.28571937E+02  0.58371218E-05  0.58371218E-05 -0.41565426E-03 -0.41565426E-03
-0.28481233E+02  0.58696635E-05  0.58696635E-05 -0.41671558E-03 -0.41671558E-03
-0.28390529E+02  0.59024931E-05  0.59024931E-05 -0.41778280E-03 -0.41778280E-03
-0.28299825E+02  0.59356161E-05  0.59356161E-05 -0.41885602E-03 -0.41885602E-03
-0.28209121E+02  0.59690351E-05  0.59690351E-05 -0.41993528E-03 -0.41993528E-03
-0.28118417E+02  0.60027537E-05  0.60027537E-05 -0.42102061E-03 -0.42102061E-03
-0.28027712E+02  0.60367759E-05  0.60367759E-05 -0.42211208E-03 -0.42211208E-03
-0.27937008E+02  0.60711053E-05  0.60711053E-05 -0.42320975E-03 -0.42320975E-03
-0.27846304E+02  0.61057459E-05  0.61057459E-05 -0.42431367E-03 -0.42431367E-03
-0.27755600E+02  0.61407014E-05  0.61407014E-05 -0.42542389E-03 -0.42542389E-03
-0.27664896E+02  0.61759758E-05  0.61759758E-05 -0.42654047E-03 -0.42654047E-03
-0.27574192E+02  0.62115723E-05  0.62115723E-05 -0.42766344E-03 -0.42766344E-03
-0.27483487E+02  0.62474968E-05  0.62474968E-05 -0.42879292E-03 -0.42879292E-03
-0.27392783E+02  0.62837526E-05  0.62837526E-05 -0.42992895E-03 -0.42992895E-03
-0.27302079E+02  0.63203437E-05  0.63203437E-05 -0.43107156E-03 -0.43107156E-03
-0.27211375E+02  0.63572749E-05  0.63572749E-05 -0.43222085E-03 -0.43222085E-03
-0.27120671E+02  0.63945502E-05  0.63945502E-05 -0.43337685E-03 -0.43337685E-03
-0.27029967E+02  0.64321741E-05  0.64321741E-05 -0.43453965E-03 -0.43453965E-03
-0.26939262E+02  0.64701512E-05  0.64701512E-05 -0.43570929E-03 -0.43570929E-03
-0.26848558E+02  0.65084860E-05  0.65084860E-05 -0.43688584E-03 -0.43688584E-03
-0.26757854E+02  0.65471822E-05  0.65471822E-05 -0.43806934E-03 -0.43806934E-03
-0.26667150E+02  0.65862466E-05  0.65862466E-05 -0.43925991E-03 -0.43925991E-03
-0.26576446E+02  0.66256830E-05  0.66256830E-05 -0.44045760E-03 -0.44045760E-03
-0.26485742E+02  0.66654961E-05  0.66654961E-05 -0.44166246E-03 -0.44166246E-03
-0.26395037E+02  0.67056913E-05  0.67056913E-05 -0.44287458E-03 -0.44287458E-03
-0.26304333E+02  0.67462735E-05  0.67462735E-05 -0.44409401E-03 -0.44409401E-03
-0.26213629E+02  0.67872480E-05  0.67872480E-05 -0.44532083E-03 -0.44532083E-03
-0.26122925E+02  0.68286197E-05  0.68286197E-05 -0.44655511E-03 -0.44655511E-03
-0.26032221E+02  0.68703943E-05  0.68703943E-05 -0.44779692E-03 -0.44779692E-03
-0.25941517E+02  0.69125759E-05  0.69125759E-05 -0.44904630E-03 -0.44904630E-03
-0.25850812E+02  0.69551724E-05  0.69551724E-05 -0.45030339E-03 -0.45030339E-03
-0.25760108E+02  0.69981883E-05  0.69981883E-05 -0.45156824E-03 -0.45156824E-03
-0.25669404E+02  0.70416291E-05  0.70416291E-05 -0.45284092E-03 -0.45284092E-03
-0.25578700E+02  0.70855010E-05  0.70855010E-05 -0.45412151E-03 -0.45412151E-03
-0.25487996E+02  0.71298098E-05  0.71298098E-05 -0.45541009E-03 -0.45541009E-03
-0.25397292E+02  0.71745615E-05  0.71745615E-05 -0.45670673E-03 -0.45670673E-03
-0.25306587E+02  0.72197622E-05  0.72197622E-05 -0.45801152E-03 -0.45801152E-03
-0.25215883E+02  0.72654182E-05  0.72654182E-05 -0.45932455E-03 -0.45932455E-03
-0.25125179E+02  0.73115346E-05  0.73115346E-05 -0.46064584E-03 -0.46064584E-03
-0.25034475E+02  0.73581204E-05  0.73581204E-05 -0.46197557E-03 -0.46197557E-03
-0.24943771E+02  0.74051809E-05  0.74051809E-05 -0.46331378E-03 -0.46331378E-03
-0.24853067E+02  0.74527225E-05  0.74527225E-05 -0.46466056E-03 -0.46466056E-03
-0.24762362E+02  0.75007528E-05  0.75007528E-05 -0.46601599E-03 -0.46601599E-03
-0.24671658E+02  0.75492783E-05  0.75492783E-05 -0.46738017E-03 -0.46738017E-03
-0.24580954E+02  0.75983061E-05  0.75983061E-05 -0.46875319E-03 -0.46875319E-03
-0.24490250E+02  0.76478433E-05  0.76478433E-05 -0.47013513E-03 -0.47013513E-03
-0.24399546E+02  0.76978976E-05  0.76978976E-05 -0.47152610E-03 -0.47152610E-03
-0.24308842E+02  0.77484748E-05  0.77484748E-05 -0.47292613E-03 -0.47292613E-03
-0.24218137E+02  0.77995854E-05  0.77995854E-05 -0.47433542E-03 -0.47433542E-03
-0.24127433E+02  0.78512358E-05  0.78512358E-05 -0.47575401E-03 -0.47575401E-03
-0.24036729E+02  0.79034335E-05  0.79034335E-05 -0.47718200E-03 -0.47718200E-03
-0.23946025E+02  0.79561873E-05  0.79561873E-05 -0.47861950E-03 -0.47861950E-03
-0.23855321E+02  0.80095051E-05  0.80095051E-05 -0.48006661E-03 -0.48006661E-03
-0.23764617E+02  0.80633952E-05  0.80633952E-05 -0.48152343E-03 -0.48152343E-03
-0.23673912E+02  0.81178662E-05  0.81178662E-05 -0.48299006E-03 -0.48299006E-03
-0.23583208E+02  0.81729267E-05  0.81729267E-05 -0.48446660E-03 -0.48446660E-03
-0.23492504E+02  0.82285841E-05  0.82285841E-05 -0.48595313E-03 -0.48595313E-03
-0.23401800E+02  0.82848505E-05  0.82848505E-05 -0.48744984E-03 -0.48744984E-03
-0.23311096E+02  0.83417336E-05  0.83417336E-05 -0.48895680E-03 -0.48895680E-03
-0.23220392E+02  0.83992423E-05  0.83992423E-05 -0.49047410E-03 -0.49047410E-03
-0.23129687E+02  0.84573869E-05  0.84573869E-05 -0.49200189E-03 -0.49200189E-03
-0.23038983E+02  0.85161770E-05  0.85161770E-05 -0.49354026E-03 -0.49354026E-03
-0.22948279E+02  0.85756224E-05  0.85756224E-05 -0.49508934E-03 -0.49508934E-03
-0.22857575E+02  0.86357332E-05  0.86357332E-05 -0.49664924E-03 -0.49664924E-03
-0.22766871E+02  0.86965198E-05  0.86965198E-05 -0.49822010E-03 -0.49822010E-03
-0.22676167E+02  0.87579911E-05  0.87579911E-05 -0.49980197E-03 -0.49980197E-03
-0.22585462E+02  0.88201612E-05  0.88201612E-05 -0.50139508E-03 -0.50139508E-03
-0.22494758E+02  0.88830394E-05  0.88830394E-05 -0.50299952E-03 -0.50299952E-03
-0.22404054E+02  0.89466364E-05  0.89466364E-05 -0.50461540E-03 -0.50461540E-03
-0.22313350E+02  0.90109646E-05  0.90109646E-05 -0.50624287E-03 -0.50624287E-03
-0.22222646E+02  0.90760352E-05  0.90760352E-05 -0.50788206E-03 -0.50788206E-03
-0.22131942E+02  0.91418601E-05  0.91418601E-05 -0.50953309E-03 -0.50953309E-03
-0.22041237E+02  0.92084514E-05  0.92084514E-05 -0.51119612E-03 -0.51119612E-03
-0.21950533E+02  0.92758216E-05  0.92758216E-05 -0.51287127E-03 -0.51287127E-03
-0.21859829E+02  0.93439815E-05  0.93439815E-05 -0.51455864E-03 -0.51455864E-03
-0.21769125E+02  0.94129476E-05  0.94129476E-05 -0.51625848E-03 -0.51625848E-03
-0.21678421E+02  0.94827312E-05  0.94827312E-05 -0.51797087E-03 -0.51797087E-03
-0.21587717E+02  0.95533454E-05  0.95533454E-05 -0.51969597E-03 -0.51969597E-03
-0.21497012E+02  0.96248050E-05  0.96248050E-05 -0.52143393E-03 -0.52143393E-03
-0.21406308E+02  0.96971235E-05  0.96971235E-05 -0.52318491E-03 -0.52318491E-03
-0.21315604E+02  0.97703152E-05  0.97703152E-05 -0.52494907E-03 -0.52494907E-03
-0.21224900E+02  0.98443947E-05  0.98443947E-05 -0.52672655E-03 -0.52672655E-03
-0.21134196E+02  0.99193771E-05  0.99193771E-05 -0.52851753E-03 -0.52851753E-03
-0.21043492E+02  0.99952756E-05  0.99952756E-05 -0.53032210E-03 -0.53032210E-03
-0.20952787E+02  0.10072110E-04  0.10072110E-04 -0.53214056E-03 -0.53214056E-03
-0.20862083E+02  0.10149894E-04  0.10149894E-04 -0.53397301E-03 -0.53397301E-03
-0.20771379E+02  0.10228643E-04  0.10228643E-04 -0.53581962E-03 -0.53581962E-03
-0.20680675E+02  0.10308376E-04  0.10308376E-04 -0.53768059E-03 -0.53768059E-03
-0.20589971E+02  0.10389108E-04  0.10389108E-04 -0.53955607E-03 -0.53955607E-03
-0.20499267E+02  0.10470858E-04  0.10470858E-04 -0.54144626E-03 -0.54144626E-03
-0.20408562E+02  0.10553642E-04  0.10553642E-04 -0.54335134E-03 -0.54335134E-03
-0.20317858E+02  0.10637480E-04  0.10637480E-04 -0.54527151E-03 -0.54527151E-03
-0.20227154E+02  0.10722388E-04  0.10722388E-04 -0.54720688E-03 -0.54720688E-03
-0.20136450E+02  0.10808388E-04  0.10808388E-04 -0.54915778E-03 -0.54915778E-03
-0.20045746E+02  0.10895499E-04  0.10895499E-04 -0.55112434E-03 -0.55112434E-03
-0.19955042E+02  0.10983739E-04  0.10983739E-04 -0.55310676E-03 -0.55310676E-03
-0.19864337E+02  0.11073131E-04  0.11073131E-04 -0.55510527E-03 -0.55510527E-03
-0.19773633E+02  0.11163694E-04  0.11163694E-04 -0.55712006E-03 -0.55712006E-03
-0.19682929E+02  0.11255451E-04  0.11255451E-04 -0.55915134E-03 -0.55915134E-03
-0.19592225E+02  0.11348422E-04  0.11348422E-04 -0.56119934E-03 -0.56119934E-03
-0.19501521E+02  0.11442630E-04  0.11442630E-04 -0.56326428E-03 -0.56326428E-03
-0.19410817E+02  0.11538095E-04  0.11538095E-04 -0.56534632E-03 -0.56534632E-03
-0.19320112E+02  0.11634847E-04  0.11634847E-04 -0.56744581E-03 -0.56744581E-03
-0.19229408E+02  0.11732906E-04  0.11732906E-04 -0.56956292E-03 -0.56956292E-03
-0.19138704E+02  0.11832296E-04  0.11832296E-04 -0.57169788E-03 -0.57169788E-03
-0.19048000E+02  0.11933044E-04  0.11933044E-04 -0.57385097E-03 -0.57385097E-03
-0.18957296E+02  0.12035175E-04  0.12035175E-04 -0.57602241E-03 -0.57602241E-03
-0.18866592E+02  0.12138715E-04  0.12138715E-04 -0.57821245E-03 -0.57821245E-03
-0.18775887E+02  0.12243692E-04  0.12243692E-04 -0.58042135E-03 -0.58042135E-03
-0.18685183E+02  0.12350130E-04  0.12350130E-04 -0.58264932E-03 -0.58264932E-03
-0.18594479E+02  0.12458063E-04  0.12458063E-04 -0.58489674E-03 -0.58489674E-03
-0.18503775E+02  0.12567518E-04  0.12567518E-04 -0.58716382E-03 -0.58716382E-03
-0.18413071E+02  0.12678523E-04  0.12678523E-04 -0.58945084E-03 -0.58945084E-03
-0.18322367E+02  0.12791111E-04  0.12791111E-04 -0.59175808E-03 -0.59175808E-03
-0.18231662E+02  0.12905313E-04  0.12905313E-04 -0.59408585E-03 -0.59408585E-03
-0.18140958E+02  0.13021161E-04  0.13021161E-04 -0.59643441E-03 -0.59643441E-03
-0.18050254E+02  0.13138687E-04  0.13138687E-04 -0.59880408E-03 -0.59880408E-03
-0.17959550E+02  0.13257925E-04  0.13257925E-04 -0.60119517E-03 -0.60119517E-03
-0.17868846E+02  0.13378907E-04  0.13378907E-04 -0.60360791E-03 -0.60360791E-03
-0.17778142E+02  0.13501676E-04  0.13501676E-04 -0.60604276E-03 -0.60604276E-03
-0.17687437E+02  0.13626263E-04  0.13626263E-04 -0.60849998E-03 -0.60849998E-03
-0.17596733E+02  0.13752706E-04  0.13752706E-04 -0.61097988E-03 -0.61097988E-03
-0.17506029E+02  0.13881046E-04  0.13881046E-04 -0.61348283E-03 -0.61348283E-03
-0.17415325E+02  0.14011321E-04  0.14011321E-04 -0.61600917E-03 -0.61600917E-03
-0.17324621E+02  0.14143571E-04  0.14143571E-04 -0.61855925E-03 -0.61855925E-03
-0.17233917E+02  0.14277838E-04  0.14277838E-04 -0.62113342E-03 -0.62113342E-03
-0.17143212E+02  0.14414166E-04  0.14414166E-04 -0.62373205E-03 -0.62373205E-03
-0.17052508E+02  0.14552593E-04  0.14552593E-04 -0.62635545E-03 -0.62635545E-03
-0.16961804E+02  0.14693174E-04  0.14693174E-04 -0.62900414E-03 -0.62900414E-03
-0.16871100E+02  0.14835950E-04  0.14835950E-04 -0.63167845E-03 -0.63167845E-03
-0.16780396E+02  0.14980968E-04  0.14980968E-04 -0.63437875E-03 -0.63437875E-03
-0.16689692E+02  0.15128280E-04  0.15128280E-04 -0.63710550E-03 -0.63710550E-03
-0.16598987E+02  0.15277936E-04  0.15277936E-04 -0.63985909E-03 -0.63985909E-03
-0.16508283E+02  0.15429986E-04  0.15429986E-04 -0.64263995E-03 -0.64263995E-03
-0.16417579E+02  0.15584484E-04  0.15584484E-04 -0.64544851E-03 -0.64544851E-03
-0.16326875E+02  0.15741485E-04  0.15741485E-04 -0.64828522E-03 -0.64828522E-03
-0.16236171E+02  0.15901042E-04  0.15901042E-04 -0.65115046E-03 -0.65115046E-03
-0.16145467E+02  0.16063221E-04  0.16063221E-04 -0.65404485E-03 -0.65404485E-03
-0.16054762E+02  0.16228077E-04  0.16228077E-04 -0.65696879E-03 -0.65696879E-03
-0.15964058E+02  0.16395670E-04  0.16395670E-04 -0.65992275E-03 -0.65992275E-03
-0.15873354E+02  0.16566068E-04  0.16566068E-04 -0.66290727E-03 -0.66290727E-03
-0.15782650E+02  0.16739333E-04  0.16739333E-04 -0.66592284E-03 -0.66592284E-03
-0.15691946E+02  0.16915534E-04  0.16915534E-04 -0.66896998E-03 -0.66896998E-03
-0.15601242E+02  0.17094739E-04  0.17094739E-04 -0.67204923E-03 -0.67204923E-03
-0.15510537E+02  0.17277020E-04  0.17277020E-04 -0.67516113E-03 -0.67516113E-03
-0.15419833E+02  0.17462445E-04  0.17462445E-04 -0.67830616E-03 -0.67830616E-03
-0.15329129E+02  0.17651100E-04  0.17651100E-04 -0.68148506E-03 -0.68148506E-03
-0.15238425E+02  0.17843058E-04  0.17843058E-04 -0.68469834E-03 -0.68469834E-03
-0.15147721E+02  0.18038398E-04  0.18038398E-04 -0.68794657E-03 -0.68794657E-03
-0.15057017E+02  0.18237207E-04  0.18237207E-04 -0.69123042E-03 -0.69123042E-03
-0.14966312E+02  0.18439568E-04  0.18439568E-04 -0.69455049E-03 -0.69455049E-03
-0.14875608E+02  0.18645572E-04  0.18645572E-04 -0.69790744E-03 -0.69790744E-03
-0.14784904E+02  0.18855307E-04  0.18855307E-04 -0.70130193E-03 -0.70130193E-03
-0.14694200E+02  0.19068870E-04  0.19068870E-04 -0.70473464E-03 -0.70473464E-03
-0.14603496E+02  0.19286352E-04  0.19286352E-04 -0.70820616E-03 -0.70820616E-03
-0.14512792E+02  0.19507864E-04  0.19507864E-04 -0.71171740E-03 -0.71171740E-03
-0.14422087E+02  0.19733504E-04  0.19733504E-04 -0.71526901E-03 -0.71526901E-03
-0.14331383E+02  0.19963378E-04  0.19963378E-04 -0.71886171E-03 -0.71886171E-03
-0.14240679E+02  0.20197602E-04  0.20197602E-04 -0.72249632E-03 -0.72249632E-03
-0.14149975E+02  0.20436288E-04  0.20436288E-04 -0.72617361E-03 -0.72617361E-03
-0.14059271E+02  0.20679553E-04  0.20679553E-04 -0.72989439E-03 -0.72989439E-03
-0.13968567E+02  0.20927522E-04  0.20927522E-04 -0.73365949E-03 -0.73365949E-03
-0.13877862E+02  0.21180321E-04  0.21180321E-04 -0.73746978E-03 -0.73746978E-03
-0.13787158E+02  0.21438074E-04  0.21438074E-04 -0.74132602E-03 -0.74132602E-03
-0.13696454E+02  0.21700931E-04  0.21700931E-04 -0.74522934E-03 -0.74522934E-03
-0.13605750E+02  0.21969026E-04  0.21969026E-04 -0.74918054E-03 -0.74918054E-03
-0.13515046E+02  0.22242500E-04  0.22242500E-04 -0.75318057E-03 -0.75318057E-03
-0.13424342E+02  0.22521513E-04  0.22521513E-04 -0.75723045E-03 -0.75723045E-03
-0.13333637E+02  0.22806216E-04  0.22806216E-04 -0.76133117E-03 -0.76133117E-03
-0.13242933E+02  0.23096772E-04  0.23096772E-04 -0.76548375E-03 -0.76548375E-03
-0.13152229E+02  0.23393348E-04  0.23393348E-04 -0.76968928E-03 -0.76968928E-03
-0.13061525E+02  0.23696120E-04  0.23696120E-04 -0.77394884E-03 -0.77394884E-03
-0.12970821E+02  0.24005261E-04  0.24005261E-04 -0.77826345E-03 -0.77826345E-03
-0.12880117E+02  0.24320973E-04  0.24320973E-04 -0.78263449E-03 -0.78263449E-03
-0.12789412E+02  0.24643443E-04  0.24643443E-04 -0.78706305E-03 -0.78706305E-03
-0.12698708E+02  0.24972869E-04  0.24972869E-04 -0.79155032E-03 -0.79155032E-03
-0.12608004E+02  0.25309471E-04  0.25309471E-04 -0.79609764E-03 -0.79609764E-03
-0.12517300E+02  0.25653461E-04  0.25653461E-04 -0.80070628E-03 -0.80070628E-03
-0.12426596E+02  0.26005067E-04  0.26005067E-04 -0.80537758E-03 -0.80537758E-03
-0.12335892E+02  0.26364524E-04  0.26364524E-04 -0.81011294E-03 -0.81011294E-03
-0.12245187E+02  0.26732078E-04  0.26732078E-04 -0.81491377E-03 -0.81491377E-03
-0.12154483E+02  0.27107975E-04  0.27107975E-04 -0.81978142E-03 -0.81978142E-03
-0.12063779E+02  0.27492499E-04  0.27492499E-04 -0.82471767E-03 -0.82471767E-03
-0.11973075E+02  0.27885915E-04  0.27885915E-04 -0.82972395E-03 -0.82972395E-03
-0.11882371E+02  0.28288510E-04  0.28288510E-04 -0.83480186E-03 -0.83480186E-03
-0.11791667E+02  0.28700592E-04  0.28700592E-04 -0.83995313E-03 -0.83995313E-03
-0.11700962E+02  0.29122468E-04  0.29122468E-04 -0.84517945E-03 -0.84517945E-03
-0.11610258E+02  0.29554464E-04  0.29554464E-04 -0.85048260E-03 -0.85048260E-03
-0.11519554E+02  0.29996922E-04  0.29996922E-04 -0.85586441E-03 -0.85586441E-03
-0.11428850E+02  0.30450196E-04  0.30450196E-04 -0.86132680E-03 -0.86132680E-03
-0.11338146E+02  0.30914646E-04  0.30914646E-04 -0.86687159E-03 -0.86687159E-03
-0.11247442E+02  0.31390679E-04  0.31390679E-04 -0.87250109E-03 -0.87250109E-03
-0.11156737E+02  0.31878690E-04  0.31878690E-04 -0.87821725E-03 -0.87821725E-03
-0.11066033E+02  0.32379097E-04  0.32379097E-04 -0.88402222E-03 -0.88402222E-03
-0.10975329E+02  0.32892353E-04  0.32892353E-04 -0.88991835E-03 -0.88991835E-03
-0.10884625E+02  0.33418913E-04  0.33418913E-04 -0.89590791E-03 -0.89590791E-03
-0.10793921E+02  0.33959264E-04  0.33959264E-04 -0.90199331E-03 -0.90199331E-03
-0.10703217E+02  0.34513910E-04  0.34513910E-04 -0.90817707E-03 -0.90817707E-03
-0.10612512E+02  0.35083385E-04  0.35083385E-04 -0.91446179E-03 -0.91446179E-03
-0.10521808E+02  0.35668233E-04  0.35668233E-04 -0.92084998E-03 -0.92084998E-03
-0.10431104E+02  0.36269062E-04  0.36269062E-04 -0.92734476E-03 -0.92734476E-03
-0.10340400E+02  0.36886472E-04  0.36886472E-04 -0.93394886E-03 -0.93394886E-03
-0.10249696E+02  0.37521102E-04  0.37521102E-04 -0.94066526E-03 -0.94066526E-03
-0.10158992E+02  0.38173641E-04  0.38173641E-04 -0.94749717E-03 -0.94749717E-03
-0.10068287E+02  0.38844792E-04  0.38844792E-04 -0.95444778E-03 -0.95444778E-03
-0.99775833E+01  0.39535304E-04  0.39535304E-04 -0.96152048E-03 -0.96152048E-03
-0.98868792E+01  0.40245955E-04  0.40245955E-04 -0.96871867E-03 -0.96871867E-03
-0.97961750E+01  0.40977588E-04  0.40977588E-04 -0.97604618E-03 -0.97604618E-03
-0.97054708E+01  0.41731070E-04  0.41731070E-04 -0.98350674E-03 -0.98350674E-03
-0.96147667E+01  0.42507319E-04  0.42507319E-04 -0.99110428E-03 -0.99110428E-03
-0.95240625E+01  0.43307297E-04  0.43307297E-04 -0.99884283E-03 -0.99884283E-03
-0.94333583E+01  0.44132039E-04  0.44132039E-04 -0.10067268E-02 -0.10067268E-02
-0.93426542E+01  0.44982636E-04  0.44982636E-04 -0.10147608E-02 -0.10147608E-02
-0.92519500E+01  0.45860223E-04  0.45860223E-04 -0.10229493E-02 -0.10229493E-02
-0.91612458E+01  0.46766002E-04  0.46766002E-04 -0.10312971E-02 -0.10312971E-02
-0.90705417E+01  0.47701273E-04  0.47701273E-04 -0.10398095E-02 -0.10398095E-02
-0.89798375E+01  0.48667385E-04  0.48667385E-04 -0.10484918E-02 -0.10484918E-02
-0.88891333E+01  0.49665780E-04  0.49665780E-04 -0.10573496E-02 -0.10573496E-02
-0.87984292E+01  0.50697984E-04  0.50697984E-04 -0.10663885E-02 -0.10663885E-02
-0.87077250E+01  0.51765608E-04  0.51765608E-04 -0.10756147E-02 -0.10756147E-02
-0.86170208E+01  0.52870393E-04  0.52870393E-04 -0.10850346E-02 -0.10850346E-02
-0.85263167E+01  0.54014186E-04  0.54014186E-04 -0.10946551E-02 -0.10946551E-02
-0.84356125E+01  0.55198930E-04  0.55198930E-04 -0.11044829E-02 -0.11044829E-02
-0.83449083E+01  0.56426699E-04  0.56426699E-04 -0.11145254E-02 -0.11145254E-02
-0.82542042E+01  0.57699739E-04  0.57699739E-04 -0.11247906E-02 -0.11247906E-02
-0.81635000E+01  0.59020419E-04  0.59020419E-04 -0.11352865E-02 -0.11352865E-02
-0.80727958E+01  0.60391278E-04  0.60391278E-04 -0.11460215E-02 -0.11460215E-02
-0.79820917E+01  0.61815036E-04  0.61815036E-04 -0.11570048E-02 -0.11570048E-02
-0.78913875E+01  0.63294572E-04  0.63294572E-04 -0.11682454E-02 -0.11682454E-02
-0.78006833E+01  0.64833085E-04  0.64833085E-04 -0.11797540E-02 -0.11797540E-02
-0.77099792E+01  0.66433900E-04  0.66433900E-04 -0.11915408E-02 -0.11915408E-02
-0.76192750E+01  0.68100632E-04  0.68100632E-04 -0.12036170E-02 -0.12036170E-02
-0.75285708E+01  0.69837155E-04  0.69837155E-04 -0.12159941E-02 -0.12159941E-02
-0.74378667E+01  0.71647697E-04  0.71647697E-04 -0.12286848E-02 -0.12286848E-02
-0.73471625E+01  0.73536783E-04  0.73536783E-04 -0.12417023E-02 -0.12417023E-02
-0.72564583E+01  0.75509313E-04  0.75509313E-04 -0.12550604E-02 -0.12550604E-02
-0.71657542E+01  0.77570598E-04  0.77570598E-04 -0.12687740E-02 -0.12687740E-02
-0.70750500E+01  0.79726352E-04  0.79726352E-04 -0.12828584E-02 -0.12828584E-02
-0.69843458E+01  0.81982941E-04  0.81982941E-04 -0.12973311E-02 -0.12973311E-02
-0.68936417E+01  0.84347135E-04  0.84347135E-04 -0.13122094E-02 -0.13122094E-02
-0.68029375E+01  0.86826375E-04  0.86826375E-04 -0.13275123E-02 -0.13275123E-02
-0.67122333E+01  0.89428768E-04  0.89428768E-04 -0.13432599E-02 -0.13432599E-02
-0.66215292E+01  0.92163258E-04  0.92163258E-04 -0.13594740E-02 -0.13594740E-02
-0.65308250E+01  0.95039607E-04  0.95039607E-04 -0.13761777E-02 -0.13761777E-02
-0.64401208E+01  0.98068555E-04  0.98068555E-04 -0.13933955E-02 -0.13933955E-02
-0.63494167E+01  0.10126192E-03  0.10126192E-03 -0.14111539E-02 -0.14111539E-02
-0.62587125E+01  0.10463281E-03  0.10463281E-03 -0.14294814E-02 -0.14294814E-02
-0.61680083E+01  0.10819580E-03  0.10819580E-03 -0.14484088E-02 -0.14484088E-02
-0.60773042E+01  0.11196696E-03  0.11196696E-03 -0.14679690E-02 -0.14679690E-02
-0.59866000E+01  0.11596426E-03  0.11596426E-03 -0.14881975E-02 -0.14881975E-02
-0.58958958E+01  0.12020773E-03  0.12020773E-03 -0.15091323E-02 -0.15091323E-02
-0.58051917E+01  0.12471998E-03  0.12471998E-03 -0.15308156E-02 -0.15308156E-02
-0.57144875E+01  0.12952630E-03  0.12952630E-03 -0.15532922E-02 -0.15532922E-02
-0.56237833E+01  0.13465531E-03  0.13465531E-03 -0.15766111E-02 -0.15766111E-02
-0.55330792E+01  0.14013940E-03  0.14013940E-03 -0.16008251E-02 -0.16008251E-02
-0.54423750E+01  0.14601551E-03  0.14601551E-03 -0.16259925E-02 -0.16259925E-02
-0.53516708E+01  0.15232601E-03  0.15232601E-03 -0.16521769E-02 -0.16521769E-02
-0.52609667E+01  0.15911934E-03  0.15911934E-03 -0.16794475E-02 -0.16794475E-02
-0.51702625E+01  0.16645152E-03  0.16645152E-03 -0.17078799E-02 -0.17078799E-02
-0.50795583E+01  0.17438749E-03  0.17438749E-03 -0.17375571E-02 -0.17375571E-02
-0.49888542E+01  0.18300334E-03  0.18300334E-03 -0.17685711E-02 -0.17685711E-02
-0.48981500E+01  0.19238814E-03  0.19238814E-03 -0.18010222E-02 -0.18010222E-02
-0.48074458E+01  0.20264727E-03  0.20264727E-03 -0.18350207E-02 -0.18350207E-02
-0.47167417E+01  0.21390603E-03  0.21390603E-03 -0.18706878E-02 -0.18706878E-02
-0.46260375E+01  0.22631470E-03  0.22631470E-03 -0.19081567E-02 -0.19081567E-02
-0.45353333E+01  0.24005507E-03  0.24005507E-03 -0.19475739E-02 -0.19475739E-02
-0.44446292E+01  0.25534793E-03  0.25534793E-03 -0.19890968E-02 -0.19890968E-02
-0.43539250E+01  0.27246444E-03  0.27246444E-03 -0.20328952E-02 -0.20328952E-02
-0.42632208E+01  0.29173997E-03  0.29173997E-03 -0.20791474E-02 -0.20791474E-02
-0.41725167E+01  0.31359365E-03  0.31359365E-03 -0.21280370E-02 -0.21280370E-02
-0.40818125E+01  0.33855176E-03  0.33855176E-03 -0.21797386E-02 -0.21797386E-02
-0.39911083E+01  0.36728072E-03  0.36728072E-03 -0.22343999E-02 -0.22343999E-02
-0.39004042E+01  0.40062786E-03  0.40062786E-03 -0.22921061E-02 -0.22921061E-02
-0.38097000E+01  0.43967192E-03  0.43967192E-03 -0.23528187E-02 -0.23528187E-02
-0.37189958E+01  0.48577916E-03  0.48577916E-03 -0.24162711E-02 -0.24162711E-02
-0.36282917E+01  0.54064641E-03  0.54064641E-03 -0.24817879E-02 -0.24817879E-02
-0.35375875E+01  0.60629902E-03  0.60629902E-03 -0.25480005E-02 -0.25480005E-02
-0.34468833E+01  0.68493842E-03  0.68493842E-03 -0.26124055E-02 -0.26124055E-02
-0.33561792E+01  0.77845699E-03  0.77845699E-03 -0.26707802E-02 -0.26707802E-02
-0.32654750E+01  0.88727210E-03  0.88727210E-03 -0.27166272E-02 -0.27166272E-02
-0.31747708E+01  0.10081707E-02  0.10081707E-02 -0.27413306E-02 -0.27413306E-02
-0.30840667E+01  0.11314935E-02  0.11314935E-02 -0.27364164E-02 -0.27364164E-02
-0.29933625E+01  0.12400718E-02  0.12400718E-02 -0.26992613E-02 -0.26992613E-02
-0.29026583E+01  0.13143450E-02  0.13143450E-02 -0.26401471E-02 -0.26401471E-02
-0.28119542E+01  0.13441450E-02  0.13441450E-02 -0.25827469E-02 -0.25827469E-02
-0.27212500E+01  0.13371149E-02  0.13371149E-02 -0.25529546E-02 -0.25529546E-02
-0.26305458E+01  0.13138581E-02  0.13138581E-02 -0.25654953E-02 -0.25654953E-02
-0.25398417E+01  0.12958434E-02  0.12958434E-02 -0.26209436E-02 -0.26209436E-02
-0.24491375E+01  0.12981285E-02  0.12981285E-02 -0.27117795E-02 -0.27117795E-02
-0.23584333E+01  0.13292786E-02  0.13292786E-02 -0.28288425E-02 -0.28288425E-02
-0.22677292E+01  0.13942783E-02  0.13942783E-02 -0.29643042E-02 -0.29643042E-02
-0.21770250E+01  0.14972519E-02  0.14972519E-02 -0.31118719E-02 -0.31118719E-02
-0.20863208E+01  0.16431586E-02  0.16431586E-02 -0.32656965E-02 -0.32656965E-02
-0.19956167E+01  0.18385886E-02  0.18385886E-02 -0.34186791E-02 -0.34186791E-02
-0.19049125E+01  0.20917466E-02  0.20917466E-02 -0.35602913E-02 -0.35602913E-02
-0.18142083E+01  0.24111996E-02  0.24111996E-02 -0.36737536E-02 -0.36737536E-02
-0.17235042E+01  0.28023130E-02  0.28023130E-02 -0.37328581E-02 -0.37328581E-02
-0.16328000E+01  0.32596374E-02  0.32596374E-02 -0.37000492E-02 -0.37000492E-02
-0.15420958E+01  0.37545374E-02  0.37545374E-02 -0.35304650E-02 -0.35304650E-02
-0.14513917E+01  0.42232244E-02  0.42232244E-02 -0.31895331E-02 -0.31895331E-02
-0.13606875E+01  0.45721693E-02  0.45721693E-02 -0.26857419E-02 -0.26857419E-02
-0.12699833E+01  0.47188712E-02  0.47188712E-02 -0.20954606E-02 -0.20954606E-02
-0.11792792E+01  0.46483315E-02  0.46483315E-02 -0.15395775E-02 -0.15395775E-02
-0.10885750E+01  0.44261827E-02  0.44261827E-02 -0.11167631E-02 -0.11167631E-02
-0.99787083E+00  0.41524347E-02  0.41524347E-02 -0.85780843E-03 -0.85780843E-03
-0.90716667E+00  0.39085002E-02  0.39085002E-02 -0.73409067E-03 -0.73409067E-03
-0.81646250E+00  0.37358447E-02  0.37358447E-02 -0.69041503E-03 -0.69041503E-03
-0.72575833E+00  0.36386103E-02  0.36386103E-02 -0.67182652E-03 -0.67182652E-03
-0.63505417E+00  0.35949542E-02  0.35949542E-02 -0.64033098E-03 -0.64033098E-03
-0.54435000E+00  0.35737926E-02  0.35737926E-02 -0.58355213E-03 -0.58355213E-03
-0.45364583E+00  0.35539786E-02  0.35539786E-02 -0.51052566E-03 -0.51052566E-03
-0.36294167E+00  0.35330354E-02  0.35330354E-02 -0.43426997E-03 -0.43426997E-03
-0.27223750E+00  0.35179757E-02  0.35179757E-02 -0.35686171E-03 -0.35686171E-03
-0.18153333E+00  0.35108469E-02  0.35108469E-02 -0.27027716E-03 -0.27027716E-03
-0.90829167E-01  0.35039138E-02  0.35039138E-02 -0.16695565E-03 -0.16695565E-03
-0.12500000E-03  0.34852279E-02  0.34852279E-02 -0.47473069E-04 -0.47473069E-04
 0.90579167E-01  0.34466747E-02  0.34466747E-02  0.80129328E-04  0.80129328E-04
 0.18128333E+00  0.33869296E-02  0.33869296E-02  0.20660090E-03  0.20660090E-03
 0.27198750E+00  0.33079227E-02  0.33079227E-02  0.32581036E-03  0.32581036E-03
 0.36269167E+00  0.32110185E-02  0.32110185E-02  0.43312367E-03  0.43312367E-03
 0.45339583E+00  0.30981631E-02  0.30981631E-02  0.52231203E-03  0.52231203E-03
 0.54410000E+00  0.29752169E-02  0.29752169E-02  0.58647724E-03  0.58647724E-03
 0.63480417E+00  0.28524971E-02  0.28524971E-02  0.62190508E-03  0.62190508E-03
 0.72550833E+00  0.27419251E-02  0.27419251E-02  0.63107281E-03  0.63107281E-03
 0.81621250E+00  0.26526008E-02  0.26526008E-02  0.62289066E-03  0.62289066E-03
 0.90691667E+00  0.25871435E-02  0.25871435E-02  0.60968256E-03  0.60968256E-03
 0.99762083E+00  0.25411023E-02  0.25411023E-02  0.60240669E-03  0.60240669E-03
 0.10883250E+01  0.25056150E-02  0.25056150E-02  0.60698295E-03  0.60698295E-03
 0.11790292E+01  0.24712681E-02  0.24712681E-02  0.62332112E-03  0.62332112E-03
 0.12697333E+01  0.24313050E-02  0.24313050E-02  0.64651270E-03  0.64651270E-03
 0.13604375E+01  0.23836731E-02  0.23836731E-02  0.66934731E-03  0.66934731E-03
 0.14511417E+01  0.23312523E-02  0.23312523E-02  0.68573656E-03  0.68573656E-03
 0.15418458E+01  0.22795974E-02  0.22795974E-02  0.69346167E-03  0.69346167E-03
 0.16325500E+01  0.22335645E-02  0.22335645E-02  0.69432135E-03  0.69432135E-03
 0.17232542E+01  0.21954237E-02  0.21954237E-02  0.69202784E-03  0.69202784E-03
 0.18139583E+01  0.21651962E-02  0.21651962E-02  0.69019009E-03  0.69019009E-03
 0.19046625E+01  0.21416497E-02  0.21416497E-02  0.69177116E-03  0.69177116E-03
 0.19953667E+01  0.21225114E-02  0.21225114E-02  0.69922336E-03  0.69922336E-03
 0.20860708E+01  0.21041941E-02  0.21041941E-02  0.71396816E-03  0.71396816E-03
 0.21767750E+01  0.20823270E-02  0.20823270E-02  0.73524907E-03  0.73524907E-03
 0.22674792E+01  0.20534334E-02  0.20534334E-02  0.75964851E-03  0.75964851E-03
 0.23581833E+01  0.20166666E-02  0.20166666E-02  0.78213513E-03  0.78213513E-03
 0.24488875E+01  0.19742662E-02  0.19742662E-02  0.79810463E-03  0.79810463E-03
 0.25395917E+01  0.19305537E-02  0.19305537E-02  0.80506224E-03  0.80506224E-03
 0.26302958E+01  0.18903002E-02  0.18903002E-02  0.80317519E-03  0.80317519E-03
 0.27210000E+01  0.18573492E-02  0.18573492E-02  0.79481124E-03  0.79481124E-03
 0.28117042E+01  0.18338982E-02  0.18338982E-02  0.78359813E-03  0.78359813E-03
 0.29024083E+01  0.18204155E-02  0.18204155E-02  0.77347592E-03  0.77347592E-03
 0.29931125E+01  0.18159544E-02  0.18159544E-02  0.76805818E-03  0.76805818E-03
 0.30838167E+01  0.18185321E-02  0.18185321E-02  0.77037146E-03  0.77037146E-03
 0.31745208E+01  0.18252997E-02  0.18252997E-02  0.78276318E-03  0.78276318E-03
 0.32652250E+01  0.18325620E-02  0.18325620E-02  0.80662736E-03  0.80662736E-03
 0.33559292E+01  0.18360659E-02  0.18360659E-02  0.84186954E-03  0.84186954E-03
 0.34466333E+01  0.18318588E-02  0.18318588E-02  0.88653608E-03  0.88653608E-03
 0.35373375E+01  0.18174012E-02  0.18174012E-02  0.93721900E-03  0.93721900E-03
 0.36280417E+01  0.17920915E-02  0.17920915E-02  0.99028068E-03  0.99028068E-03
 0.37187458E+01  0.17566704E-02  0.17566704E-02  0.10430582E-02  0.10430582E-02
 0.38094500E+01  0.17119808E-02  0.17119808E-02  0.10941094E-02  0.10941094E-02
 0.39001542E+01  0.16581584E-02  0.16581584E-02  0.11424319E-02  0.11424319E-02
 0.39908583E+01  0.15948161E-02  0.15948161E-02  0.11864629E-02  0.11864629E-02
 0.40815625E+01  0.15219252E-02  0.15219252E-02  0.12237119E-02  0.12237119E-02
 0.41722667E+01  0.14405753E-02  0.14405753E-02  0.12512183E-02  0.12512183E-02
 0.42629708E+01  0.13531413E-02  0.13531413E-02  0.12663422E-02  0.12663422E-02
 0.43536750E+01  0.12629466E-02  0.12629466E-02  0.12673677E-02  0.12673677E-02
 0.44443792E+01  0.11737689E-02  0.11737689E-02  0.12537770E-02  0.12537770E-02
 0.45350833E+01  0.10893654E-02  0.10893654E-02  0.12263082E-02  0.12263082E-02
 0.46257875E+01  0.10130200E-02  0.10130200E-02  0.11868557E-02  0.11868557E-02
 0.47164917E+01  0.94715522E-03  0.94715522E-03  0.11381983E-02  0.11381983E-02
 0.48071958E+01  0.89310599E-03  0.89310599E-03  0.10835906E-02  0.10835906E-02
 0.48979000E+01  0.85109186E-03  0.85109186E-03  0.10263440E-02  0.10263440E-02
 0.49886042E+01  0.82031118E-03  0.82031118E-03  0.96946945E-03  0.96946945E-03
 0.50793083E+01  0.79910266E-03  0.79910266E-03  0.91537584E-03  0.91537584E-03
 0.51700125E+01  0.78518718E-03  0.78518718E-03  0.86556654E-03  0.86556654E-03
 0.52607167E+01  0.77609537E-03  0.77609537E-03  0.82038691E-03  0.82038691E-03
 0.53514208E+01  0.76979372E-03  0.76979372E-03  0.77901158E-03  0.77901158E-03
 0.54421250E+01  0.76529134E-03  0.76529134E-03  0.73987133E-03  0.73987133E-03
 0.55328292E+01  0.76284981E-03  0.76284981E-03  0.70142413E-03  0.70142413E-03
 0.56235333E+01  0.76363208E-03  0.76363208E-03  0.66286907E-03  0.66286907E-03
 0.57142375E+01  0.76902199E-03  0.76902199E-03  0.62441939E-03  0.62441939E-03
 0.58049417E+01  0.78002782E-03  0.78002782E-03  0.58708768E-03  0.58708768E-03
 0.58956458E+01  0.79703107E-03  0.79703107E-03  0.55221994E-03  0.55221994E-03
 0.59863500E+01  0.81991251E-03  0.81991251E-03  0.52107060E-03  0.52107060E-03
 0.60770542E+01  0.84841327E-03  0.84841327E-03  0.49466109E-03  0.49466109E-03
 0.61677583E+01  0.88246161E-03  0.88246161E-03  0.47402972E-03  0.47402972E-03
 0.62584625E+01  0.92211362E-03  0.92211362E-03  0.46076949E-03  0.46076949E-03
 0.63491667E+01  0.96690893E-03  0.96690893E-03  0.45744942E-03  0.45744942E-03
 0.64398708E+01  0.10147898E-02  0.10147898E-02  0.46738574E-03  0.46738574E-03
 0.65305750E+01  0.10612110E-02  0.10612110E-02  0.49337768E-03  0.49337768E-03
 0.66212792E+01  0.10994306E-02  0.10994306E-02  0.53562185E-03  0.53562185E-03
 0.67119833E+01  0.11227107E-02  0.11227107E-02  0.59005649E-03  0.59005649E-03
 0.68026875E+01  0.11276459E-02  0.11276459E-02  0.64898293E-03  0.64898293E-03
 0.68933917E+01  0.11160757E-02  0.11160757E-02  0.70440414E-03  0.70440414E-03
 0.69840958E+01  0.10936546E-02  0.10936546E-02  0.75178585E-03  0.75178585E-03
 0.70748000E+01  0.10661670E-02  0.10661670E-02  0.79129839E-03  0.79129839E-03
 0.71655042E+01  0.10364564E-02  0.10364564E-02  0.82600028E-03  0.82600028E-03
 0.72562083E+01  0.10037880E-02  0.10037880E-02  0.85866920E-03  0.85866920E-03
 0.73469125E+01  0.96562975E-03  0.96562975E-03  0.88940080E-03  0.88940080E-03
 0.74376167E+01  0.92049306E-03  0.92049306E-03  0.91540668E-03  0.91540668E-03
 0.75283208E+01  0.86978944E-03  0.86978944E-03  0.93303103E-03  0.93303103E-03
 0.76190250E+01  0.81739619E-03  0.81739619E-03  0.94030016E-03  0.94030016E-03
 0.77097292E+01  0.76760474E-03  0.76760474E-03  0.93806399E-03  0.93806399E-03
 0.78004333E+01  0.72318260E-03  0.72318260E-03  0.92932298E-03  0.92932298E-03
 0.78911375E+01  0.68458190E-03  0.68458190E-03  0.91766504E-03  0.91766504E-03
 0.79818417E+01  0.65027305E-03  0.65027305E-03  0.90576867E-03  0.90576867E-03
 0.80725458E+01  0.61784485E-03  0.61784485E-03  0.89449402E-03  0.89449402E-03
 0.81632500E+01  0.58540375E-03  0.58540375E-03  0.88288107E-03  0.88288107E-03
 0.82539542E+01  0.55258692E-03  0.55258692E-03  0.86909571E-03  0.86909571E-03
 0.83446583E+01  0.52058524E-03  0.52058524E-03  0.85175126E-03  0.85175126E-03
 0.84353625E+01  0.49129279E-03  0.49129279E-03  0.83073719E-03  0.83073719E-03
 0.85260667E+01  0.46630799E-03  0.46630799E-03  0.80720809E-03  0.80720809E-03
 0.86167708E+01  0.44632889E-03  0.44632889E-03  0.78305537E-03  0.78305537E-03
 0.87074750E+01  0.43098544E-03  0.43098544E-03  0.76029441E-03  0.76029441E-03
 0.87981792E+01  0.41893688E-03  0.41893688E-03  0.74052177E-03  0.74052177E-03
 0.88888833E+01  0.40818918E-03  0.40818918E-03  0.72444704E-03  0.72444704E-03
 0.89795875E+01  0.39668204E-03  0.39668204E-03  0.71160537E-03  0.71160537E-03
 0.90702917E+01  0.38303327E-03  0.38303327E-03  0.70050444E-03  0.70050444E-03
 0.91609958E+01  0.36702787E-03  0.36702787E-03  0.68929239E-03  0.68929239E-03
 0.92517000E+01  0.34948557E-03  0.34948557E-03  0.67657377E-03  0.67657377E-03
 0.93424042E+01  0.33163859E-03  0.33163859E-03  0.66184018E-03  0.66184018E-03
 0.94331083E+01  0.31450257E-03  0.31450257E-03  0.64534998E-03  0.64534998E-03
 0.95238125E+01  0.29857832E-03  0.29857832E-03  0.62771584E-03  0.62771584E-03
 0.96145167E+01  0.28388729E-03  0.28388729E-03  0.60950803E-03  0.60950803E-03
 0.97052208E+01  0.27019046E-03  0.27019046E-03  0.59103325E-03  0.59103325E-03
 0.97959250E+01  0.25723767E-03  0.25723767E-03  0.57230773E-03  0.57230773E-03
 0.98866292E+01  0.24493771E-03  0.24493771E-03  0.55317742E-03  0.55317742E-03
 0.99773333E+01  0.23339472E-03  0.23339472E-03  0.53348540E-03  0.53348540E-03
 0.10068038E+02  0.22283364E-03  0.22283364E-03  0.51319303E-03  0.51319303E-03
 0.10158742E+02  0.21348956E-03  0.21348956E-03  0.49241013E-03  0.49241013E-03
 0.10249446E+02  0.20552672E-03  0.20552672E-03  0.47135373E-03  0.47135373E-03
 0.10340150E+02  0.19901028E-03  0.19901028E-03  0.45028733E-03  0.45028733E-03
 0.10430854E+02  0.19391461E-03  0.19391461E-03  0.42946977E-03  0.42946977E-03
 0.10521558E+02  0.19014795E-03  0.19014795E-03  0.40912846E-03  0.40912846E-03
 0.10612263E+02  0.18757604E-03  0.18757604E-03  0.38945006E-03  0.38945006E-03
 0.10702967E+02  0.18603918E-03  0.18603918E-03  0.37058457E-03  0.37058457E-03
 0.10793671E+02  0.18535866E-03  0.18535866E-03  0.35265122E-03  0.35265122E-03
 0.10884375E+02  0.18533372E-03  0.18533372E-03  0.33574242E-03  0.33574242E-03
 0.10975079E+02  0.18573283E-03  0.18573283E-03  0.31991768E-03  0.31991768E-03
 0.11065783E+02  0.18628873E-03  0.18628873E-03  0.30518183E-03  0.30518183E-03
 0.11156488E+02  0.18671213E-03  0.18671213E-03  0.29145319E-03  0.29145319E-03
 0.11247192E+02  0.18673430E-03  0.18673430E-03  0.27853479E-03  0.27853479E-03
 0.11337896E+02  0.18617421E-03  0.18617421E-03  0.26611782E-03  0.26611782E-03
 0.11428600E+02  0.18500180E-03  0.18500180E-03  0.25383238E-03  0.25383238E-03
 0.11519304E+02  0.18335977E-03  0.18335977E-03  0.24133852E-03  0.24133852E-03
 0.11610008E+02  0.18152401E-03  0.18152401E-03  0.22841385E-03  0.22841385E-03
 0.11700713E+02  0.17982136E-03  0.17982136E-03  0.21500054E-03  0.21500054E-03
 0.11791417E+02  0.17854219E-03  0.17854219E-03  0.20119715E-03  0.20119715E-03
 0.11882121E+02  0.17787871E-03  0.17787871E-03  0.18721211E-03  0.18721211E-03
 0.11972825E+02  0.17789682E-03  0.17789682E-03  0.17330215E-03  0.17330215E-03
 0.12063529E+02  0.17853745E-03  0.17853745E-03  0.15971190E-03  0.15971190E-03
 0.12154233E+02  0.17964007E-03  0.17964007E-03  0.14662167E-03  0.14662167E-03
 0.12244938E+02  0.18098705E-03  0.18098705E-03  0.13411169E-03  0.13411169E-03
 0.12335642E+02  0.18236091E-03  0.18236091E-03  0.12215075E-03  0.12215075E-03
 0.12426346E+02  0.18360011E-03  0.18360011E-03  0.11061884E-03  0.11061884E-03
 0.12517050E+02  0.18463032E-03  0.18463032E-03  0.99357592E-04  0.99357592E-04
 0.12607754E+02  0.18545764E-03  0.18545764E-03  0.88226011E-04  0.88226011E-04
 0.12698458E+02  0.18612946E-03  0.18612946E-03  0.77136446E-04  0.77136446E-04
 0.12789163E+02  0.18668664E-03  0.18668664E-03  0.66052210E-04  0.66052210E-04
 0.12879867E+02  0.18713413E-03  0.18713413E-03  0.54956230E-04  0.54956230E-04
 0.12970571E+02  0.18744371E-03  0.18744371E-03  0.43808150E-04  0.43808150E-04
 0.13061275E+02  0.18758762E-03  0.18758762E-03  0.32518076E-04  0.32518076E-04
 0.13151979E+02  0.18758396E-03  0.18758396E-03  0.20951405E-04  0.20951405E-04
 0.13242683E+02  0.18752879E-03  0.18752879E-03  0.89666844E-05  0.89666844E-05
 0.13333388E+02  0.18759576E-03  0.18759576E-03 -0.35319947E-05 -0.35319947E-05
 0.13424092E+02  0.18800288E-03  0.18800288E-03 -0.16552528E-04 -0.16552528E-04
 0.13514796E+02  0.18896042E-03  0.18896042E-03 -0.29998623E-04 -0.29998623E-04
 0.13605500E+02  0.19061975E-03  0.19061975E-03 -0.43683996E-04 -0.43683996E-04
 0.13696204E+02  0.19303566E-03  0.19303566E-03 -0.57367256E-04 -0.57367256E-04
 0.13786908E+02  0.19614720E-03  0.19614720E-03 -0.70801318E-04 -0.70801318E-04
 0.13877613E+02  0.19978145E-03  0.19978145E-03 -0.83788122E-04 -0.83788122E-04
 0.13968317E+02  0.20368371E-03  0.20368371E-03 -0.96232004E-04 -0.96232004E-04
 0.14059021E+02  0.20757688E-03  0.20757688E-03 -0.10817505E-03 -0.10817505E-03
 0.14149725E+02  0.21123799E-03  0.21123799E-03 -0.11979629E-03 -0.11979629E-03
 0.14240429E+02  0.21456592E-03  0.21456592E-03 -0.13136342E-03 -0.13136342E-03
 0.14331133E+02  0.21760849E-03  0.21760849E-03 -0.14315155E-03 -0.14315155E-03
 0.14421838E+02  0.22053619E-03  0.22053619E-03 -0.15536354E-03 -0.15536354E-03
 0.14512542E+02  0.22357708E-03  0.22357708E-03 -0.16808367E-03 -0.16808367E-03
 0.14603246E+02  0.22694458E-03  0.22694458E-03 -0.18127948E-03 -0.18127948E-03
 0.14693950E+02  0.23078512E-03  0.23078512E-03 -0.19483891E-03 -0.19483891E-03
 0.14784654E+02  0.23515830E-03  0.23515830E-03 -0.20862354E-03 -0.20862354E-03
 0.14875358E+02  0.24004794E-03  0.24004794E-03 -0.22251782E-03 -0.22251782E-03
 0.14966063E+02  0.24539469E-03  0.24539469E-03 -0.23646169E-03 -0.23646169E-03
 0.15056767E+02  0.25113815E-03  0.25113815E-03 -0.25045797E-03 -0.25045797E-03
 0.15147471E+02  0.25725254E-03  0.25725254E-03 -0.26455559E-03 -0.26455559E-03
 0.15238175E+02  0.26376493E-03  0.26376493E-03 -0.27881697E-03 -0.27881697E-03
 0.15328879E+02  0.27074954E-03  0.27074954E-03 -0.29328314E-03 -0.29328314E-03
 0.15419583E+02  0.27830394E-03  0.27830394E-03 -0.30795235E-03 -0.30795235E-03
 0.15510288E+02  0.28651839E-03  0.28651839E-03 -0.32277726E-03 -0.32277726E-03
 0.15600992E+02  0.29545298E-03  0.29545298E-03 -0.33768253E-03 -0.33768253E-03
 0.15691696E+02  0.30513214E-03  0.30513214E-03 -0.35259077E-03 -0.35259077E-03
 0.15782400E+02  0.31555761E-03  0.31555761E-03 -0.36744593E-03 -0.36744593E-03
 0.15873104E+02  0.32673490E-03  0.32673490E-03 -0.38222064E-03 -0.38222064E-03
 0.15963808E+02  0.33869946E-03  0.33869946E-03 -0.39690277E-03 -0.39690277E-03
 0.16054513E+02  0.35152872E-03  0.35152872E-03 -0.41146345E-03 -0.41146345E-03
 0.16145217E+02  0.36532862E-03  0.36532862E-03 -0.42582045E-03 -0.42582045E-03
 0.16235921E+02  0.38019544E-03  0.38019544E-03 -0.43981371E-03 -0.43981371E-03
 0.16326625E+02  0.39616106E-03  0.39616106E-03 -0.45320799E-03 -0.45320799E-03
 0.16417329E+02  0.41314474E-03  0.41314474E-03 -0.46573244E-03 -0.46573244E-03
 0.16508033E+02  0.43093003E-03  0.43093003E-03 -0.47714897E-03 -0.47714897E-03
 0.16598738E+02  0.44918874E-03  0.44918874E-03 -0.48733335E-03 -0.48733335E-03
 0.16689442E+02  0.46755437E-03  0.46755437E-03 -0.49633558E-03 -0.49633558E-03
 0.16780146E+02  0.48572908E-03  0.48572908E-03 -0.50438683E-03 -0.50438683E-03
 0.16870850E+02  0.50358116E-03  0.50358116E-03 -0.51183534E-03 -0.51183534E-03
 0.16961554E+02  0.52118624E-03  0.52118624E-03 -0.51902988E-03 -0.51902988E-03
 0.17052258E+02  0.53878485E-03  0.53878485E-03 -0.52619886E-03 -0.52619886E-03
 0.17142963E+02  0.55666961E-03  0.55666961E-03 -0.53338251E-03 -0.53338251E-03
 0.17233667E+02  0.57505541E-03  0.57505541E-03 -0.54045383E-03 -0.54045383E-03
 0.17324371E+02  0.59398970E-03  0.59398970E-03 -0.54722246E-03 -0.54722246E-03
 0.17415075E+02  0.61335321E-03  0.61335321E-03 -0.55358116E-03 -0.55358116E-03
 0.17505779E+02  0.63296553E-03  0.63296553E-03 -0.55963081E-03 -0.55963081E-03
 0.17596483E+02  0.65276964E-03  0.65276964E-03 -0.56571236E-03 -0.56571236E-03
 0.17687188E+02  0.67302257E-03  0.67302257E-03 -0.57230529E-03 -0.57230529E-03
 0.17777892E+02  0.69440366E-03  0.69440366E-03 -0.57980254E-03 -0.57980254E-03
 0.17868596E+02  0.71796963E-03  0.71796963E-03 -0.58823412E-03 -0.58823412E-03
 0.17959300E+02  0.74495524E-03  0.74495524E-03 -0.59703293E-03 -0.59703293E-03
 0.18050004E+02  0.77645907E-03  0.77645907E-03 -0.60491543E-03 -0.60491543E-03
 0.18140708E+02  0.81307406E-03  0.81307406E-03 -0.60991030E-03 -0.60991030E-03
 0.18231412E+02  0.85451022E-03  0.85451022E-03 -0.60955868E-03 -0.60955868E-03
 0.18322117E+02  0.89927082E-03  0.89927082E-03 -0.60132420E-03 -0.60132420E-03
 0.18412821E+02  0.94451986E-03  0.94451986E-03 -0.58323560E-03 -0.58323560E-03
 0.18503525E+02  0.98634114E-03  0.98634114E-03 -0.55468094E-03 -0.55468094E-03
 0.18594229E+02  0.10205504E-02  0.10205504E-02 -0.51705009E-03 -0.51705009E-03
 0.18684933E+02  0.10439282E-02  0.10439282E-02 -0.47377699E-03 -0.47377699E-03
 0.18775638E+02  0.10553302E-02  0.10553302E-02 -0.42951062E-03 -0.42951062E-03
 0.18866342E+02  0.10560208E-02  0.10560208E-02 -0.38869194E-03 -0.38869194E-03
 0.18957046E+02  0.10490160E-02  0.10490160E-02 -0.35427538E-03 -0.35427538E-03
 0.19047750E+02  0.10378586E-02  0.10378586E-02 -0.32720512E-03 -0.32720512E-03
 0.19138454E+02  0.10254887E-02  0.10254887E-02 -0.30672283E-03 -0.30672283E-03
 0.19229158E+02  0.10136185E-02  0.10136185E-02 -0.29114287E-03 -0.29114287E-03
 0.19319863E+02  0.10026615E-02  0.10026615E-02 -0.27869180E-03 -0.27869180E-03
 0.19410567E+02  0.99206181E-03  0.99206181E-03 -0.26815113E-03 -0.26815113E-03
 0.19501271E+02  0.98084583E-03  0.98084583E-03 -0.25918727E-03 -0.25918727E-03
 0.19591975E+02  0.96820782E-03  0.96820782E-03 -0.25233457E-03 -0.25233457E-03
 0.19682679E+02  0.95395187E-03  0.95395187E-03 -0.24867727E-03 -0.24867727E-03
 0.19773383E+02  0.93865644E-03  0.93865644E-03 -0.24936919E-03 -0.24936919E-03
 0.19864088E+02  0.92353519E-03  0.92353519E-03 -0.25519330E-03 -0.25519330E-03
 0.19954792E+02  0.91010839E-03  0.91010839E-03 -0.26631200E-03 -0.26631200E-03
 0.20045496E+02  0.89984324E-03  0.89984324E-03 -0.28225404E-03 -0.28225404E-03
 0.20136200E+02  0.89389261E-03  0.89389261E-03 -0.30206607E-03 -0.30206607E-03
 0.20226904E+02  0.89296977E-03  0.89296977E-03 -0.32453398E-03 -0.32453398E-03
 0.20317608E+02  0.89733974E-03  0.89733974E-03 -0.34838892E-03 -0.34838892E-03
 0.20408312E+02  0.90688394E-03  0.90688394E-03 -0.37246937E-03 -0.37246937E-03
 0.20499017E+02  0.92120324E-03  0.92120324E-03 -0.39582705E-03 -0.39582705E-03
 0.20589721E+02  0.93973736E-03  0.93973736E-03 -0.41778165E-03 -0.41778165E-03
 0.20680425E+02  0.96188481E-03  0.96188481E-03 -0.43792847E-03 -0.43792847E-03
 0.20771129E+02  0.98710944E-03  0.98710944E-03 -0.45609884E-03 -0.45609884E-03
 0.20861833E+02  0.10150160E-02  0.10150160E-02 -0.47228741E-03 -0.47228741E-03
 0.20952538E+02  0.10453826E-02  0.10453826E-02 -0.48655911E-03 -0.48655911E-03
 0.21043242E+02  0.10781511E-02  0.10781511E-02 -0.49896322E-03 -0.49896322E-03
 0.21133946E+02  0.11133837E-02  0.11133837E-02 -0.50946818E-03 -0.50946818E-03
 0.21224650E+02  0.11512118E-02  0.11512118E-02 -0.51793014E-03 -0.51793014E-03
 0.21315354E+02  0.11917865E-02  0.11917865E-02 -0.52408402E-03 -0.52408402E-03
 0.21406058E+02  0.12352486E-02  0.12352486E-02 -0.52754488E-03 -0.52754488E-03
 0.21496763E+02  0.12817053E-02  0.12817053E-02 -0.52780372E-03 -0.52780372E-03
 0.21587467E+02  0.13312031E-02  0.13312031E-02 -0.52420556E-03 -0.52420556E-03
 0.21678171E+02  0.13836725E-02  0.13836725E-02 -0.51592312E-03 -0.51592312E-03
 0.21768875E+02  0.14388329E-02  0.14388329E-02 -0.50194172E-03 -0.50194172E-03
 0.21859579E+02  0.14960593E-02  0.14960593E-02 -0.48109471E-03 -0.48109471E-03
 0.21950283E+02  0.15542337E-02  0.15542337E-02 -0.45218153E-03 -0.45218153E-03
 0.22040988E+02  0.16116389E-02  0.16116389E-02 -0.41419271E-03 -0.41419271E-03
 0.22131692E+02  0.16659628E-02  0.16659628E-02 -0.36662978E-03 -0.36662978E-03
 0.22222396E+02  0.17144925E-02  0.17144925E-02 -0.30985307E-03 -0.30985307E-03
 0.22313100E+02  0.17545248E-02  0.17545248E-02 -0.24534100E-03 -0.24534100E-03
 0.22403804E+02  0.17839340E-02  0.17839340E-02 -0.17570719E-03 -0.17570719E-03
 0.22494508E+02  0.18017390E-02  0.18017390E-02 -0.10438802E-03 -0.10438802E-03
 0.22585213E+02  0.18084467E-02  0.18084467E-02 -0.35027787E-04 -0.35027787E-04
 0.22675917E+02  0.18060244E-02  0.18060244E-02  0.29258221E-04  0.29258221E-04
 0.22766621E+02  0.17974892E-02  0.17974892E-02  0.86497519E-04  0.86497519E-04
 0.22857325E+02  0.17862717E-02  0.17862717E-02  0.13617829E-03  0.13617829E-03
 0.22948029E+02  0.17755510E-02  0.17755510E-02  0.17922183E-03  0.17922183E-03
 0.23038733E+02  0.17677198E-02  0.17677198E-02  0.21769673E-03  0.21769673E-03
 0.23129438E+02  0.17640412E-02  0.17640412E-02  0.25438243E-03  0.25438243E-03
 0.23220142E+02  0.17644921E-02  0.17644921E-02  0.29227734E-03  0.29227734E-03
 0.23310846E+02  0.17677771E-02  0.17677771E-02  0.33409091E-03  0.33409091E-03
 0.23401550E+02  0.17715175E-02  0.17715175E-02  0.38175270E-03  0.38175270E-03
 0.23492254E+02  0.17726379E-02  0.17726379E-02  0.43599334E-03  0.43599334E-03
 0.23582958E+02  0.17679476E-02  0.17679476E-02  0.49609906E-03  0.49609906E-03
 0.23673663E+02  0.17548279E-02  0.17548279E-02  0.55997052E-03  0.55997052E-03
 0.23764367E+02  0.17318418E-02  0.17318418E-02  0.62453998E-03  0.62453998E-03
 0.23855071E+02  0.16990417E-02  0.16990417E-02  0.68647266E-03  0.68647266E-03
 0.23945775E+02  0.16578541E-02  0.16578541E-02  0.74291697E-03  0.74291697E-03
 0.24036479E+02  0.16105918E-02  0.16105918E-02  0.79204720E-03  0.79204720E-03
 0.24127183E+02  0.15598084E-02  0.15598084E-02  0.83323677E-03  0.83323677E-03
 0.24217888E+02  0.15077258E-02  0.15077258E-02  0.86687871E-03  0.86687871E-03
 0.24308592E+02  0.14558951E-02  0.14558951E-02  0.89398908E-03  0.89398908E-03
 0.24399296E+02  0.14051229E-02  0.14051229E-02  0.91576177E-03  0.91576177E-03
 0.24490000E+02  0.13556142E-02  0.13556142E-02  0.93320799E-03  0.93320799E-03
 0.24580704E+02  0.13072432E-02  0.13072432E-02  0.94695340E-03  0.94695340E-03
 0.24671408E+02  0.12598468E-02  0.12598468E-02  0.95721488E-03  0.95721488E-03
 0.24762113E+02  0.12134559E-02  0.12134559E-02  0.96392713E-03  0.96392713E-03
 0.24852817E+02  0.11683995E-02  0.11683995E-02  0.96695574E-03  0.96695574E-03
 0.24943521E+02  0.11252719E-02  0.11252719E-02  0.96631133E-03  0.96631133E-03
 0.25034225E+02  0.10847925E-02  0.10847925E-02  0.96229361E-03  0.96229361E-03
 0.25124929E+02  0.10476236E-02  0.10476236E-02  0.95553028E-03  0.95553028E-03
 0.25215633E+02  0.10142056E-02  0.10142056E-02  0.94691677E-03  0.94691677E-03
 0.25306338E+02  0.98465198E-03  0.98465198E-03  0.93748965E-03  0.93748965E-03
 0.25397042E+02  0.95871747E-03  0.95871747E-03  0.92827413E-03  0.92827413E-03
 0.25487746E+02  0.93583702E-03  0.93583702E-03  0.92014003E-03  0.92014003E-03
 0.25578450E+02  0.91522080E-03  0.91522080E-03  0.91369285E-03  0.91369285E-03
 0.25669154E+02  0.89598409E-03  0.89598409E-03  0.90922106E-03  0.90922106E-03
 0.25759858E+02  0.87728348E-03  0.87728348E-03  0.90671018E-03  0.90671018E-03
 0.25850563E+02  0.85842050E-03  0.85842050E-03  0.90591902E-03  0.90591902E-03
 0.25941267E+02  0.83888549E-03  0.83888549E-03  0.90649149E-03  0.90649149E-03
 0.26031971E+02  0.81832825E-03  0.81832825E-03  0.90805890E-03  0.90805890E-03
 0.26122675E+02  0.79648031E-03  0.79648031E-03  0.91029187E-03  0.91029187E-03
 0.26213379E+02  0.77307128E-03  0.77307128E-03  0.91287826E-03  0.91287826E-03
 0.26304083E+02  0.74779383E-03  0.74779383E-03  0.91544283E-03  0.91544283E-03
 0.26394788E+02  0.72034783E-03  0.72034783E-03  0.91745424E-03  0.91745424E-03
 0.26485492E+02  0.69055913E-03  0.69055913E-03  0.91818105E-03  0.91818105E-03
 0.26576196E+02  0.65852381E-03  0.65852381E-03  0.91674446E-03  0.91674446E-03
 0.26666900E+02  0.62470227E-03  0.62470227E-03  0.91226845E-03  0.91226845E-03
 0.26757604E+02  0.58990507E-03  0.58990507E-03  0.90407466E-03  0.90407466E-03
 0.26848308E+02  0.55516279E-03  0.55516279E-03  0.89183882E-03  0.89183882E-03
 0.26939013E+02  0.52153403E-03  0.52153403E-03  0.87564634E-03  0.87564634E-03
 0.27029717E+02  0.48992566E-03  0.48992566E-03  0.85593829E-03  0.85593829E-03
 0.27120421E+02  0.46098119E-03  0.46098119E-03  0.83338721E-03  0.83338721E-03
 0.27211125E+02  0.43504807E-03  0.43504807E-03  0.80875696E-03  0.80875696E-03
 0.27301829E+02  0.41220647E-03  0.41220647E-03  0.78278640E-03  0.78278640E-03
 0.27392533E+02  0.39232960E-03  0.39232960E-03  0.75611141E-03  0.75611141E-03
 0.27483238E+02  0.37515290E-03  0.37515290E-03  0.72922302E-03  0.72922302E-03
 0.27573942E+02  0.36034108E-03  0.36034108E-03  0.70245339E-03  0.70245339E-03
 0.27664646E+02  0.34754736E-03  0.34754736E-03  0.67598111E-03  0.67598111E-03
 0.27755350E+02  0.33646435E-03  0.33646435E-03  0.64985291E-03  0.64985291E-03
 0.27846054E+02  0.32686248E-03  0.32686248E-03  0.62401892E-03  0.62401892E-03
 0.27936758E+02  0.31861268E-03  0.31861268E-03  0.59837807E-03  0.59837807E-03
 0.28027463E+02  0.31168879E-03  0.31168879E-03  0.57282684E-03  0.57282684E-03
 0.28118167E+02  0.30615134E-03  0.30615134E-03  0.54730254E-03  0.54730254E-03
 0.28208871E+02  0.30211736E-03  0.30211736E-03  0.52181435E-03  0.52181435E-03
 0.28299575E+02  0.29972381E-03  0.29972381E-03  0.49645969E-03  0.49645969E-03
 0.28390279E+02  0.29909035E-03  0.29909035E-03  0.47142818E-03  0.47142818E-03
 0.28480983E+02  0.30028243E-03  0.30028243E-03  0.44699590E-03  0.44699590E-03
 0.28571688E+02  0.30327340E-03  0.30327340E-03  0.42351081E-03  0.42351081E-03
 0.28662392E+02  0.30790385E-03  0.30790385E-03  0.40136384E-03  0.40136384E-03
 0.28753096E+02  0.31384337E-03  0.31384337E-03  0.38093705E-03  0.38093705E-03
 0.28843800E+02  0.32057008E-03  0.32057008E-03  0.36252020E-03  0.36252020E-03
 0.28934504E+02  0.32739615E-03  0.32739615E-03  0.34620108E-03  0.34620108E-03
 0.29025208E+02  0.33356557E-03  0.33356557E-03  0.33176025E-03  0.33176025E-03
 0.29115913E+02  0.33842486E-03  0.33842486E-03  0.31862739E-03  0.31862739E-03
 0.29206617E+02  0.34161503E-03  0.34161503E-03  0.30595267E-03  0.30595267E-03
 0.29297321E+02  0.34319524E-03  0.34319524E-03  0.29279405E-03  0.29279405E-03
 0.29388025E+02  0.34362947E-03  0.34362947E-03  0.27834762E-03  0.27834762E-03
 0.29478729E+02  0.34364426E-03  0.34364426E-03  0.26211803E-03  0.26211803E-03
 0.29569433E+02  0.34403432E-03  0.34403432E-03  0.24397015E-03  0.24397015E-03
 0.29660137E+02  0.34549848E-03  0.34549848E-03  0.22407437E-03  0.22407437E-03
 0.29750842E+02  0.34854538E-03  0.34854538E-03  0.20279907E-03  0.20279907E-03
 0.29841546E+02  0.35346382E-03  0.35346382E-03  0.18059798E-03  0.18059798E-03
 0.29932250E+02  0.36033516E-03  0.36033516E-03  0.15791397E-03  0.15791397E-03
 0.30022954E+02  0.36907086E-03  0.36907086E-03  0.13510118E-03  0.13510118E-03
 0.30113658E+02  0.37947145E-03  0.37947145E-03  0.11236246E-03  0.11236246E-03
 0.30204363E+02  0.39130978E-03  0.39130978E-03  0.89707692E-04  0.89707692E-04
 0.30295067E+02  0.40443570E-03  0.40443570E-03  0.66948277E-04  0.66948277E-04
 0.30385771E+02  0.41888471E-03  0.41888471E-03  0.43743877E-04  0.43743877E-04
 0.30476475E+02  0.43495985E-03  0.43495985E-03  0.19703541E-04  0.19703541E-04
 0.30567179E+02  0.45325919E-03  0.45325919E-03 -0.54793286E-05 -0.54793286E-05
 0.30657883E+02  0.47464176E-03  0.47464176E-03 -0.31891200E-04 -0.31891200E-04
 0.30748588E+02  0.50014638E-03  0.50014638E-03 -0.59287198E-04 -0.59287198E-04
 0.30839292E+02  0.53088463E-03  0.53088463E-03 -0.87008806E-04 -0.87008806E-04
 0.30929996E+02  0.56791369E-03  0.56791369E-03 -0.11391868E-03 -0.11391868E-03
 0.31020700E+02  0.61207214E-03  0.61207214E-03 -0.13834572E-03 -0.13834572E-03
 0.31111404E+02  0.66374420E-03  0.66374420E-03 -0.15806043E-03 -0.15806043E-03
 0.31202108E+02  0.72252956E-03  0.72252956E-03 -0.17034795E-03 -0.17034795E-03
 0.31292813E+02  0.78685098E-03  0.78685098E-03 -0.17229227E-03 -0.17229227E-03
 0.31383517E+02  0.85365323E-03  0.85365323E-03 -0.16138651E-03 -0.16138651E-03
 0.31474221E+02  0.91848851E-03  0.91848851E-03 -0.13645685E-03 -0.13645685E-03
 0.31564925E+02  0.97629917E-03  0.97629917E-03 -0.98586744E-04 -0.98586744E-04
 0.31655629E+02  0.10228816E-02  0.10228816E-02 -0.51428104E-04 -0.51428104E-04
 0.31746333E+02  0.10564188E-02  0.10564188E-02 -0.39248205E-06 -0.39248205E-06
 0.31837037E+02  0.10781564E-02  0.10781564E-02  0.49087682E-04  0.49087682E-04
 0.31927742E+02  0.10917774E-02  0.10917774E-02  0.93312213E-04  0.93312213E-04
 0.32018446E+02  0.11019186E-02  0.11019186E-02  0.13120040E-03  0.13120040E-03
 0.32109150E+02  0.11126684E-02  0.11126684E-02  0.16413256E-03  0.16413256E-03
 0.32199854E+02  0.11265851E-02  0.11265851E-02  0.19515582E-03  0.19515582E-03
 0.32290558E+02  0.11442851E-02  0.11442851E-02  0.22802106E-03  0.22802106E-03
 0.32381263E+02  0.11644382E-02  0.11644382E-02  0.26628132E-03  0.26628132E-03
 0.32471967E+02  0.11840505E-02  0.11840505E-02  0.31248682E-03  0.31248682E-03
 0.32562671E+02  0.11990453E-02  0.11990453E-02  0.36750943E-03  0.36750943E-03
 0.32653375E+02  0.12051513E-02  0.12051513E-02  0.43014042E-03  0.43014042E-03
 0.32744079E+02  0.11989732E-02  0.11989732E-02  0.49717834E-03  0.49717834E-03
 0.32834783E+02  0.11789063E-02  0.11789063E-02  0.56411603E-03  0.56411603E-03
 0.32925488E+02  0.11455181E-02  0.11455181E-02  0.62624122E-03  0.62624122E-03
 0.33016192E+02  0.11012433E-02  0.11012433E-02  0.67972163E-03  0.67972163E-03
 0.33106896E+02  0.10495881E-02  0.10495881E-02  0.72225972E-03  0.72225972E-03
 0.33197600E+02  0.99423924E-03  0.99423924E-03  0.75318121E-03  0.75318121E-03
 0.33288304E+02  0.93839997E-03  0.93839997E-03  0.77310146E-03  0.77310146E-03
 0.33379008E+02  0.88446752E-03  0.88446752E-03  0.78342857E-03  0.78342857E-03
 0.33469713E+02  0.83399164E-03  0.83399164E-03  0.78590644E-03  0.78590644E-03
 0.33560417E+02  0.78779616E-03  0.78779616E-03  0.78228777E-03  0.78228777E-03
 0.33651121E+02  0.74615710E-03  0.74615710E-03  0.77414259E-03  0.77414259E-03
 0.33741825E+02  0.70897910E-03  0.70897910E-03  0.76276880E-03  0.76276880E-03
 0.33832529E+02  0.67594477E-03  0.67594477E-03  0.74916867E-03  0.74916867E-03
 0.33923233E+02  0.64663383E-03  0.64663383E-03  0.73406357E-03  0.73406357E-03
 0.34013937E+02  0.62061359E-03  0.62061359E-03  0.71793190E-03  0.71793190E-03
 0.34104642E+02  0.59750443E-03  0.59750443E-03  0.70106245E-03  0.70106245E-03
 0.34195346E+02  0.57701974E-03  0.57701974E-03  0.68361609E-03  0.68361609E-03
 0.34286050E+02  0.55898104E-03  0.55898104E-03  0.66569094E-03  0.66569094E-03
 0.34376754E+02  0.54330780E-03  0.54330780E-03  0.64738105E-03  0.64738105E-03
 0.34467458E+02  0.52998753E-03  0.52998753E-03  0.62882185E-03  0.62882185E-03
 0.34558163E+02  0.51903321E-03  0.51903321E-03  0.61021616E-03  0.61021616E-03
 0.34648867E+02  0.51043702E-03  0.51043702E-03  0.59183924E-03  0.59183924E-03
 0.34739571E+02  0.50412746E-03  0.50412746E-03  0.57402427E-03  0.57402427E-03
 0.34830275E+02  0.49993669E-03  0.49993669E-03  0.55713107E-03  0.55713107E-03
 0.34920979E+02  0.49758176E-03  0.49758176E-03  0.54150312E-03  0.54150312E-03
 0.35011683E+02  0.49666536E-03  0.49666536E-03  0.52741634E-03  0.52741634E-03
 0.35102388E+02  0.49669925E-03  0.49669925E-03  0.51502865E-03  0.51502865E-03
 0.35193092E+02  0.49715147E-03  0.49715147E-03  0.50433978E-03  0.50433978E-03
 0.35283796E+02  0.49751198E-03  0.49751198E-03  0.49517561E-03  0.49517561E-03
 0.35374500E+02  0.49736275E-03  0.49736275E-03  0.48720477E-03  0.48720477E-03
 0.35465204E+02  0.49643282E-03  0.49643282E-03  0.47998874E-03  0.47998874E-03
 0.35555908E+02  0.49462173E-03  0.49462173E-03  0.47305156E-03  0.47305156E-03
 0.35646613E+02  0.49198601E-03  0.49198601E-03  0.46594740E-03  0.46594740E-03
 0.35737317E+02  0.48869795E-03  0.48869795E-03  0.45830675E-03  0.45830675E-03
 0.35828021E+02  0.48499636E-03  0.48499636E-03  0.44985118E-03  0.44985118E-03
 0.35918725E+02  0.48114815E-03  0.48114815E-03  0.44038267E-03  0.44038267E-03
 0.36009429E+02  0.47743152E-03  0.47743152E-03  0.42976074E-03  0.42976074E-03
 0.36100133E+02  0.47413909E-03  0.47413909E-03  0.41788516E-03  0.41788516E-03
 0.36190838E+02  0.47159249E-03  0.47159249E-03  0.40469281E-03  0.40469281E-03
 0.36281542E+02  0.47015446E-03  0.47015446E-03  0.39017282E-03  0.39017282E-03
 0.36372246E+02  0.47022896E-03  0.47022896E-03  0.37439294E-03  0.37439294E-03
 0.36462950E+02  0.47224448E-03  0.47224448E-03  0.35752880E-03  0.35752880E-03
 0.36553654E+02  0.47662142E-03  0.47662142E-03  0.33988706E-03  0.33988706E-03
 0.36644358E+02  0.48372833E-03  0.48372833E-03  0.32191641E-03  0.32191641E-03
 0.36735063E+02  0.49382995E-03  0.49382995E-03  0.30420423E-03  0.30420423E-03
 0.36825767E+02  0.50703162E-03  0.50703162E-03  0.28745369E-03  0.28745369E-03
 0.36916471E+02  0.52322195E-03  0.52322195E-03  0.27243821E-03  0.27243821E-03
 0.37007175E+02  0.54202762E-03  0.54202762E-03  0.25992263E-03  0.25992263E-03
 0.37097879E+02  0.56279716E-03  0.56279716E-03  0.25055205E-03  0.25055205E-03
 0.37188583E+02  0.58464456E-03  0.58464456E-03  0.24471752E-03  0.24471752E-03
 0.37279288E+02  0.60657213E-03  0.60657213E-03  0.24243858E-03  0.24243858E-03
 0.37369992E+02  0.62766627E-03  0.62766627E-03  0.24331847E-03  0.24331847E-03
 0.37460696E+02  0.64731341E-03  0.64731341E-03  0.24662070E-03  0.24662070E-03
 0.37551400E+02  0.66534776E-03  0.66534776E-03  0.25147152E-03  0.25147152E-03
 0.37642104E+02  0.68206088E-03  0.68206088E-03  0.25712423E-03  0.25712423E-03
 0.37732808E+02  0.69805346E-03  0.69805346E-03  0.26318563E-03  0.26318563E-03
 0.37823512E+02  0.71399139E-03  0.71399139E-03  0.26972198E-03  0.26972198E-03
 0.37914217E+02  0.73034469E-03  0.73034469E-03  0.27721565E-03  0.27721565E-03
 0.38004921E+02  0.74719484E-03  0.74719484E-03  0.28639624E-03  0.28639624E-03
 0.38095625E+02  0.76415167E-03  0.76415167E-03  0.29799705E-03  0.29799705E-03
 0.38186329E+02  0.78040698E-03  0.78040698E-03  0.31249851E-03  0.31249851E-03
 0.38277033E+02  0.79491908E-03  0.79491908E-03  0.32992857E-03  0.32992857E-03
 0.38367737E+02  0.80668625E-03  0.80668625E-03  0.34978630E-03  0.34978630E-03
 0.38458442E+02  0.81502926E-03  0.81502926E-03  0.37113488E-03  0.37113488E-03
 0.38549146E+02  0.81977304E-03  0.81977304E-03  0.39283936E-03  0.39283936E-03
 0.38639850E+02  0.82125951E-03  0.82125951E-03  0.41386711E-03  0.41386711E-03
 0.38730554E+02  0.82018852E-03  0.82018852E-03  0.43352625E-03  0.43352625E-03
 0.38821258E+02  0.81736869E-03  0.81736869E-03  0.45156550E-03  0.45156550E-03
 0.38911963E+02  0.81347694E-03  0.81347694E-03  0.46811657E-03  0.46811657E-03
 0.39002667E+02  0.80890837E-03  0.80890837E-03  0.48353080E-03  0.48353080E-03
 0.39093371E+02  0.80374373E-03  0.80374373E-03  0.49818177E-03  0.49818177E-03
 0.39184075E+02  0.79782350E-03  0.79782350E-03  0.51229703E-03  0.51229703E-03
 0.39274779E+02  0.79088802E-03  0.79088802E-03  0.52586829E-03  0.52586829E-03
 0.39365483E+02  0.78273316E-03  0.78273316E-03  0.53865015E-03  0.53865015E-03
 0.39456188E+02  0.77333082E-03  0.77333082E-03  0.55024022E-03  0.55024022E-03
 0.39546892E+02  0.76288446E-03  0.76288446E-03  0.56020064E-03  0.56020064E-03
 0.39637596E+02  0.75181131E-03  0.75181131E-03  0.56818167E-03  0.56818167E-03
 0.39728300E+02  0.74067337E-03  0.74067337E-03  0.57400718E-03  0.57400718E-03
 0.39819004E+02  0.73008711E-03  0.73008711E-03  0.57771120E-03  0.57771120E-03
 0.39909708E+02  0.72064249E-03  0.72064249E-03  0.57953323E-03  0.57953323E-03
 0.40000413E+02  0.71284372E-03  0.71284372E-03  0.57988968E-03  0.57988968E-03
 0.40091117E+02  0.70706832E-03  0.70706832E-03  0.57934094E-03  0.57934094E-03
 0.40181821E+02  0.70353650E-03  0.70353650E-03  0.57856091E-03  0.57856091E-03
 0.40272525E+02  0.70227536E-03  0.70227536E-03  0.57830674E-03  0.57830674E-03
 0.40363229E+02  0.70307858E-03  0.70307858E-03  0.57937636E-03  0.57937636E-03
 0.40453933E+02  0.70546171E-03  0.70546171E-03  0.58253971E-03  0.58253971E-03
 0.40544638E+02  0.70863819E-03  0.70863819E-03  0.58843104E-03  0.58843104E-03
 0.40635342E+02  0.71154251E-03  0.71154251E-03  0.59740686E-03  0.59740686E-03
 0.40726046E+02  0.71293642E-03  0.71293642E-03  0.60939582E-03  0.60939582E-03
 0.40816750E+02  0.71160987E-03  0.71160987E-03  0.62379861E-03  0.62379861E-03
 0.40907454E+02  0.70664603E-03  0.70664603E-03  0.63950321E-03  0.63950321E-03
 0.40998158E+02  0.69766686E-03  0.69766686E-03  0.65505826E-03  0.65505826E-03
 0.41088862E+02  0.68495421E-03  0.68495421E-03  0.66897209E-03  0.66897209E-03
 0.41179567E+02  0.66938665E-03  0.66938665E-03  0.68003942E-03  0.68003942E-03
 0.41270271E+02  0.65221153E-03  0.65221153E-03  0.68757275E-03  0.68757275E-03
 0.41360975E+02  0.63475168E-03  0.63475168E-03  0.69147210E-03  0.69147210E-03
 0.41451679E+02  0.61814609E-03  0.61814609E-03  0.69213979E-03  0.69213979E-03
 0.41542383E+02  0.60319304E-03  0.60319304E-03  0.69030826E-03  0.69030826E-03
 0.41633088E+02  0.59029745E-03  0.59029745E-03  0.68684599E-03  0.68684599E-03
 0.41723792E+02  0.57950179E-03  0.57950179E-03  0.68259230E-03  0.68259230E-03
 0.41814496E+02  0.57056673E-03  0.57056673E-03  0.67823667E-03  0.67823667E-03
 0.41905200E+02  0.56307589E-03  0.56307589E-03  0.67424928E-03  0.67424928E-03
 0.41995904E+02  0.55654808E-03  0.55654808E-03  0.67086007E-03  0.67086007E-03
 0.42086608E+02  0.55053750E-03  0.55053750E-03  0.66808142E-03  0.66808142E-03
 0.42177313E+02  0.54470852E-03  0.54470852E-03  0.66576721E-03  0.66576721E-03
 0.42268017E+02  0.53887275E-03  0.53887275E-03  0.66368938E-03  0.66368938E-03
 0.42358721E+02  0.53298664E-03  0.53298664E-03  0.66161650E-03  0.66161650E-03
 0.42449425E+02  0.52711774E-03  0.52711774E-03  0.65937189E-03  0.65937189E-03
 0.42540129E+02  0.52139487E-03  0.52139487E-03  0.65686674E-03  0.65686674E-03
 0.42630833E+02  0.51595670E-03  0.51595670E-03  0.65410466E-03  0.65410466E-03
 0.42721538E+02  0.51090889E-03  0.51090889E-03  0.65116675E-03  0.65116675E-03
 0.42812242E+02  0.50629466E-03  0.50629466E-03  0.64818389E-03  0.64818389E-03
 0.42902946E+02  0.50207877E-03  0.50207877E-03  0.64530101E-03  0.64530101E-03
 0.42993650E+02  0.49814495E-03  0.49814495E-03  0.64263804E-03  0.64263804E-03
 0.43084354E+02  0.49431019E-03  0.49431019E-03  0.64024832E-03  0.64024832E-03
 0.43175058E+02  0.49035893E-03  0.49035893E-03  0.63808279E-03  0.63808279E-03
 0.43265763E+02  0.48609770E-03  0.48609770E-03  0.63597009E-03  0.63597009E-03
 0.43356467E+02  0.48142257E-03  0.48142257E-03  0.63362644E-03  0.63362644E-03
 0.43447171E+02  0.47638092E-03  0.47638092E-03  0.63070290E-03  0.63070290E-03
 0.43537875E+02  0.47120470E-03  0.47120470E-03  0.62686692E-03  0.62686692E-03
 0.43628579E+02  0.46629787E-03  0.46629787E-03  0.62189850E-03  0.62189850E-03
 0.43719283E+02  0.46217367E-03  0.46217367E-03  0.61577172E-03  0.61577172E-03
 0.43809988E+02  0.45935689E-03  0.45935689E-03  0.60869960E-03  0.60869960E-03
 0.43900692E+02  0.45827284E-03  0.45827284E-03  0.60112826E-03  0.60112826E-03
 0.43991396E+02  0.45914631E-03  0.45914631E-03  0.59368529E-03  0.59368529E-03
 0.44082100E+02  0.46192550E-03  0.46192550E-03  0.58708528E-03  0.58708528E-03
 0.44172804E+02  0.46624549E-03  0.46624549E-03  0.58200359E-03  0.58200359E-03
 0.44263508E+02  0.47145096E-03  0.47145096E-03  0.57892592E-03  0.57892592E-03
 0.44354213E+02  0.47669790E-03  0.47669790E-03  0.57800676E-03  0.57800676E-03
 0.44444917E+02  0.48113785E-03  0.48113785E-03  0.57898492E-03  0.57898492E-03
 0.44535621E+02  0.48414522E-03  0.48414522E-03  0.58121487E-03  0.58121487E-03
 0.44626325E+02  0.48550234E-03  0.48550234E-03  0.58383563E-03  0.58383563E-03
 0.44717029E+02  0.48545487E-03  0.48545487E-03  0.58602654E-03  0.58602654E-03
 0.44807733E+02  0.48460360E-03  0.48460360E-03  0.58724816E-03  0.58724816E-03
 0.44898438E+02  0.48368536E-03  0.48368536E-03  0.58736800E-03  0.58736800E-03
 0.44989142E+02  0.48333775E-03  0.48333775E-03  0.58663923E-03  0.58663923E-03
 0.45079846E+02  0.48393258E-03  0.48393258E-03  0.58556296E-03  0.58556296E-03
 0.45170550E+02  0.48551693E-03  0.48551693E-03  0.58470147E-03  0.58470147E-03
 0.45261254E+02  0.48786114E-03  0.48786114E-03  0.58450224E-03  0.58450224E-03
 0.45351958E+02  0.49058706E-03  0.49058706E-03  0.58518779E-03  0.58518779E-03
 0.45442662E+02  0.49332984E-03  0.49332984E-03  0.58673880E-03  0.58673880E-03
 0.45533367E+02  0.49587046E-03  0.49587046E-03  0.58897898E-03  0.58897898E-03
 0.45624071E+02  0.49818024E-03  0.49818024E-03  0.59171992E-03  0.59171992E-03
 0.45714775E+02  0.50035545E-03  0.50035545E-03  0.59489742E-03  0.59489742E-03
 0.45805479E+02  0.50247540E-03  0.50247540E-03  0.59862551E-03  0.59862551E-03
 0.45896183E+02  0.50324418E-03  0.50445523E-03  0.60355332E-03  0.60313346E-03
 0.45986888E+02  0.50453312E-03  0.50597357E-03  0.60885740E-03  0.60860716E-03
 0.46077592E+02  0.50338987E-03  0.50653193E-03  0.61489465E-03  0.61500169E-03
 0.46168296E+02  0.49952842E-03  0.50564379E-03  0.62032133E-03  0.62192341E-03
 0.46259000E+02  0.49621904E-03  0.50308783E-03  0.62519403E-03  0.62866891E-03
 0.46349704E+02  0.49240421E-03  0.49909398E-03  0.62919572E-03  0.63443788E-03
 0.46440408E+02  0.48853733E-03  0.49435397E-03  0.63236028E-03  0.63864066E-03
 0.46531113E+02  0.48419458E-03  0.48982981E-03  0.63428425E-03  0.64115679E-03
 0.46621817E+02  0.48174429E-03  0.48644177E-03  0.63726155E-03  0.64243165E-03
 0.46712521E+02  0.47891698E-03  0.48475659E-03  0.63976217E-03  0.64338346E-03
 0.46803225E+02  0.47529229E-03  0.48476506E-03  0.64210507E-03  0.64515990E-03
 0.46893929E+02  0.47222678E-03  0.48580447E-03  0.64530243E-03  0.64880240E-03
 0.46984633E+02  0.46868898E-03  0.48666663E-03  0.64871973E-03  0.65488274E-03
 0.47075338E+02  0.46453951E-03  0.48591936E-03  0.65213599E-03  0.66321880E-03
 0.47166042E+02  0.45964065E-03  0.48238986E-03  0.65515501E-03  0.67281652E-03
 0.47256746E+02  0.45437065E-03  0.47562695E-03  0.65781450E-03  0.68214590E-03
 0.47347450E+02  0.44878400E-03  0.46609192E-03  0.65986829E-03  0.68967257E-03
 0.47438154E+02  0.44253022E-03  0.45496435E-03  0.65996533E-03  0.69438586E-03
 0.47528858E+02  0.43704463E-03  0.44368516E-03  0.66078250E-03  0.69606401E-03
 0.47619563E+02  0.43174044E-03  0.43348927E-03  0.66112771E-03  0.69520987E-03
 0.47710267E+02  0.42685222E-03  0.42510994E-03  0.66210847E-03  0.69277209E-03
 0.47800971E+02  0.42188405E-03  0.41869183E-03  0.66059172E-03  0.68980849E-03
 0.47891675E+02  0.41738791E-03  0.41387069E-03  0.66011578E-03  0.68719428E-03
 0.47982379E+02  0.41314211E-03  0.40996476E-03  0.65951005E-03  0.68541929E-03
 0.48073083E+02  0.40912571E-03  0.40622991E-03  0.65881252E-03  0.68451017E-03
 0.48163788E+02  0.40532552E-03  0.40211549E-03  0.65783923E-03  0.68409692E-03
 0.48254492E+02  0.40173045E-03  0.39743349E-03  0.65703298E-03  0.68361067E-03
 0.48345196E+02  0.39833300E-03  0.39237643E-03  0.65620066E-03  0.68253313E-03
 0.48435900E+02  0.39512946E-03  0.38738867E-03  0.65536522E-03  0.68059138E-03
 0.48526604E+02  0.39212788E-03  0.38296635E-03  0.65436364E-03  0.67782611E-03
 0.48617308E+02  0.38928843E-03  0.37948032E-03  0.65360694E-03  0.67453402E-03
 0.48708013E+02  0.38660841E-03  0.37707928E-03  0.65292536E-03  0.67113707E-03
 0.48798717E+02  0.38406700E-03  0.37568589E-03  0.65234119E-03  0.66803987E-03
 0.48889421E+02  0.38162686E-03  0.37506425E-03  0.65124782E-03  0.66552268E-03
 0.48980125E+02  0.37928906E-03  0.37492573E-03  0.65136589E-03  0.66369802E-03
 0.49070829E+02  0.37700018E-03  0.37502946E-03  0.65116055E-03  0.66253542E-03
 0.49161533E+02  0.37474389E-03  0.37523936E-03  0.65109020E-03  0.66193673E-03
 0.49252237E+02  0.37235823E-03  0.37551900E-03  0.65057883E-03  0.66182214E-03
 0.49342942E+02  0.37018077E-03  0.37587322E-03  0.65117045E-03  0.66218395E-03
 0.49433646E+02  0.36787038E-03  0.37627248E-03  0.65147253E-03  0.66308344E-03
 0.49524350E+02  0.36550623E-03  0.37660425E-03  0.65188000E-03  0.66459452E-03
 0.49615054E+02  0.36282391E-03  0.37667877E-03  0.65176424E-03  0.66672584E-03
 0.49705758E+02  0.36047068E-03  0.37629404E-03  0.65275558E-03  0.66936529E-03
 0.49796462E+02  0.35785656E-03  0.37533001E-03  0.65338942E-03  0.67228494E-03
 0.49887167E+02  0.35514312E-03  0.37382272E-03  0.65407266E-03  0.67521537E-03
 0.49977871E+02  0.35232387E-03  0.37197111E-03  0.65479053E-03  0.67796049E-03
 0.50068575E+02  0.34928300E-03  0.37006359E-03  0.65527123E-03  0.68049793E-03
 0.50159279E+02  0.34623696E-03  0.36834893E-03  0.65599877E-03  0.68301397E-03
 0.50249983E+02  0.34307724E-03  0.36690456E-03  0.65671447E-03  0.68584895E-03
 0.50340687E+02  0.34001030E-03  0.36555715E-03  0.65794205E-03  0.68936744E-03
 0.50431392E+02  0.33661990E-03  0.36389508E-03  0.65860304E-03  0.69379292E-03
 0.50522096E+02  0.33282600E-03  0.36138612E-03  0.65830101E-03  0.69906973E-03
 0.50612800E+02  0.32924665E-03  0.35757148E-03  0.65880295E-03  0.70482045E-03
 0.50703504E+02  0.32573992E-03  0.35225915E-03  0.65981900E-03  0.71043851E-03
 0.50794208E+02  0.32198161E-03  0.34561971E-03  0.66015422E-03  0.71529220E-03
 0.50884913E+02  0.31795305E-03  0.33813045E-03  0.65937848E-03  0.71894610E-03
 0.50975617E+02  0.31410552E-03  0.33039586E-03  0.65948435E-03  0.72129285E-03
 0.51066321E+02  0.31030729E-03  0.32293924E-03  0.66010532E-03  0.72254858E-03
 0.51157025E+02  0.30637626E-03  0.31605046E-03  0.65998963E-03  0.72313315E-03
 0.51247729E+02  0.30243117E-03  0.30973438E-03  0.65975912E-03  0.72350144E-03
 0.51338433E+02  0.29846197E-03  0.30375782E-03  0.65897650E-03  0.72398787E-03
 0.51429138E+02  0.29453584E-03  0.29776640E-03  0.65851622E-03  0.72470830E-03
 0.51519842E+02  0.29062846E-03  0.29142730E-03  0.65794972E-03  0.72554482E-03
 0.51610546E+02  0.28672721E-03  0.28454877E-03  0.65789620E-03  0.72621017E-03
 0.51701250E+02  0.28286830E-03  0.27713515E-03  0.65712362E-03  0.72635997E-03
 0.51791954E+02  0.27914595E-03  0.26936952E-03  0.65521000E-03  0.72570164E-03
 0.51882658E+02  0.27540627E-03  0.26155041E-03  0.65427617E-03  0.72406447E-03
 0.51973363E+02  0.27164207E-03  0.25401816E-03  0.65384471E-03  0.72142022E-03
 0.52064067E+02  0.26800078E-03  0.24709705E-03  0.65276046E-03  0.71787270E-03
 0.52154771E+02  0.26441845E-03  0.24105634E-03  0.65161855E-03  0.71363637E-03
 0.52245475E+02  0.26098307E-03  0.23607998E-03  0.64997764E-03  0.70901359E-03
 0.52336179E+02  0.25752539E-03  0.23223657E-03  0.64874533E-03  0.70436672E-03
 0.52426883E+02  0.25412327E-03  0.22945259E-03  0.64747618E-03  0.70007484E-03
 0.52517588E+02  0.25064917E-03  0.22750135E-03  0.64668803E-03  0.69646979E-03
 0.52608292E+02  0.24734528E-03  0.22602828E-03  0.64534885E-03  0.69375915E-03
 0.52698996E+02  0.24408822E-03  0.22462632E-03  0.64398567E-03  0.69196467E-03
 0.52789700E+02  0.24099830E-03  0.22294819E-03  0.64216302E-03  0.69091359E-03
 0.52880404E+02  0.23782930E-03  0.22080967E-03  0.64075822E-03  0.69030878E-03
 0.52971108E+02  0.23469724E-03  0.21822468E-03  0.63933247E-03  0.68985658E-03
 0.53061813E+02  0.23145168E-03  0.21534403E-03  0.63834925E-03  0.68938539E-03
 0.53152517E+02  0.22838390E-03  0.21233252E-03  0.63687233E-03  0.68888864E-03
 0.53243221E+02  0.22565254E-03  0.20925647E-03  0.63448728E-03  0.68847263E-03
 0.53333925E+02  0.22249788E-03  0.20604263E-03  0.63341501E-03  0.68824568E-03
 0.53424629E+02  0.21952965E-03  0.20252563E-03  0.63186644E-03  0.68821544E-03
 0.53515333E+02  0.21659344E-03  0.19855170E-03  0.63029145E-03  0.68825349E-03
 0.53606037E+02  0.21351966E-03  0.19407248E-03  0.62911368E-03  0.68814383E-03
 0.53696742E+02  0.21064756E-03  0.18917116E-03  0.62747599E-03  0.68767997E-03
 0.53787446E+02  0.20817664E-03  0.18401341E-03  0.62497116E-03  0.68674315E-03
 0.53878150E+02  0.20520702E-03  0.17876668E-03  0.62369142E-03  0.68531619E-03
 0.53968854E+02  0.20245616E-03  0.17354649E-03  0.62197447E-03  0.68343942E-03
 0.54059558E+02  0.19974748E-03  0.16841707E-03  0.62023247E-03  0.68115405E-03
 0.54150263E+02  0.19689011E-03  0.16342982E-03  0.61884755E-03  0.67847617E-03
 0.54240967E+02  0.19468166E-03  0.15865907E-03  0.61626412E-03  0.67541418E-03
 0.54331671E+02  0.19191693E-03  0.15420412E-03  0.61482714E-03  0.67200853E-03
 0.54422375E+02  0.18939583E-03  0.15015462E-03  0.61300023E-03  0.66835576E-03
 0.54513079E+02  0.18692321E-03  0.14654560E-03  0.61115965E-03  0.66459597E-03
 0.54603783E+02  0.18429582E-03  0.14333392E-03  0.60964849E-03  0.66086792E-03
 0.54694488E+02  0.18192038E-03  0.14041337E-03  0.60777994E-03  0.65725658E-03
 0.54785192E+02  0.18004259E-03  0.13766390E-03  0.60519523E-03  0.65376285E-03
 0.54875896E+02  0.17756208E-03  0.13501116E-03  0.60364905E-03  0.65031571E-03
 0.54966600E+02  0.17533261E-03  0.13246258E-03  0.60177860E-03  0.64682261E-03
 0.55057304E+02  0.17314819E-03  0.13009932E-03  0.59991063E-03  0.64323137E-03
 0.55148008E+02  0.17080401E-03  0.12802840E-03  0.59834104E-03  0.63957158E-03
 0.55238713E+02  0.16870644E-03  0.12631884E-03  0.59647685E-03  0.63595252E-03
 0.55329417E+02  0.16644690E-03  0.12495255E-03  0.59490202E-03  0.63251892E-03
 0.55420121E+02  0.16488639E-03  0.12381528E-03  0.59242197E-03  0.62938032E-03
 0.55510825E+02  0.16290264E-03  0.12274111E-03  0.59059176E-03  0.62654404E-03
 0.55601529E+02  0.16075605E-03  0.12160386E-03  0.58903577E-03  0.62389339E-03
 0.55692233E+02  0.15883892E-03  0.12041064E-03  0.58722323E-03  0.62124516E-03
 0.55782938E+02  0.15675763E-03  0.11933004E-03  0.58567601E-03  0.61847284E-03
 0.55873642E+02  0.15489891E-03  0.11861544E-03  0.58388315E-03  0.61562586E-03
 0.55964346E+02  0.15351384E-03  0.11845405E-03  0.58152578E-03  0.61296715E-03
 0.56055050E+02  0.15151446E-03  0.11881563E-03  0.58000400E-03  0.61089311E-03
 0.56145754E+02  0.14972645E-03  0.11938056E-03  0.57824932E-03  0.60975695E-03
 0.56236458E+02  0.14795932E-03  0.11960947E-03  0.57650494E-03  0.60966097E-03
 0.56327163E+02  0.14602958E-03  0.11896462E-03  0.57499731E-03  0.61033772E-03
 0.56417867E+02  0.14430338E-03  0.11717378E-03  0.57326699E-03  0.61123605E-03
 0.56508571E+02  0.14285808E-03  0.11434175E-03  0.57122323E-03  0.61178300E-03
 0.56599275E+02  0.14116912E-03  0.11083035E-03  0.56951044E-03  0.61161995E-03
 0.56689979E+02  0.13949813E-03  0.10704254E-03  0.56780434E-03  0.61065300E-03
 0.56780683E+02  0.13766886E-03  0.10328877E-03  0.56631475E-03  0.60895763E-03
 0.56871388E+02  0.13603521E-03  0.99772298E-04  0.56461705E-03  0.60667377E-03
 0.56962092E+02  0.13424481E-03  0.96618934E-04  0.56312918E-03  0.60396122E-03
 0.57052796E+02  0.13264831E-03  0.93888448E-04  0.56143923E-03  0.60098843E-03
 0.57143500E+02  0.13150977E-03  0.91572226E-04  0.55924967E-03  0.59790914E-03
 0.57234204E+02  0.12977714E-03  0.89614897E-04  0.55777173E-03  0.59482777E-03
 0.57324908E+02  0.12823425E-03  0.87963006E-04  0.55610201E-03  0.59179241E-03
 0.57415613E+02  0.12653985E-03  0.86599158E-04  0.55462723E-03  0.58883376E-03
 0.57506317E+02  0.12503288E-03  0.85523334E-04  0.55296720E-03  0.58601351E-03
 0.57597021E+02  0.12337564E-03  0.84700393E-04  0.55149709E-03  0.58342903E-03
 0.57687725E+02  0.12190314E-03  0.84030193E-04  0.54984824E-03  0.58116815E-03
 0.57778429E+02  0.12088197E-03  0.83367576E-04  0.54773629E-03  0.57926221E-03
 0.57869133E+02  0.11927582E-03  0.82560414E-04  0.54628263E-03  0.57767380E-03
 0.57959837E+02  0.11784800E-03  0.81470724E-04  0.54465937E-03  0.57629743E-03
 0.58050542E+02  0.11627342E-03  0.80006499E-04  0.54321385E-03  0.57494503E-03
 0.58141246E+02  0.11487341E-03  0.78197340E-04  0.54160388E-03  0.57336119E-03
 0.58231950E+02  0.11348523E-03  0.76252433E-04  0.54000199E-03  0.57132888E-03
 0.58322654E+02  0.11195185E-03  0.74498816E-04  0.53857070E-03  0.56880853E-03
 0.58413358E+02  0.11101442E-03  0.73221926E-04  0.53653682E-03  0.56597814E-03
 0.58504063E+02  0.10950307E-03  0.72538287E-04  0.53511769E-03  0.56314001E-03
 0.58594767E+02  0.10815552E-03  0.72379780E-04  0.53354355E-03  0.56058367E-03
 0.58685471E+02  0.10666407E-03  0.72563332E-04  0.53213135E-03  0.55849877E-03
 0.58776175E+02  0.10533296E-03  0.72871382E-04  0.53056640E-03  0.55696108E-03
 0.58866879E+02  0.10385828E-03  0.73099839E-04  0.52915903E-03  0.55595646E-03
 0.58957583E+02  0.10254096E-03  0.73078319E-04  0.52760039E-03  0.55540626E-03
 0.59048288E+02  0.10165429E-03  0.72677067E-04  0.52561442E-03  0.55518378E-03
 0.59138992E+02  0.10020022E-03  0.71817422E-04  0.52421105E-03  0.55511610E-03
 0.59229696E+02  0.98900137E-04  0.70511309E-04  0.52265792E-03  0.55499583E-03
 0.59320400E+02  0.97458578E-04  0.68895070E-04  0.52125060E-03  0.55465236E-03
 0.59411104E+02  0.96170185E-04  0.67176052E-04  0.51969393E-03  0.55404629E-03
 0.59501808E+02  0.94740922E-04  0.65514333E-04  0.51827858E-03  0.55327995E-03
 0.59592513E+02  0.93465067E-04  0.63949477E-04  0.51671428E-03  0.55251654E-03
 0.59683217E+02  0.92195953E-04  0.62405620E-04  0.51514560E-03  0.55189098E-03
 0.59773921E+02  0.91225402E-04  0.60740456E-04  0.51329482E-03  0.55145366E-03
 0.59864625E+02  0.89974438E-04  0.58812456E-04  0.51171613E-03  0.55115675E-03
 0.59955329E+02  0.88585889E-04  0.56532946E-04  0.51026722E-03  0.55088444E-03
 0.60046033E+02  0.87354633E-04  0.53882710E-04  0.50867321E-03  0.55049870E-03
 0.60136738E+02  0.85986967E-04  0.50901305E-04  0.50720492E-03  0.54987678E-03
 0.60227442E+02  0.84779357E-04  0.47660127E-04  0.50559399E-03  0.54892841E-03
 0.60318146E+02  0.83436575E-04  0.44242980E-04  0.50410481E-03  0.54758730E-03
 0.60408850E+02  0.82716945E-04  0.40751379E-04  0.50208303E-03  0.54580377E-03
 0.60499554E+02  0.81406485E-04  0.37309679E-04  0.50057744E-03  0.54356009E-03
 0.60590258E+02  0.80261651E-04  0.34046558E-04  0.49893757E-03  0.54088852E-03
 0.60680962E+02  0.79134274E-04  0.31066345E-04  0.49729148E-03  0.53786890E-03
 0.60771667E+02  0.77875865E-04  0.28429577E-04  0.49575762E-03  0.53460814E-03
 0.60862371E+02  0.76786278E-04  0.26150016E-04  0.49409797E-03  0.53121513E-03
 0.60953075E+02  0.75566883E-04  0.24205360E-04  0.49254730E-03  0.52778072E-03
 0.61043779E+02  0.74518138E-04  0.22554098E-04  0.49087700E-03  0.52436950E-03
 0.61134483E+02  0.73822058E-04  0.21149611E-04  0.48896373E-03  0.52102166E-03
 0.61225188E+02  0.72817376E-04  0.19948300E-04  0.48729318E-03  0.51775905E-03
 0.61315892E+02  0.71685459E-04  0.18912894E-04  0.48572511E-03  0.51459143E-03
 0.61406596E+02  0.70724863E-04  0.18012872E-04  0.48405125E-03  0.51152126E-03
 0.61497300E+02  0.69638028E-04  0.17223791E-04  0.48247668E-03  0.50854675E-03
 0.61588004E+02  0.68722154E-04  0.16526227E-04  0.48080314E-03  0.50566410E-03
 0.61678708E+02  0.67681067E-04  0.15904737E-04  0.47922579E-03  0.50286844E-03
 0.61769412E+02  0.66809880E-04  0.15346997E-04  0.47755626E-03  0.50015451E-03
 0.61860117E+02  0.65814458E-04  0.14843129E-04  0.47597972E-03  0.49751715E-03
 0.61950821E+02  0.65472180E-04  0.14385151E-04  0.47402947E-03  0.49495141E-03
 0.62041525E+02  0.64520868E-04  0.13966557E-04  0.47246412E-03  0.49245265E-03
 0.62132229E+02  0.63734773E-04  0.13582011E-04  0.47081934E-03  0.49001658E-03
 0.62222933E+02  0.62968576E-04  0.13227096E-04  0.46918204E-03  0.48763929E-03
 0.62313638E+02  0.62081714E-04  0.12898131E-04  0.46762938E-03  0.48531711E-03
 0.62404342E+02  0.61355480E-04  0.12592032E-04  0.46600616E-03  0.48304678E-03
 0.62495046E+02  0.60509794E-04  0.12306194E-04  0.46446450E-03  0.48082535E-03
 0.62585750E+02  0.59821664E-04  0.12038390E-04  0.46285751E-03  0.47865002E-03
 0.62676454E+02  0.59488182E-04  0.11786728E-04  0.46108945E-03  0.47651833E-03
 0.62767158E+02  0.58833307E-04  0.11549574E-04  0.45950617E-03  0.47442798E-03
 0.62857863E+02  0.58061999E-04  0.11325515E-04  0.45799827E-03  0.47237688E-03
 0.62948567E+02  0.57440988E-04  0.11113324E-04  0.45643401E-03  0.47036312E-03
 0.63039271E+02  0.56704994E-04  0.10911928E-04  0.45494217E-03  0.46838496E-03
 0.63129975E+02  0.56115829E-04  0.10720381E-04  0.45339799E-03  0.46644068E-03
 0.63220679E+02  0.55413195E-04  0.10537855E-04  0.45192328E-03  0.46452883E-03
 0.63311383E+02  0.54853917E-04  0.10363617E-04  0.45039999E-03  0.46264802E-03
 0.63402088E+02  0.54182746E-04  0.10197009E-04  0.44894334E-03  0.46079693E-03
 0.63492792E+02  0.54100949E-04  0.10037451E-04  0.44724595E-03  0.45897436E-03
 0.63583496E+02  0.53456362E-04  0.98844229E-05  0.44581266E-03  0.45717920E-03
 0.63674200E+02  0.52947720E-04  0.97374559E-05  0.44433685E-03  0.45541041E-03
 0.63764904E+02  0.52330904E-04  0.95961283E-05  0.44292247E-03  0.45366700E-03
 0.63855608E+02  0.51846639E-04  0.94600612E-05  0.44146843E-03  0.45194810E-03
 0.63946313E+02  0.51255924E-04  0.93289067E-05  0.44007328E-03  0.45025278E-03
 0.64037017E+02  0.50794407E-04  0.92023535E-05  0.43864101E-03  0.44858026E-03
 0.64127721E+02  0.50228223E-04  0.90801181E-05  0.43726528E-03  0.44692982E-03
 0.64218425E+02  0.49787958E-04  0.89619366E-05  0.43585477E-03  0.44530069E-03
 0.64309129E+02  0.49668516E-04  0.88475727E-05  0.43433623E-03  0.44369222E-03
 0.64399833E+02  0.49244666E-04  0.87368082E-05  0.43295063E-03  0.44210378E-03
 0.64490538E+02  0.48720016E-04  0.86294427E-05  0.43161724E-03  0.44053477E-03
 0.64581242E+02  0.48314737E-04  0.85252909E-05  0.43025285E-03  0.43898460E-03
 0.64671946E+02  0.47810458E-04  0.84241839E-05  0.42893863E-03  0.43745278E-03
 0.64762650E+02  0.47422542E-04  0.83259612E-05  0.42759518E-03  0.43593871E-03
 0.64853354E+02  0.46937414E-04  0.82304786E-05  0.42629990E-03  0.43444196E-03
 0.64944058E+02  0.46565754E-04  0.81376020E-05  0.42497712E-03  0.43296205E-03
 0.65034762E+02  0.46098663E-04  0.80472028E-05  0.42370061E-03  0.43149853E-03
 0.65125467E+02  0.46140359E-04  0.79591654E-05  0.42226058E-03  0.43005098E-03
 0.65216171E+02  0.45687249E-04  0.78733807E-05  0.42100534E-03  0.42861900E-03
 0.65306875E+02  0.45341870E-04  0.77897472E-05  0.41972523E-03  0.42720220E-03
 0.65397579E+02  0.44904832E-04  0.77081690E-05  0.41848808E-03  0.42580022E-03
 0.65488283E+02  0.44475862E-04  0.76285586E-05  0.41725959E-03  0.42441273E-03
 0.65578988E+02  0.44151033E-04  0.75508299E-05  0.41600808E-03  0.42303932E-03
 0.65669692E+02  0.43736793E-04  0.74749059E-05  0.41479724E-03  0.42167971E-03
 0.65760396E+02  0.43424193E-04  0.74007139E-05  0.41356459E-03  0.42033359E-03
 0.65851100E+02  0.43023886E-04  0.73281823E-05  0.41237111E-03  0.41900065E-03
 0.65941804E+02  0.43097417E-04  0.72572471E-05  0.41103841E-03  0.41768060E-03
 0.66032508E+02  0.42707493E-04  0.71878467E-05  0.40986411E-03  0.41637316E-03
 0.66123212E+02  0.42414294E-04  0.71199231E-05  0.40866987E-03  0.41507808E-03
 0.66213917E+02  0.42036909E-04  0.70534211E-05  0.40751216E-03  0.41379509E-03
 0.66304621E+02  0.41753988E-04  0.69882900E-05  0.40633549E-03  0.41252398E-03
 0.66395325E+02  0.41388495E-04  0.69244784E-05  0.40519404E-03  0.41126444E-03
 0.66486029E+02  0.41115264E-04  0.68619408E-05  0.40403450E-03  0.41001627E-03
 0.66576733E+02  0.40761061E-04  0.68006340E-05  0.40290899E-03  0.40877927E-03
 0.66667438E+02  0.40496990E-04  0.67405140E-05  0.40176622E-03  0.40755320E-03
 0.66758142E+02  0.40153509E-04  0.66815420E-05  0.40065629E-03  0.40633786E-03
 0.66848846E+02  0.40248696E-04  0.66236801E-05  0.39942775E-03  0.40513304E-03
 0.66939550E+02  0.39912875E-04  0.65668922E-05  0.39833478E-03  0.40393856E-03
 0.67030254E+02  0.39582286E-04  0.65111437E-05  0.39724909E-03  0.40275423E-03
 0.67120958E+02  0.39336994E-04  0.64564030E-05  0.39614779E-03  0.40157988E-03
 0.67211663E+02  0.39015924E-04  0.64026367E-05  0.39507680E-03  0.40041529E-03
 0.67302367E+02  0.38778243E-04  0.63498161E-05  0.39399086E-03  0.39926032E-03
 0.67393071E+02  0.38466248E-04  0.62979133E-05  0.39293428E-03  0.39811480E-03
 0.67483775E+02  0.38235799E-04  0.62468996E-05  0.39186338E-03  0.39697856E-03
 0.67574479E+02  0.37932455E-04  0.61967497E-05  0.39082088E-03  0.39585144E-03
 0.67665183E+02  0.37708878E-04  0.61474386E-05  0.38976466E-03  0.39473330E-03
 0.67755888E+02  0.37743068E-04  0.60989425E-05  0.38864665E-03  0.39362399E-03
 0.67846592E+02  0.37523644E-04  0.60512383E-05  0.38760598E-03  0.39252337E-03
 0.67937296E+02  0.37234201E-04  0.60043050E-05  0.38659210E-03  0.39143131E-03
 0.68028000E+02  0.37021053E-04  0.59581196E-05  0.38556540E-03  0.39034764E-03
