#   iter=  100   gam= 0.18374662E-01   kpref= 0.55182454E-03
     #   Energy           Spect        Spect(0)            SPKK         SPKK(0)
-0.40817000E+02  0.28402451E-05  0.28402451E-05 -0.28184821E-03 -0.28184821E-03
-0.40726296E+02  0.28512678E-05  0.28512678E-05 -0.28236433E-03 -0.28236433E-03
-0.40635592E+02  0.28623576E-05  0.28623576E-05 -0.28288246E-03 -0.28288246E-03
-0.40544887E+02  0.28735151E-05  0.28735151E-05 -0.28340260E-03 -0.28340260E-03
-0.40454183E+02  0.28847407E-05  0.28847407E-05 -0.28392478E-03 -0.28392478E-03
-0.40363479E+02  0.28960352E-05  0.28960352E-05 -0.28444899E-03 -0.28444899E-03
-0.40272775E+02  0.29073989E-05  0.29073989E-05 -0.28497526E-03 -0.28497526E-03
-0.40182071E+02  0.29188319E-05  0.29188319E-05 -0.28550356E-03 -0.28550356E-03
-0.40091367E+02  0.29303361E-05  0.29303361E-05 -0.28603397E-03 -0.28603397E-03
-0.40000662E+02  0.29419115E-05  0.29419115E-05 -0.28656648E-03 -0.28656648E-03
-0.39909958E+02  0.29535586E-05  0.29535586E-05 -0.28710109E-03 -0.28710109E-03
-0.39819254E+02  0.29652781E-05  0.29652781E-05 -0.28763782E-03 -0.28763782E-03
-0.39728550E+02  0.29770705E-05  0.29770705E-05 -0.28817668E-03 -0.28817668E-03
-0.39637846E+02  0.29889365E-05  0.29889365E-05 -0.28871769E-03 -0.28871769E-03
-0.39547142E+02  0.30008768E-05  0.30008768E-05 -0.28926086E-03 -0.28926086E-03
-0.39456437E+02  0.30128919E-05  0.30128919E-05 -0.28980619E-03 -0.28980619E-03
-0.39365733E+02  0.30249826E-05  0.30249826E-05 -0.29035372E-03 -0.29035372E-03
-0.39275029E+02  0.30371493E-05  0.30371493E-05 -0.29090344E-03 -0.29090344E-03
-0.39184325E+02  0.30493930E-05  0.30493930E-05 -0.29145537E-03 -0.29145537E-03
-0.39093621E+02  0.30617141E-05  0.30617141E-05 -0.29200953E-03 -0.29200953E-03
-0.39002917E+02  0.30741134E-05  0.30741134E-05 -0.29256593E-03 -0.29256593E-03
-0.38912212E+02  0.30865915E-05  0.30865915E-05 -0.29312459E-03 -0.29312459E-03
-0.38821508E+02  0.30991492E-05  0.30991492E-05 -0.29368552E-03 -0.29368552E-03
-0.38730804E+02  0.31117872E-05  0.31117872E-05 -0.29424873E-03 -0.29424873E-03
-0.38640100E+02  0.31245059E-05  0.31245059E-05 -0.29481423E-03 -0.29481423E-03
-0.38549396E+02  0.31373057E-05  0.31373057E-05 -0.29538202E-03 -0.29538202E-03
-0.38458692E+02  0.31501886E-05  0.31501886E-05 -0.29595217E-03 -0.29595217E-03
-0.38367987E+02  0.31631546E-05  0.31631546E-05 -0.29652466E-03 -0.29652466E-03
-0.38277283E+02  0.31762045E-05  0.31762045E-05 -0.29709952E-03 -0.29709952E-03
-0.38186579E+02  0.31893390E-05  0.31893390E-05 -0.29767674E-03 -0.29767674E-03
-0.38095875E+02  0.32025589E-05  0.32025589E-05 -0.29825636E-03 -0.29825636E-03
-0.38005171E+02  0.32158649E-05  0.32158649E-05 -0.29883838E-03 -0.29883838E-03
-0.37914467E+02  0.32292578E-05  0.32292578E-05 -0.29942282E-03 -0.29942282E-03
-0.37823762E+02  0.32427383E-05  0.32427383E-05 -0.30000970E-03 -0.30000970E-03
-0.37733058E+02  0.32563074E-05  0.32563074E-05 -0.30059902E-03 -0.30059902E-03
-0.37642354E+02  0.32699657E-05  0.32699657E-05 -0.30119082E-03 -0.30119082E-03
-0.37551650E+02  0.32837141E-05  0.32837141E-05 -0.30178510E-03 -0.30178510E-03
-0.37460946E+02  0.32975533E-05  0.32975533E-05 -0.30238188E-03 -0.30238188E-03
-0.37370242E+02  0.33114839E-05  0.33114839E-05 -0.30298116E-03 -0.30298116E-03
-0.37279537E+02  0.33255075E-05  0.33255075E-05 -0.30358299E-03 -0.30358299E-03
-0.37188833E+02  0.33396245E-05  0.33396245E-05 -0.30418738E-03 -0.30418738E-03
-0.37098129E+02  0.33538357E-05  0.33538357E-05 -0.30479433E-03 -0.30479433E-03
-0.37007425E+02  0.33681420E-05  0.33681420E-05 -0.30540386E-03 -0.30540386E-03
-0.36916721E+02  0.33825444E-05  0.33825444E-05 -0.30601600E-03 -0.30601600E-03
-0.36826017E+02  0.33970437E-05  0.33970437E-05 -0.30663076E-03 -0.30663076E-03
-0.36735312E+02  0.34116409E-05  0.34116409E-05 -0.30724816E-03 -0.30724816E-03
-0.36644608E+02  0.34263367E-05  0.34263367E-05 -0.30786821E-03 -0.30786821E-03
-0.36553904E+02  0.34411317E-05  0.34411317E-05 -0.30849091E-03 -0.30849091E-03
-0.36463200E+02  0.34560278E-05  0.34560278E-05 -0.30911633E-03 -0.30911633E-03
-0.36372496E+02  0.34710253E-05  0.34710253E-05 -0.30974446E-03 -0.30974446E-03
-0.36281792E+02  0.34861253E-05  0.34861253E-05 -0.31037531E-03 -0.31037531E-03
-0.36191087E+02  0.35013287E-05  0.35013287E-05 -0.31100891E-03 -0.31100891E-03
-0.36100383E+02  0.35166366E-05  0.35166366E-05 -0.31164528E-03 -0.31164528E-03
-0.36009679E+02  0.35320498E-05  0.35320498E-05 -0.31228443E-03 -0.31228443E-03
-0.35918975E+02  0.35475694E-05  0.35475694E-05 -0.31292639E-03 -0.31292639E-03
-0.35828271E+02  0.35631965E-05  0.35631965E-05 -0.31357116E-03 -0.31357116E-03
-0.35737567E+02  0.35789315E-05  0.35789315E-05 -0.31421877E-03 -0.31421877E-03
-0.35646862E+02  0.35947764E-05  0.35947764E-05 -0.31486925E-03 -0.31486925E-03
-0.35556158E+02  0.36107319E-05  0.36107319E-05 -0.31552262E-03 -0.31552262E-03
-0.35465454E+02  0.36267989E-05  0.36267989E-05 -0.31617888E-03 -0.31617888E-03
-0.35374750E+02  0.36429785E-05  0.36429785E-05 -0.31683807E-03 -0.31683807E-03
-0.35284046E+02  0.36592720E-05  0.36592720E-05 -0.31750021E-03 -0.31750021E-03
-0.35193342E+02  0.36756803E-05  0.36756803E-05 -0.31816531E-03 -0.31816531E-03
-0.35102638E+02  0.36922046E-05  0.36922046E-05 -0.31883339E-03 -0.31883339E-03
-0.35011933E+02  0.37088460E-05  0.37088460E-05 -0.31950448E-03 -0.31950448E-03
-0.34921229E+02  0.37256051E-05  0.37256051E-05 -0.32017858E-03 -0.32017858E-03
-0.34830525E+02  0.37424841E-05  0.37424841E-05 -0.32085575E-03 -0.32085575E-03
-0.34739821E+02  0.37594838E-05  0.37594838E-05 -0.32153598E-03 -0.32153598E-03
-0.34649117E+02  0.37766052E-05  0.37766052E-05 -0.32221932E-03 -0.32221932E-03
-0.34558413E+02  0.37938495E-05  0.37938495E-05 -0.32290576E-03 -0.32290576E-03
-0.34467708E+02  0.38112181E-05  0.38112181E-05 -0.32359534E-03 -0.32359534E-03
-0.34377004E+02  0.38287121E-05  0.38287121E-05 -0.32428809E-03 -0.32428809E-03
-0.34286300E+02  0.38463328E-05  0.38463328E-05 -0.32498401E-03 -0.32498401E-03
-0.34195596E+02  0.38640814E-05  0.38640814E-05 -0.32568314E-03 -0.32568314E-03
-0.34104892E+02  0.38819587E-05  0.38819587E-05 -0.32638548E-03 -0.32638548E-03
-0.34014187E+02  0.38999671E-05  0.38999671E-05 -0.32709109E-03 -0.32709109E-03
-0.33923483E+02  0.39181073E-05  0.39181073E-05 -0.32779998E-03 -0.32779998E-03
-0.33832779E+02  0.39363806E-05  0.39363806E-05 -0.32851217E-03 -0.32851217E-03
-0.33742075E+02  0.39547884E-05  0.39547884E-05 -0.32922768E-03 -0.32922768E-03
-0.33651371E+02  0.39733322E-05  0.39733322E-05 -0.32994655E-03 -0.32994655E-03
-0.33560667E+02  0.39920132E-05  0.39920132E-05 -0.33066878E-03 -0.33066878E-03
-0.33469962E+02  0.40108330E-05  0.40108330E-05 -0.33139442E-03 -0.33139442E-03
-0.33379258E+02  0.40297928E-05  0.40297928E-05 -0.33212348E-03 -0.33212348E-03
-0.33288554E+02  0.40488936E-05  0.40488936E-05 -0.33285597E-03 -0.33285597E-03
-0.33197850E+02  0.40681380E-05  0.40681380E-05 -0.33359195E-03 -0.33359195E-03
-0.33107146E+02  0.40875269E-05  0.40875269E-05 -0.33433144E-03 -0.33433144E-03
-0.33016442E+02  0.41070617E-05  0.41070617E-05 -0.33507445E-03 -0.33507445E-03
-0.32925737E+02  0.41267440E-05  0.41267440E-05 -0.33582102E-03 -0.33582102E-03
-0.32835033E+02  0.41465754E-05  0.41465754E-05 -0.33657117E-03 -0.33657117E-03
-0.32744329E+02  0.41665573E-05  0.41665573E-05 -0.33732493E-03 -0.33732493E-03
-0.32653625E+02  0.41866914E-05  0.41866914E-05 -0.33808232E-03 -0.33808232E-03
-0.32562921E+02  0.42069793E-05  0.42069793E-05 -0.33884338E-03 -0.33884338E-03
-0.32472217E+02  0.42274219E-05  0.42274219E-05 -0.33960810E-03 -0.33960810E-03
-0.32381512E+02  0.42480222E-05  0.42480222E-05 -0.34037657E-03 -0.34037657E-03
-0.32290808E+02  0.42687812E-05  0.42687812E-05 -0.34114879E-03 -0.34114879E-03
-0.32200104E+02  0.42897006E-05  0.42897006E-05 -0.34192478E-03 -0.34192478E-03
-0.32109400E+02  0.43107819E-05  0.43107819E-05 -0.34270458E-03 -0.34270458E-03
-0.32018696E+02  0.43320272E-05  0.43320272E-05 -0.34348822E-03 -0.34348822E-03
-0.31927992E+02  0.43534381E-05  0.43534381E-05 -0.34427572E-03 -0.34427572E-03
-0.31837287E+02  0.43750164E-05  0.43750164E-05 -0.34506712E-03 -0.34506712E-03
-0.31746583E+02  0.43967632E-05  0.43967632E-05 -0.34586242E-03 -0.34586242E-03
-0.31655879E+02  0.44186817E-05  0.44186817E-05 -0.34666170E-03 -0.34666170E-03
-0.31565175E+02  0.44407731E-05  0.44407731E-05 -0.34746497E-03 -0.34746497E-03
-0.31474471E+02  0.44630392E-05  0.44630392E-05 -0.34827226E-03 -0.34827226E-03
-0.31383767E+02  0.44854820E-05  0.44854820E-05 -0.34908360E-03 -0.34908360E-03
-0.31293062E+02  0.45081034E-05  0.45081034E-05 -0.34989903E-03 -0.34989903E-03
-0.31202358E+02  0.45309054E-05  0.45309054E-05 -0.35071857E-03 -0.35071857E-03
-0.31111654E+02  0.45538899E-05  0.45538899E-05 -0.35154226E-03 -0.35154226E-03
-0.31020950E+02  0.45770591E-05  0.45770591E-05 -0.35237014E-03 -0.35237014E-03
-0.30930246E+02  0.46004141E-05  0.46004141E-05 -0.35320220E-03 -0.35320220E-03
-0.30839542E+02  0.46239586E-05  0.46239586E-05 -0.35403854E-03 -0.35403854E-03
-0.30748837E+02  0.46476939E-05  0.46476939E-05 -0.35487917E-03 -0.35487917E-03
-0.30658133E+02  0.46716221E-05  0.46716221E-05 -0.35572411E-03 -0.35572411E-03
-0.30567429E+02  0.46957452E-05  0.46957452E-05 -0.35657341E-03 -0.35657341E-03
-0.30476725E+02  0.47200659E-05  0.47200659E-05 -0.35742709E-03 -0.35742709E-03
-0.30386021E+02  0.47445861E-05  0.47445861E-05 -0.35828521E-03 -0.35828521E-03
-0.30295317E+02  0.47693082E-05  0.47693082E-05 -0.35914779E-03 -0.35914779E-03
-0.30204612E+02  0.47942343E-05  0.47942343E-05 -0.36001486E-03 -0.36001486E-03
-0.30113908E+02  0.48193662E-05  0.48193662E-05 -0.36088645E-03 -0.36088645E-03
-0.30023204E+02  0.48447076E-05  0.48447076E-05 -0.36176263E-03 -0.36176263E-03
-0.29932500E+02  0.48702602E-05  0.48702602E-05 -0.36264343E-03 -0.36264343E-03
-0.29841796E+02  0.48960265E-05  0.48960265E-05 -0.36352888E-03 -0.36352888E-03
-0.29751092E+02  0.49220088E-05  0.49220088E-05 -0.36441902E-03 -0.36441902E-03
-0.29660387E+02  0.49482098E-05  0.49482098E-05 -0.36531388E-03 -0.36531388E-03
-0.29569683E+02  0.49746319E-05  0.49746319E-05 -0.36621352E-03 -0.36621352E-03
-0.29478979E+02  0.50012778E-05  0.50012778E-05 -0.36711796E-03 -0.36711796E-03
-0.29388275E+02  0.50281500E-05  0.50281500E-05 -0.36802725E-03 -0.36802725E-03
-0.29297571E+02  0.50552504E-05  0.50552504E-05 -0.36894141E-03 -0.36894141E-03
-0.29206867E+02  0.50825834E-05  0.50825834E-05 -0.36986052E-03 -0.36986052E-03
-0.29116162E+02  0.51101508E-05  0.51101508E-05 -0.37078461E-03 -0.37078461E-03
-0.29025458E+02  0.51379554E-05  0.51379554E-05 -0.37171372E-03 -0.37171372E-03
-0.28934754E+02  0.51660000E-05  0.51660000E-05 -0.37264789E-03 -0.37264789E-03
-0.28844050E+02  0.51942876E-05  0.51942876E-05 -0.37358716E-03 -0.37358716E-03
-0.28753346E+02  0.52228211E-05  0.52228211E-05 -0.37453158E-03 -0.37453158E-03
-0.28662642E+02  0.52516034E-05  0.52516034E-05 -0.37548119E-03 -0.37548119E-03
-0.28571937E+02  0.52806374E-05  0.52806374E-05 -0.37643604E-03 -0.37643604E-03
-0.28481233E+02  0.53099253E-05  0.53099253E-05 -0.37739615E-03 -0.37739615E-03
-0.28390529E+02  0.53394721E-05  0.53394721E-05 -0.37836162E-03 -0.37836162E-03
-0.28299825E+02  0.53692800E-05  0.53692800E-05 -0.37933246E-03 -0.37933246E-03
-0.28209121E+02  0.53993522E-05  0.53993522E-05 -0.38030873E-03 -0.38030873E-03
-0.28118417E+02  0.54296918E-05  0.54296918E-05 -0.38129048E-03 -0.38129048E-03
-0.28027712E+02  0.54603023E-05  0.54603023E-05 -0.38227774E-03 -0.38227774E-03
-0.27937008E+02  0.54911869E-05  0.54911869E-05 -0.38327058E-03 -0.38327058E-03
-0.27846304E+02  0.55223491E-05  0.55223491E-05 -0.38426904E-03 -0.38426904E-03
-0.27755600E+02  0.55537922E-05  0.55537922E-05 -0.38527317E-03 -0.38527317E-03
-0.27664896E+02  0.55855187E-05  0.55855187E-05 -0.38628299E-03 -0.38628299E-03
-0.27574192E+02  0.56175344E-05  0.56175344E-05 -0.38729862E-03 -0.38729862E-03
-0.27483487E+02  0.56498418E-05  0.56498418E-05 -0.38832008E-03 -0.38832008E-03
-0.27392783E+02  0.56824445E-05  0.56824445E-05 -0.38934742E-03 -0.38934742E-03
-0.27302079E+02  0.57153464E-05  0.57153464E-05 -0.39038069E-03 -0.39038069E-03
-0.27211375E+02  0.57485511E-05  0.57485511E-05 -0.39141996E-03 -0.39141996E-03
-0.27120671E+02  0.57820625E-05  0.57820625E-05 -0.39246526E-03 -0.39246526E-03
-0.27029967E+02  0.58158847E-05  0.58158847E-05 -0.39351667E-03 -0.39351667E-03
-0.26939262E+02  0.58500214E-05  0.58500214E-05 -0.39457423E-03 -0.39457423E-03
-0.26848558E+02  0.58844757E-05  0.58844757E-05 -0.39563797E-03 -0.39563797E-03
-0.26757854E+02  0.59192540E-05  0.59192540E-05 -0.39670802E-03 -0.39670802E-03
-0.26667150E+02  0.59543593E-05  0.59543593E-05 -0.39778440E-03 -0.39778440E-03
-0.26576446E+02  0.59897959E-05  0.59897959E-05 -0.39886718E-03 -0.39886718E-03
-0.26485742E+02  0.60255680E-05  0.60255680E-05 -0.39995640E-03 -0.39995640E-03
-0.26395037E+02  0.60616802E-05  0.60616802E-05 -0.40105213E-03 -0.40105213E-03
-0.26304333E+02  0.60981368E-05  0.60981368E-05 -0.40215444E-03 -0.40215444E-03
-0.26213629E+02  0.61349424E-05  0.61349424E-05 -0.40326338E-03 -0.40326338E-03
-0.26122925E+02  0.61721017E-05  0.61721017E-05 -0.40437903E-03 -0.40437903E-03
-0.26032221E+02  0.62096179E-05  0.62096179E-05 -0.40550140E-03 -0.40550140E-03
-0.25941517E+02  0.62474986E-05  0.62474986E-05 -0.40663064E-03 -0.40663064E-03
-0.25850812E+02  0.62857474E-05  0.62857474E-05 -0.40776677E-03 -0.40776677E-03
-0.25760108E+02  0.63243690E-05  0.63243690E-05 -0.40890987E-03 -0.40890987E-03
-0.25669404E+02  0.63633686E-05  0.63633686E-05 -0.41006000E-03 -0.41006000E-03
-0.25578700E+02  0.64027513E-05  0.64027513E-05 -0.41121723E-03 -0.41121723E-03
-0.25487996E+02  0.64425223E-05  0.64425223E-05 -0.41238163E-03 -0.41238163E-03
-0.25397292E+02  0.64826869E-05  0.64826869E-05 -0.41355327E-03 -0.41355327E-03
-0.25306587E+02  0.65232503E-05  0.65232503E-05 -0.41473222E-03 -0.41473222E-03
-0.25215883E+02  0.65642172E-05  0.65642172E-05 -0.41591852E-03 -0.41591852E-03
-0.25125179E+02  0.66055954E-05  0.66055954E-05 -0.41711232E-03 -0.41711232E-03
-0.25034475E+02  0.66473893E-05  0.66473893E-05 -0.41831365E-03 -0.41831365E-03
-0.24943771E+02  0.66896048E-05  0.66896048E-05 -0.41952259E-03 -0.41952259E-03
-0.24853067E+02  0.67322476E-05  0.67322476E-05 -0.42073921E-03 -0.42073921E-03
-0.24762362E+02  0.67753239E-05  0.67753239E-05 -0.42196360E-03 -0.42196360E-03
-0.24671658E+02  0.68188397E-05  0.68188397E-05 -0.42319583E-03 -0.42319583E-03
-0.24580954E+02  0.68628013E-05  0.68628013E-05 -0.42443599E-03 -0.42443599E-03
-0.24490250E+02  0.69072146E-05  0.69072146E-05 -0.42568414E-03 -0.42568414E-03
-0.24399546E+02  0.69520854E-05  0.69520854E-05 -0.42694035E-03 -0.42694035E-03
-0.24308842E+02  0.69974226E-05  0.69974226E-05 -0.42820476E-03 -0.42820476E-03
-0.24218137E+02  0.70432314E-05  0.70432314E-05 -0.42947743E-03 -0.42947743E-03
-0.24127433E+02  0.70895188E-05  0.70895188E-05 -0.43075844E-03 -0.43075844E-03
-0.24036729E+02  0.71362916E-05  0.71362916E-05 -0.43204788E-03 -0.43204788E-03
-0.23946025E+02  0.71835570E-05  0.71835570E-05 -0.43334584E-03 -0.43334584E-03
-0.23855321E+02  0.72313220E-05  0.72313220E-05 -0.43465240E-03 -0.43465240E-03
-0.23764617E+02  0.72795940E-05  0.72795940E-05 -0.43596766E-03 -0.43596766E-03
-0.23673912E+02  0.73283801E-05  0.73283801E-05 -0.43729170E-03 -0.43729170E-03
-0.23583208E+02  0.73776872E-05  0.73776872E-05 -0.43862459E-03 -0.43862459E-03
-0.23492504E+02  0.74275255E-05  0.74275255E-05 -0.43996650E-03 -0.43996650E-03
-0.23401800E+02  0.74779015E-05  0.74779015E-05 -0.44131749E-03 -0.44131749E-03
-0.23311096E+02  0.75288231E-05  0.75288231E-05 -0.44267765E-03 -0.44267765E-03
-0.23220392E+02  0.75802987E-05  0.75802987E-05 -0.44404708E-03 -0.44404708E-03
-0.23129687E+02  0.76323365E-05  0.76323365E-05 -0.44542589E-03 -0.44542589E-03
-0.23038983E+02  0.76849450E-05  0.76849450E-05 -0.44681417E-03 -0.44681417E-03
-0.22948279E+02  0.77381330E-05  0.77381330E-05 -0.44821203E-03 -0.44821203E-03
-0.22857575E+02  0.77919089E-05  0.77919089E-05 -0.44961957E-03 -0.44961957E-03
-0.22766871E+02  0.78462809E-05  0.78462809E-05 -0.45103686E-03 -0.45103686E-03
-0.22676167E+02  0.79012608E-05  0.79012608E-05 -0.45246410E-03 -0.45246410E-03
-0.22585462E+02  0.79568567E-05  0.79568567E-05 -0.45390136E-03 -0.45390136E-03
-0.22494758E+02  0.80130779E-05  0.80130779E-05 -0.45534873E-03 -0.45534873E-03
-0.22404054E+02  0.80699343E-05  0.80699343E-05 -0.45680635E-03 -0.45680635E-03
-0.22313350E+02  0.81274359E-05  0.81274359E-05 -0.45827432E-03 -0.45827432E-03
-0.22222646E+02  0.81855926E-05  0.81855926E-05 -0.45975276E-03 -0.45975276E-03
-0.22131942E+02  0.82444150E-05  0.82444150E-05 -0.46124179E-03 -0.46124179E-03
-0.22041237E+02  0.83039114E-05  0.83039114E-05 -0.46274148E-03 -0.46274148E-03
-0.21950533E+02  0.83640967E-05  0.83640967E-05 -0.46425206E-03 -0.46425206E-03
-0.21859829E+02  0.84249800E-05  0.84249800E-05 -0.46577361E-03 -0.46577361E-03
-0.21769125E+02  0.84865724E-05  0.84865724E-05 -0.46730623E-03 -0.46730623E-03
-0.21678421E+02  0.85488854E-05  0.85488854E-05 -0.46885008E-03 -0.46885008E-03
-0.21587717E+02  0.86119306E-05  0.86119306E-05 -0.47040528E-03 -0.47040528E-03
-0.21497012E+02  0.86757200E-05  0.86757200E-05 -0.47197195E-03 -0.47197195E-03
-0.21406308E+02  0.87402658E-05  0.87402658E-05 -0.47355025E-03 -0.47355025E-03
-0.21315604E+02  0.88055804E-05  0.88055804E-05 -0.47514030E-03 -0.47514030E-03
-0.21224900E+02  0.88716741E-05  0.88716741E-05 -0.47674219E-03 -0.47674219E-03
-0.21134196E+02  0.89385646E-05  0.89385646E-05 -0.47835617E-03 -0.47835617E-03
-0.21043492E+02  0.90062626E-05  0.90062626E-05 -0.47998234E-03 -0.47998234E-03
-0.20952787E+02  0.90747820E-05  0.90747820E-05 -0.48162084E-03 -0.48162084E-03
-0.20862083E+02  0.91441363E-05  0.91441363E-05 -0.48327182E-03 -0.48327182E-03
-0.20771379E+02  0.92143397E-05  0.92143397E-05 -0.48493543E-03 -0.48493543E-03
-0.20680675E+02  0.92854067E-05  0.92854067E-05 -0.48661182E-03 -0.48661182E-03
-0.20589971E+02  0.93573518E-05  0.93573518E-05 -0.48830116E-03 -0.48830116E-03
-0.20499267E+02  0.94301903E-05  0.94301903E-05 -0.49000361E-03 -0.49000361E-03
-0.20408562E+02  0.95039349E-05  0.95039349E-05 -0.49171926E-03 -0.49171926E-03
-0.20317858E+02  0.95786064E-05  0.95786064E-05 -0.49344840E-03 -0.49344840E-03
-0.20227154E+02  0.96542182E-05  0.96542182E-05 -0.49519115E-03 -0.49519115E-03
-0.20136450E+02  0.97307870E-05  0.97307870E-05 -0.49694767E-03 -0.49694767E-03
-0.20045746E+02  0.98083295E-05  0.98083295E-05 -0.49871813E-03 -0.49871813E-03
-0.19955042E+02  0.98868627E-05  0.98868627E-05 -0.50050272E-03 -0.50050272E-03
-0.19864337E+02  0.99664044E-05  0.99664044E-05 -0.50230162E-03 -0.50230162E-03
-0.19773633E+02  0.10046972E-04  0.10046972E-04 -0.50411500E-03 -0.50411500E-03
-0.19682929E+02  0.10128585E-04  0.10128585E-04 -0.50594306E-03 -0.50594306E-03
-0.19592225E+02  0.10211258E-04  0.10211258E-04 -0.50778592E-03 -0.50778592E-03
-0.19501521E+02  0.10295017E-04  0.10295017E-04 -0.50964391E-03 -0.50964391E-03
-0.19410817E+02  0.10379878E-04  0.10379878E-04 -0.51151715E-03 -0.51151715E-03
-0.19320112E+02  0.10465862E-04  0.10465862E-04 -0.51340586E-03 -0.51340586E-03
-0.19229408E+02  0.10552988E-04  0.10552988E-04 -0.51531022E-03 -0.51531022E-03
-0.19138704E+02  0.10641279E-04  0.10641279E-04 -0.51723046E-03 -0.51723046E-03
-0.19048000E+02  0.10730755E-04  0.10730755E-04 -0.51916678E-03 -0.51916678E-03
-0.18957296E+02  0.10821440E-04  0.10821440E-04 -0.52111940E-03 -0.52111940E-03
-0.18866592E+02  0.10913354E-04  0.10913354E-04 -0.52308855E-03 -0.52308855E-03
-0.18775887E+02  0.11006519E-04  0.11006519E-04 -0.52507436E-03 -0.52507436E-03
-0.18685183E+02  0.11100964E-04  0.11100964E-04 -0.52707722E-03 -0.52707722E-03
-0.18594479E+02  0.11196711E-04  0.11196711E-04 -0.52909728E-03 -0.52909728E-03
-0.18503775E+02  0.11293784E-04  0.11293784E-04 -0.53113479E-03 -0.53113479E-03
-0.18413071E+02  0.11392209E-04  0.11392209E-04 -0.53318998E-03 -0.53318998E-03
-0.18322367E+02  0.11492012E-04  0.11492012E-04 -0.53526310E-03 -0.53526310E-03
-0.18231662E+02  0.11593220E-04  0.11593220E-04 -0.53735441E-03 -0.53735441E-03
-0.18140958E+02  0.11695860E-04  0.11695860E-04 -0.53946415E-03 -0.53946415E-03
-0.18050254E+02  0.11799961E-04  0.11799961E-04 -0.54159260E-03 -0.54159260E-03
-0.17959550E+02  0.11905547E-04  0.11905547E-04 -0.54373993E-03 -0.54373993E-03
-0.17868846E+02  0.12012655E-04  0.12012655E-04 -0.54590657E-03 -0.54590657E-03
-0.17778142E+02  0.12121311E-04  0.12121311E-04 -0.54809273E-03 -0.54809273E-03
-0.17687437E+02  0.12231548E-04  0.12231548E-04 -0.55029869E-03 -0.55029869E-03
-0.17596733E+02  0.12343397E-04  0.12343397E-04 -0.55252473E-03 -0.55252473E-03
-0.17506029E+02  0.12456891E-04  0.12456891E-04 -0.55477114E-03 -0.55477114E-03
-0.17415325E+02  0.12572062E-04  0.12572062E-04 -0.55703824E-03 -0.55703824E-03
-0.17324621E+02  0.12688947E-04  0.12688947E-04 -0.55932632E-03 -0.55932632E-03
-0.17233917E+02  0.12807579E-04  0.12807579E-04 -0.56163570E-03 -0.56163570E-03
-0.17143212E+02  0.12927991E-04  0.12927991E-04 -0.56396660E-03 -0.56396660E-03
-0.17052508E+02  0.13050228E-04  0.13050228E-04 -0.56631953E-03 -0.56631953E-03
-0.16961804E+02  0.13174325E-04  0.13174325E-04 -0.56869473E-03 -0.56869473E-03
-0.16871100E+02  0.13300321E-04  0.13300321E-04 -0.57109254E-03 -0.57109254E-03
-0.16780396E+02  0.13428257E-04  0.13428257E-04 -0.57351331E-03 -0.57351331E-03
-0.16689692E+02  0.13558172E-04  0.13558172E-04 -0.57595739E-03 -0.57595739E-03
-0.16598987E+02  0.13690111E-04  0.13690111E-04 -0.57842514E-03 -0.57842514E-03
-0.16508283E+02  0.13824117E-04  0.13824117E-04 -0.58091693E-03 -0.58091693E-03
-0.16417579E+02  0.13960234E-04  0.13960234E-04 -0.58343314E-03 -0.58343314E-03
-0.16326875E+02  0.14098505E-04  0.14098505E-04 -0.58597406E-03 -0.58597406E-03
-0.16236171E+02  0.14238985E-04  0.14238985E-04 -0.58854026E-03 -0.58854026E-03
-0.16145467E+02  0.14381720E-04  0.14381720E-04 -0.59113206E-03 -0.59113206E-03
-0.16054762E+02  0.14526759E-04  0.14526759E-04 -0.59374987E-03 -0.59374987E-03
-0.15964058E+02  0.14674155E-04  0.14674155E-04 -0.59639410E-03 -0.59639410E-03
-0.15873354E+02  0.14823959E-04  0.14823959E-04 -0.59906520E-03 -0.59906520E-03
-0.15782650E+02  0.14976227E-04  0.14976227E-04 -0.60176359E-03 -0.60176359E-03
-0.15691946E+02  0.15131015E-04  0.15131015E-04 -0.60448972E-03 -0.60448972E-03
-0.15601242E+02  0.15288380E-04  0.15288380E-04 -0.60724405E-03 -0.60724405E-03
-0.15510537E+02  0.15448380E-04  0.15448380E-04 -0.61002698E-03 -0.61002698E-03
-0.15419833E+02  0.15611082E-04  0.15611082E-04 -0.61283915E-03 -0.61283915E-03
-0.15329129E+02  0.15776546E-04  0.15776546E-04 -0.61568097E-03 -0.61568097E-03
-0.15238425E+02  0.15944838E-04  0.15944838E-04 -0.61855293E-03 -0.61855293E-03
-0.15147721E+02  0.16116024E-04  0.16116024E-04 -0.62145556E-03 -0.62145556E-03
-0.15057017E+02  0.16290173E-04  0.16290173E-04 -0.62438939E-03 -0.62438939E-03
-0.14966312E+02  0.16467356E-04  0.16467356E-04 -0.62735495E-03 -0.62735495E-03
-0.14875608E+02  0.16647647E-04  0.16647647E-04 -0.63035279E-03 -0.63035279E-03
-0.14784904E+02  0.16831120E-04  0.16831120E-04 -0.63338347E-03 -0.63338347E-03
-0.14694200E+02  0.17017852E-04  0.17017852E-04 -0.63644752E-03 -0.63644752E-03
-0.14603496E+02  0.17207930E-04  0.17207930E-04 -0.63954567E-03 -0.63954567E-03
-0.14512792E+02  0.17401434E-04  0.17401434E-04 -0.64267846E-03 -0.64267846E-03
-0.14422087E+02  0.17598448E-04  0.17598448E-04 -0.64584651E-03 -0.64584651E-03
-0.14331383E+02  0.17799061E-04  0.17799061E-04 -0.64905047E-03 -0.64905047E-03
-0.14240679E+02  0.18003365E-04  0.18003365E-04 -0.65229097E-03 -0.65229097E-03
-0.14149975E+02  0.18211454E-04  0.18211454E-04 -0.65556871E-03 -0.65556871E-03
-0.14059271E+02  0.18423425E-04  0.18423425E-04 -0.65888436E-03 -0.65888436E-03
-0.13968567E+02  0.18639377E-04  0.18639377E-04 -0.66223862E-03 -0.66223862E-03
-0.13877862E+02  0.18859412E-04  0.18859412E-04 -0.66563215E-03 -0.66563215E-03
-0.13787158E+02  0.19083646E-04  0.19083646E-04 -0.66906587E-03 -0.66906587E-03
-0.13696454E+02  0.19312185E-04  0.19312185E-04 -0.67254045E-03 -0.67254045E-03
-0.13605750E+02  0.19545144E-04  0.19545144E-04 -0.67605667E-03 -0.67605667E-03
-0.13515046E+02  0.19782642E-04  0.19782642E-04 -0.67961535E-03 -0.67961535E-03
-0.13424342E+02  0.20024801E-04  0.20024801E-04 -0.68321729E-03 -0.68321729E-03
-0.13333637E+02  0.20271749E-04  0.20271749E-04 -0.68686337E-03 -0.68686337E-03
-0.13242933E+02  0.20523617E-04  0.20523617E-04 -0.69055443E-03 -0.69055443E-03
-0.13152229E+02  0.20780538E-04  0.20780538E-04 -0.69429137E-03 -0.69429137E-03
-0.13061525E+02  0.21042653E-04  0.21042653E-04 -0.69807503E-03 -0.69807503E-03
-0.12970821E+02  0.21310117E-04  0.21310117E-04 -0.70190656E-03 -0.70190656E-03
-0.12880117E+02  0.21583075E-04  0.21583075E-04 -0.70578682E-03 -0.70578682E-03
-0.12789412E+02  0.21861686E-04  0.21861686E-04 -0.70971682E-03 -0.70971682E-03
-0.12698708E+02  0.22146110E-04  0.22146110E-04 -0.71369758E-03 -0.71369758E-03
-0.12608004E+02  0.22436516E-04  0.22436516E-04 -0.71773016E-03 -0.71773016E-03
-0.12517300E+02  0.22733081E-04  0.22733081E-04 -0.72181565E-03 -0.72181565E-03
-0.12426596E+02  0.23035984E-04  0.23035984E-04 -0.72595517E-03 -0.72595517E-03
-0.12335892E+02  0.23345403E-04  0.23345403E-04 -0.73014972E-03 -0.73014972E-03
-0.12245187E+02  0.23661556E-04  0.23661556E-04 -0.73440080E-03 -0.73440080E-03
-0.12154483E+02  0.23984634E-04  0.23984634E-04 -0.73870947E-03 -0.73870947E-03
-0.12063779E+02  0.24314849E-04  0.24314849E-04 -0.74307700E-03 -0.74307700E-03
-0.11973075E+02  0.24652419E-04  0.24652419E-04 -0.74750468E-03 -0.74750468E-03
-0.11882371E+02  0.24997574E-04  0.24997574E-04 -0.75199386E-03 -0.75199386E-03
-0.11791667E+02  0.25350548E-04  0.25350548E-04 -0.75654591E-03 -0.75654591E-03
-0.11700962E+02  0.25711589E-04  0.25711589E-04 -0.76116226E-03 -0.76116226E-03
-0.11610258E+02  0.26080954E-04  0.26080954E-04 -0.76584438E-03 -0.76584438E-03
-0.11519554E+02  0.26458895E-04  0.26458895E-04 -0.77059361E-03 -0.77059361E-03
-0.11428850E+02  0.26845717E-04  0.26845717E-04 -0.77541184E-03 -0.77541184E-03
-0.11338146E+02  0.27241695E-04  0.27241695E-04 -0.78030052E-03 -0.78030052E-03
-0.11247442E+02  0.27647132E-04  0.27647132E-04 -0.78526133E-03 -0.78526133E-03
-0.11156737E+02  0.28062342E-04  0.28062342E-04 -0.79029597E-03 -0.79029597E-03
-0.11066033E+02  0.28487653E-04  0.28487653E-04 -0.79540624E-03 -0.79540624E-03
-0.10975329E+02  0.28923406E-04  0.28923406E-04 -0.80059395E-03 -0.80059395E-03
-0.10884625E+02  0.29369958E-04  0.29369958E-04 -0.80586102E-03 -0.80586102E-03
-0.10793921E+02  0.29827682E-04  0.29827682E-04 -0.81120940E-03 -0.81120940E-03
-0.10703217E+02  0.30296951E-04  0.30296951E-04 -0.81664093E-03 -0.81664093E-03
-0.10612512E+02  0.30778202E-04  0.30778202E-04 -0.82215810E-03 -0.82215810E-03
-0.10521808E+02  0.31271843E-04  0.31271843E-04 -0.82776287E-03 -0.82776287E-03
-0.10431104E+02  0.31778322E-04  0.31778322E-04 -0.83345753E-03 -0.83345753E-03
-0.10340400E+02  0.32298100E-04  0.32298100E-04 -0.83924438E-03 -0.83924438E-03
-0.10249696E+02  0.32831666E-04  0.32831666E-04 -0.84512585E-03 -0.84512585E-03
-0.10158992E+02  0.33379528E-04  0.33379528E-04 -0.85110444E-03 -0.85110444E-03
-0.10068287E+02  0.33942213E-04  0.33942213E-04 -0.85718267E-03 -0.85718267E-03
-0.99775833E+01  0.34520292E-04  0.34520292E-04 -0.86336338E-03 -0.86336338E-03
-0.98868792E+01  0.35114340E-04  0.35114340E-04 -0.86964924E-03 -0.86964924E-03
-0.97961750E+01  0.35724984E-04  0.35724984E-04 -0.87604324E-03 -0.87604324E-03
-0.97054708E+01  0.36352855E-04  0.36352855E-04 -0.88254826E-03 -0.88254826E-03
-0.96147667E+01  0.36998647E-04  0.36998647E-04 -0.88916761E-03 -0.88916761E-03
-0.95240625E+01  0.37663064E-04  0.37663064E-04 -0.89590444E-03 -0.89590444E-03
-0.94333583E+01  0.38346856E-04  0.38346856E-04 -0.90276212E-03 -0.90276212E-03
-0.93426542E+01  0.39050810E-04  0.39050810E-04 -0.90974417E-03 -0.90974417E-03
-0.92519500E+01  0.39775747E-04  0.39775747E-04 -0.91685415E-03 -0.91685415E-03
-0.91612458E+01  0.40522555E-04  0.40522555E-04 -0.92409605E-03 -0.92409605E-03
-0.90705417E+01  0.41292138E-04  0.41292138E-04 -0.93147367E-03 -0.93147367E-03
-0.89798375E+01  0.42085481E-04  0.42085481E-04 -0.93899125E-03 -0.93899125E-03
-0.88891333E+01  0.42903589E-04  0.42903589E-04 -0.94665294E-03 -0.94665294E-03
-0.87984292E+01  0.43747564E-04  0.43747564E-04 -0.95446341E-03 -0.95446341E-03
-0.87077250E+01  0.44618533E-04  0.44618533E-04 -0.96242726E-03 -0.96242726E-03
-0.86170208E+01  0.45517704E-04  0.45517704E-04 -0.97054935E-03 -0.97054935E-03
-0.85263167E+01  0.46446351E-04  0.46446351E-04 -0.97883478E-03 -0.97883478E-03
-0.84356125E+01  0.47405812E-04  0.47405812E-04 -0.98728877E-03 -0.98728877E-03
-0.83449083E+01  0.48397538E-04  0.48397538E-04 -0.99591711E-03 -0.99591711E-03
-0.82542042E+01  0.49423021E-04  0.49423021E-04 -0.10047254E-02 -0.10047254E-02
-0.81635000E+01  0.50483891E-04  0.50483891E-04 -0.10137200E-02 -0.10137200E-02
-0.80727958E+01  0.51581827E-04  0.51581827E-04 -0.10229069E-02 -0.10229069E-02
-0.79820917E+01  0.52718670E-04  0.52718670E-04 -0.10322932E-02 -0.10322932E-02
-0.78913875E+01  0.53896330E-04  0.53896330E-04 -0.10418857E-02 -0.10418857E-02
-0.78006833E+01  0.55116860E-04  0.55116860E-04 -0.10516917E-02 -0.10516917E-02
-0.77099792E+01  0.56382442E-04  0.56382442E-04 -0.10617191E-02 -0.10617191E-02
-0.76192750E+01  0.57695387E-04  0.57695387E-04 -0.10719757E-02 -0.10719757E-02
-0.75285708E+01  0.59058206E-04  0.59058206E-04 -0.10824703E-02 -0.10824703E-02
-0.74378667E+01  0.60473518E-04  0.60473518E-04 -0.10932117E-02 -0.10932117E-02
-0.73471625E+01  0.61944185E-04  0.61944185E-04 -0.11042095E-02 -0.11042095E-02
-0.72564583E+01  0.63473215E-04  0.63473215E-04 -0.11154734E-02 -0.11154734E-02
-0.71657542E+01  0.65063880E-04  0.65063880E-04 -0.11270140E-02 -0.11270140E-02
-0.70750500E+01  0.66719644E-04  0.66719644E-04 -0.11388424E-02 -0.11388424E-02
-0.69843458E+01  0.68444244E-04  0.68444244E-04 -0.11509701E-02 -0.11509701E-02
-0.68936417E+01  0.70241691E-04  0.70241691E-04 -0.11634095E-02 -0.11634095E-02
-0.68029375E+01  0.72116283E-04  0.72116283E-04 -0.11761734E-02 -0.11761734E-02
-0.67122333E+01  0.74072703E-04  0.74072703E-04 -0.11892758E-02 -0.11892758E-02
-0.66215292E+01  0.76115921E-04  0.76115921E-04 -0.12027312E-02 -0.12027312E-02
-0.65308250E+01  0.78251384E-04  0.78251384E-04 -0.12165550E-02 -0.12165550E-02
-0.64401208E+01  0.80484911E-04  0.80484911E-04 -0.12307636E-02 -0.12307636E-02
-0.63494167E+01  0.82822864E-04  0.82822864E-04 -0.12453746E-02 -0.12453746E-02
-0.62587125E+01  0.85272080E-04  0.85272080E-04 -0.12604064E-02 -0.12604064E-02
-0.61680083E+01  0.87840007E-04  0.87840007E-04 -0.12758786E-02 -0.12758786E-02
-0.60773042E+01  0.90534736E-04  0.90534736E-04 -0.12918123E-02 -0.12918123E-02
-0.59866000E+01  0.93365048E-04  0.93365048E-04 -0.13082295E-02 -0.13082295E-02
-0.58958958E+01  0.96340602E-04  0.96340602E-04 -0.13251546E-02 -0.13251546E-02
-0.58051917E+01  0.99471824E-04  0.99471824E-04 -0.13426127E-02 -0.13426127E-02
-0.57144875E+01  0.10277025E-03  0.10277025E-03 -0.13606313E-02 -0.13606313E-02
-0.56237833E+01  0.10624842E-03  0.10624842E-03 -0.13792396E-02 -0.13792396E-02
-0.55330792E+01  0.10992020E-03  0.10992020E-03 -0.13984691E-02 -0.13984691E-02
-0.54423750E+01  0.11380074E-03  0.11380074E-03 -0.14183534E-02 -0.14183534E-02
-0.53516708E+01  0.11790680E-03  0.11790680E-03 -0.14389286E-02 -0.14389286E-02
-0.52609667E+01  0.12225688E-03  0.12225688E-03 -0.14602339E-02 -0.14602339E-02
-0.51702625E+01  0.12687142E-03  0.12687142E-03 -0.14823110E-02 -0.14823110E-02
-0.50795583E+01  0.13177315E-03  0.13177315E-03 -0.15052056E-02 -0.15052056E-02
-0.49888542E+01  0.13698743E-03  0.13698743E-03 -0.15289670E-02 -0.15289670E-02
-0.48981500E+01  0.14254234E-03  0.14254234E-03 -0.15536483E-02 -0.15536483E-02
-0.48074458E+01  0.14846937E-03  0.14846937E-03 -0.15793069E-02 -0.15793069E-02
-0.47167417E+01  0.15480390E-03  0.15480390E-03 -0.16060063E-02 -0.16060063E-02
-0.46260375E+01  0.16158551E-03  0.16158551E-03 -0.16338143E-02 -0.16338143E-02
-0.45353333E+01  0.16885894E-03  0.16885894E-03 -0.16628056E-02 -0.16628056E-02
-0.44446292E+01  0.17667467E-03  0.17667467E-03 -0.16930613E-02 -0.16930613E-02
-0.43539250E+01  0.18509017E-03  0.18509017E-03 -0.17246712E-02 -0.17246712E-02
-0.42632208E+01  0.19417054E-03  0.19417054E-03 -0.17577321E-02 -0.17577321E-02
-0.41725167E+01  0.20399057E-03  0.20399057E-03 -0.17923523E-02 -0.17923523E-02
-0.40818125E+01  0.21463560E-03  0.21463560E-03 -0.18286494E-02 -0.18286494E-02
-0.39911083E+01  0.22620410E-03  0.22620410E-03 -0.18667535E-02 -0.18667535E-02
-0.39004042E+01  0.23880999E-03  0.23880999E-03 -0.19068093E-02 -0.19068093E-02
-0.38097000E+01  0.25258531E-03  0.25258531E-03 -0.19489756E-02 -0.19489756E-02
-0.37189958E+01  0.26768429E-03  0.26768429E-03 -0.19934292E-02 -0.19934292E-02
-0.36282917E+01  0.28428752E-03  0.28428752E-03 -0.20403657E-02 -0.20403657E-02
-0.35375875E+01  0.30260823E-03  0.30260823E-03 -0.20900039E-02 -0.20900039E-02
-0.34468833E+01  0.32289844E-03  0.32289844E-03 -0.21425854E-02 -0.21425854E-02
-0.33561792E+01  0.34545938E-03  0.34545938E-03 -0.21983816E-02 -0.21983816E-02
-0.32654750E+01  0.37065133E-03  0.37065133E-03 -0.22576921E-02 -0.22576921E-02
-0.31747708E+01  0.39890958E-03  0.39890958E-03 -0.23208511E-02 -0.23208511E-02
-0.30840667E+01  0.43076294E-03  0.43076294E-03 -0.23882295E-02 -0.23882295E-02
-0.29933625E+01  0.46685819E-03  0.46685819E-03 -0.24602351E-02 -0.24602351E-02
-0.29026583E+01  0.50799228E-03  0.50799228E-03 -0.25373135E-02 -0.25373135E-02
-0.28119542E+01  0.55515452E-03  0.55515452E-03 -0.26199442E-02 -0.26199442E-02
-0.27212500E+01  0.60958367E-03  0.60958367E-03 -0.27086327E-02 -0.27086327E-02
-0.26305458E+01  0.67283942E-03  0.67283942E-03 -0.28038847E-02 -0.28038847E-02
-0.25398417E+01  0.74690421E-03  0.74690421E-03 -0.29061732E-02 -0.29061732E-02
-0.24491375E+01  0.83430949E-03  0.83430949E-03 -0.30158587E-02 -0.30158587E-02
-0.23584333E+01  0.93830561E-03  0.93830561E-03 -0.31330650E-02 -0.31330650E-02
-0.22677292E+01  0.10630743E-02  0.10630743E-02 -0.32574568E-02 -0.32574568E-02
-0.21770250E+01  0.12139782E-02  0.12139782E-02 -0.33878544E-02 -0.33878544E-02
-0.20863208E+01  0.13978111E-02  0.13978111E-02 -0.35215883E-02 -0.35215883E-02
-0.19956167E+01  0.16229356E-02  0.16229356E-02 -0.36534296E-02 -0.36534296E-02
-0.19049125E+01  0.18990255E-02  0.18990255E-02 -0.37739000E-02 -0.37739000E-02
-0.18142083E+01  0.22357499E-02  0.22357499E-02 -0.38667978E-02 -0.38667978E-02
-0.17235042E+01  0.26392314E-02  0.26392314E-02 -0.39062597E-02 -0.39062597E-02
-0.16328000E+01  0.31044478E-02  0.31044478E-02 -0.38550201E-02 -0.38550201E-02
-0.15420958E+01  0.36029493E-02  0.36029493E-02 -0.36686567E-02 -0.36686567E-02
-0.14513917E+01  0.40710366E-02  0.40710366E-02 -0.33134108E-02 -0.33134108E-02
-0.13606875E+01  0.44156016E-02  0.44156016E-02 -0.27990817E-02 -0.27990817E-02
-0.12699833E+01  0.45554762E-02  0.45554762E-02 -0.22035756E-02 -0.22035756E-02
-0.11792792E+01  0.44781779E-02  0.44781779E-02 -0.16486819E-02 -0.16486819E-02
-0.10885750E+01  0.42524342E-02  0.42524342E-02 -0.12323174E-02 -0.12323174E-02
-0.99787083E+00  0.39804778E-02  0.39804778E-02 -0.98262927E-03 -0.98262927E-03
-0.90716667E+00  0.37438108E-02  0.37438108E-02 -0.86758728E-03 -0.86758728E-03
-0.81646250E+00  0.35820722E-02  0.35820722E-02 -0.82960625E-03 -0.82960625E-03
-0.72575833E+00  0.34970862E-02  0.34970862E-02 -0.81306459E-03 -0.81306459E-03
-0.63505417E+00  0.34652499E-02  0.34652499E-02 -0.78046304E-03 -0.78046304E-03
-0.54435000E+00  0.34544153E-02  0.34544153E-02 -0.72044514E-03 -0.72044514E-03
-0.45364583E+00  0.34431343E-02  0.34431343E-02 -0.64327801E-03 -0.64327801E-03
-0.36294167E+00  0.34294158E-02  0.34294158E-02 -0.56293530E-03 -0.56293530E-03
-0.27223750E+00  0.34210610E-02  0.34210610E-02 -0.48162665E-03 -0.48162665E-03
-0.18153333E+00  0.34203095E-02  0.34203095E-02 -0.39095999E-03 -0.39095999E-03
-0.90829167E-01  0.34192623E-02  0.34192623E-02 -0.28352153E-03 -0.28352153E-03
-0.12500000E-03  0.34066409E-02  0.34066409E-02 -0.16016497E-03 -0.16016497E-03
 0.90579167E-01  0.33751659E-02  0.33751659E-02 -0.27797483E-04 -0.27797483E-04
 0.18128333E+00  0.33224650E-02  0.33224650E-02  0.10622898E-03  0.10622898E-03
 0.27198750E+00  0.32475501E-02  0.32475501E-02  0.23593910E-03  0.23593910E-03
 0.36269167E+00  0.31494381E-02  0.31494381E-02  0.35391586E-03  0.35391586E-03
 0.45339583E+00  0.30309107E-02  0.30309107E-02  0.44967054E-03  0.44967054E-03
 0.54410000E+00  0.29021847E-02  0.29021847E-02  0.51406442E-03  0.51406442E-03
 0.63480417E+00  0.27782718E-02  0.27782718E-02  0.54558276E-03  0.54558276E-03
 0.72550833E+00  0.26722074E-02  0.26722074E-02  0.55169586E-03  0.55169586E-03
 0.81621250E+00  0.25901640E-02  0.25901640E-02  0.54509907E-03  0.54509907E-03
 0.90691667E+00  0.25303590E-02  0.25303590E-02  0.53857096E-03  0.53857096E-03
 0.99762083E+00  0.24848442E-02  0.24848442E-02  0.54051818E-03  0.54051818E-03
 0.10883250E+01  0.24436829E-02  0.24436829E-02  0.55223582E-03  0.55223582E-03
 0.11790292E+01  0.24003501E-02  0.24003501E-02  0.56881539E-03  0.56881539E-03
 0.12697333E+01  0.23546330E-02  0.23546330E-02  0.58405936E-03  0.58405936E-03
 0.13604375E+01  0.23103659E-02  0.23103659E-02  0.59551654E-03  0.59551654E-03
 0.14511417E+01  0.22705375E-02  0.22705375E-02  0.60519803E-03  0.60519803E-03
 0.15418458E+01  0.22345716E-02  0.22345716E-02  0.61633407E-03  0.61633407E-03
 0.16325500E+01  0.21994240E-02  0.21994240E-02  0.62998534E-03  0.62998534E-03
 0.17232542E+01  0.21625062E-02  0.21625062E-02  0.64420673E-03  0.64420673E-03
 0.18139583E+01  0.21238327E-02  0.21238327E-02  0.65563767E-03  0.65563767E-03
 0.19046625E+01  0.20862586E-02  0.20862586E-02  0.66193788E-03  0.66193788E-03
 0.19953667E+01  0.20540004E-02  0.20540004E-02  0.66371179E-03  0.66371179E-03
 0.20860708E+01  0.20300707E-02  0.20300707E-02  0.66499829E-03  0.66499829E-03
 0.21767750E+01  0.20137341E-02  0.20137341E-02  0.67171211E-03  0.67171211E-03
 0.22674792E+01  0.19996293E-02  0.19996293E-02  0.68826719E-03  0.68826719E-03
 0.23581833E+01  0.19798820E-02  0.19798820E-02  0.71409036E-03  0.71409036E-03
 0.24488875E+01  0.19486878E-02  0.19486878E-02  0.74271675E-03  0.74271675E-03
 0.25395917E+01  0.19062979E-02  0.19062979E-02  0.76495559E-03  0.76495559E-03
 0.26302958E+01  0.18591778E-02  0.18591778E-02  0.77403869E-03  0.77403869E-03
 0.27210000E+01  0.18164982E-02  0.18164982E-02  0.76889659E-03  0.76889659E-03
 0.28117042E+01  0.17860107E-02  0.17860107E-02  0.75399390E-03  0.75399390E-03
 0.29024083E+01  0.17715744E-02  0.17715744E-02  0.73708935E-03  0.73708935E-03
 0.29931125E+01  0.17724302E-02  0.17724302E-02  0.72664788E-03  0.72664788E-03
 0.30838167E+01  0.17836063E-02  0.17836063E-02  0.72948325E-03  0.72948325E-03
 0.31745208E+01  0.17973704E-02  0.17973704E-02  0.74873339E-03  0.74873339E-03
 0.32652250E+01  0.18058689E-02  0.18058689E-02  0.78281723E-03  0.78281723E-03
 0.33559292E+01  0.18041362E-02  0.18041362E-02  0.82645629E-03  0.82645629E-03
 0.34466333E+01  0.17915778E-02  0.17915778E-02  0.87368133E-03  0.87368133E-03
 0.35373375E+01  0.17707195E-02  0.17707195E-02  0.92090705E-03  0.92090705E-03
 0.36280417E+01  0.17442828E-02  0.17442828E-02  0.96788061E-03  0.96788061E-03
 0.37187458E+01  0.17128579E-02  0.17128579E-02  0.10162392E-02  0.10162392E-02
 0.38094500E+01  0.16745261E-02  0.16745261E-02  0.10671373E-02  0.10671373E-02
 0.39001542E+01  0.16261615E-02  0.16261615E-02  0.11196007E-02  0.11196007E-02
 0.39908583E+01  0.15652626E-02  0.15652626E-02  0.11703133E-02  0.11703133E-02
 0.40815625E+01  0.14912634E-02  0.14912634E-02  0.12145520E-02  0.12145520E-02
 0.41722667E+01  0.14059271E-02  0.14059271E-02  0.12475222E-02  0.12475222E-02
 0.42629708E+01  0.13129896E-02  0.13129896E-02  0.12655215E-02  0.12655215E-02
 0.43536750E+01  0.12173430E-02  0.12173430E-02  0.12666738E-02  0.12666738E-02
 0.44443792E+01  0.11240426E-02  0.11240426E-02  0.12511409E-02  0.12511409E-02
 0.45350833E+01  0.10374271E-02  0.10374271E-02  0.12208119E-02  0.12208119E-02
 0.46257875E+01  0.96060720E-03  0.96060720E-03  0.11786688E-02  0.11786688E-02
 0.47164917E+01  0.89537532E-03  0.89537532E-03  0.11281238E-02  0.11281238E-02
 0.48071958E+01  0.84238745E-03  0.84238745E-03  0.10725460E-02  0.10725460E-02
 0.48979000E+01  0.80141525E-03  0.80141525E-03  0.10150219E-02  0.10150219E-02
 0.49886042E+01  0.77152146E-03  0.77152146E-03  0.95825405E-03  0.95825405E-03
 0.50793083E+01  0.75113931E-03  0.75113931E-03  0.90446969E-03  0.90446969E-03
 0.51700125E+01  0.73813627E-03  0.73813627E-03  0.85521735E-03  0.85521735E-03
 0.52607167E+01  0.73003912E-03  0.73003912E-03  0.81106934E-03  0.81106934E-03
 0.53514208E+01  0.72455124E-03  0.72455124E-03  0.77141692E-03  0.77141692E-03
 0.54421250E+01  0.72024463E-03  0.72024463E-03  0.73467720E-03  0.73467720E-03
 0.55328292E+01  0.71700073E-03  0.71700073E-03  0.69899956E-03  0.69899956E-03
 0.56235333E+01  0.71583266E-03  0.71583266E-03  0.66312107E-03  0.66312107E-03
 0.57142375E+01  0.71819293E-03  0.71819293E-03  0.62682324E-03  0.62682324E-03
 0.58049417E+01  0.72525741E-03  0.72525741E-03  0.59077852E-03  0.59077852E-03
 0.58956458E+01  0.73760962E-03  0.73760962E-03  0.55602509E-03  0.55602509E-03
 0.59863500E+01  0.75542014E-03  0.75542014E-03  0.52347736E-03  0.52347736E-03
 0.60770542E+01  0.77892806E-03  0.77892806E-03  0.49382705E-03  0.49382705E-03
 0.61677583E+01  0.80882154E-03  0.80882154E-03  0.46796711E-03  0.46796711E-03
 0.62584625E+01  0.84608189E-03  0.84608189E-03  0.44774069E-03  0.44774069E-03
 0.63491667E+01  0.89109007E-03  0.89109007E-03  0.43648971E-03  0.43648971E-03
 0.64398708E+01  0.94221270E-03  0.94221270E-03  0.43880713E-03  0.43880713E-03
 0.65305750E+01  0.99454337E-03  0.99454337E-03  0.45902298E-03  0.45902298E-03
 0.66212792E+01  0.10399818E-02  0.10399818E-02  0.49851441E-03  0.49851441E-03
 0.67119833E+01  0.10698283E-02  0.10698283E-02  0.55324489E-03  0.55324489E-03
 0.68026875E+01  0.10792447E-02  0.10792447E-02  0.61413855E-03  0.61413855E-03
 0.68933917E+01  0.10701303E-02  0.10701303E-02  0.67135507E-03  0.67135507E-03
 0.69840958E+01  0.10493980E-02  0.10493980E-02  0.71939338E-03  0.71939338E-03
 0.70748000E+01  0.10240896E-02  0.10240896E-02  0.75877186E-03  0.75877186E-03
 0.71655042E+01  0.99741163E-03  0.99741163E-03  0.79356900E-03  0.79356900E-03
 0.72562083E+01  0.96805951E-03  0.96805951E-03  0.82732399E-03  0.82732399E-03
 0.73469125E+01  0.93261432E-03  0.93261432E-03  0.86008249E-03  0.86008249E-03
 0.74376167E+01  0.88915102E-03  0.88915102E-03  0.88833682E-03  0.88833682E-03
 0.75283208E+01  0.83938677E-03  0.83938677E-03  0.90771817E-03  0.90771817E-03
 0.76190250E+01  0.78786497E-03  0.78786497E-03  0.91609840E-03  0.91609840E-03
 0.77097292E+01  0.73932302E-03  0.73932302E-03  0.91470026E-03  0.91470026E-03
 0.78004333E+01  0.69651250E-03  0.69651250E-03  0.90702264E-03  0.90702264E-03
 0.78911375E+01  0.65952408E-03  0.65952408E-03  0.89692570E-03  0.89692570E-03
 0.79818417E+01  0.62640140E-03  0.62640140E-03  0.88698916E-03  0.88698916E-03
 0.80725458E+01  0.59452594E-03  0.59452594E-03  0.87767817E-03  0.87767817E-03
 0.81632500E+01  0.56216962E-03  0.56216962E-03  0.86760919E-03  0.86760919E-03
 0.82539542E+01  0.52938823E-03  0.52938823E-03  0.85479697E-03  0.85479697E-03
 0.83446583E+01  0.49773657E-03  0.49773657E-03  0.83804827E-03  0.83804827E-03
 0.84353625E+01  0.46920679E-03  0.46920679E-03  0.81760283E-03  0.81760283E-03
 0.85260667E+01  0.44524726E-03  0.44524726E-03  0.79488795E-03  0.79488795E-03
 0.86167708E+01  0.42630206E-03  0.42630206E-03  0.77188257E-03  0.77188257E-03
 0.87074750E+01  0.41177459E-03  0.41177459E-03  0.75051059E-03  0.75051059E-03
 0.87981792E+01  0.40021739E-03  0.40021739E-03  0.73215714E-03  0.73215714E-03
 0.88888833E+01  0.38970383E-03  0.38970383E-03  0.71729604E-03  0.71729604E-03
 0.89795875E+01  0.37840265E-03  0.37840265E-03  0.70533467E-03  0.70533467E-03
 0.90702917E+01  0.36519730E-03  0.36519730E-03  0.69486526E-03  0.69486526E-03
 0.91609958E+01  0.34999406E-03  0.34999406E-03  0.68429533E-03  0.68429533E-03
 0.92517000E+01  0.33350771E-03  0.33350771E-03  0.67249198E-03  0.67249198E-03
 0.93424042E+01  0.31672346E-03  0.31672346E-03  0.65904949E-03  0.65904949E-03
 0.94331083E+01  0.30042792E-03  0.30042792E-03  0.64413723E-03  0.64413723E-03
 0.95238125E+01  0.28502193E-03  0.28502193E-03  0.62816685E-03  0.62816685E-03
 0.96145167E+01  0.27058137E-03  0.27058137E-03  0.61151162E-03  0.61151162E-03
 0.97052208E+01  0.25702497E-03  0.25702497E-03  0.59437709E-03  0.59437709E-03
 0.97959250E+01  0.24427217E-03  0.24427217E-03  0.57680961E-03  0.57680961E-03
 0.98866292E+01  0.23232618E-03  0.23232618E-03  0.55878056E-03  0.55878056E-03
 0.99773333E+01  0.22127623E-03  0.22127623E-03  0.54027512E-03  0.54027512E-03
 0.10068038E+02  0.21125179E-03  0.21125179E-03  0.52134094E-03  0.52134094E-03
 0.10158742E+02  0.20237264E-03  0.20237264E-03  0.50209116E-03  0.50209116E-03
 0.10249446E+02  0.19472042E-03  0.19472042E-03  0.48268115E-03  0.48268115E-03
 0.10340150E+02  0.18833363E-03  0.18833363E-03  0.46328386E-03  0.46328386E-03
 0.10430854E+02  0.18321600E-03  0.18321600E-03  0.44407596E-03  0.44407596E-03
 0.10521558E+02  0.17934483E-03  0.17934483E-03  0.42523677E-03  0.42523677E-03
 0.10612263E+02  0.17667110E-03  0.17667110E-03  0.40695484E-03  0.40695484E-03
 0.10702967E+02  0.17510690E-03  0.17510690E-03  0.38943514E-03  0.38943514E-03
 0.10793671E+02  0.17450149E-03  0.17450149E-03  0.37289464E-03  0.37289464E-03
 0.10884375E+02  0.17461223E-03  0.17461223E-03  0.35753691E-03  0.35753691E-03
 0.10975079E+02  0.17508844E-03  0.17508844E-03  0.34349826E-03  0.34349826E-03
 0.11065783E+02  0.17549372E-03  0.17549372E-03  0.33077172E-03  0.33077172E-03
 0.11156488E+02  0.17538865E-03  0.17538865E-03  0.31914325E-03  0.31914325E-03
 0.11247192E+02  0.17446176E-03  0.17446176E-03  0.30819195E-03  0.30819195E-03
 0.11337896E+02  0.17264649E-03  0.17264649E-03  0.29738790E-03  0.29738790E-03
 0.11428600E+02  0.17014741E-03  0.17014741E-03  0.28625395E-03  0.28625395E-03
 0.11519304E+02  0.16735440E-03  0.16735440E-03  0.27450485E-03  0.27450485E-03
 0.11610008E+02  0.16470163E-03  0.16470163E-03  0.26209458E-03  0.26209458E-03
 0.11700713E+02  0.16254706E-03  0.16254706E-03  0.24917573E-03  0.24917573E-03
 0.11791417E+02  0.16111004E-03  0.16111004E-03  0.23601822E-03  0.23601822E-03
 0.11882121E+02  0.16045946E-03  0.16045946E-03  0.22293148E-03  0.22293148E-03
 0.11972825E+02  0.16052903E-03  0.16052903E-03  0.21020377E-03  0.21020377E-03
 0.12063529E+02  0.16114563E-03  0.16114563E-03  0.19805926E-03  0.19805926E-03
 0.12154233E+02  0.16206597E-03  0.16206597E-03  0.18662679E-03  0.18662679E-03
 0.12244938E+02  0.16302203E-03  0.16302203E-03  0.17592448E-03  0.17592448E-03
 0.12335642E+02  0.16376893E-03  0.16376893E-03  0.16586390E-03  0.16586390E-03
 0.12426346E+02  0.16412439E-03  0.16412439E-03  0.15627711E-03  0.15627711E-03
 0.12517050E+02  0.16398718E-03  0.16398718E-03  0.14695512E-03  0.14695512E-03
 0.12607754E+02  0.16333413E-03  0.16333413E-03  0.13768441E-03  0.13768441E-03
 0.12698458E+02  0.16220485E-03  0.16220485E-03  0.12826949E-03  0.12826949E-03
 0.12789163E+02  0.16068655E-03  0.16068655E-03  0.11854322E-03  0.11854322E-03
 0.12879867E+02  0.15890439E-03  0.15890439E-03  0.10837264E-03  0.10837264E-03
 0.12970571E+02  0.15701396E-03  0.15701396E-03  0.97665935E-04  0.97665935E-04
 0.13061275E+02  0.15519026E-03  0.15519026E-03  0.86382112E-04  0.86382112E-04
 0.13151979E+02  0.15361031E-03  0.15361031E-03  0.74536714E-04  0.74536714E-04
 0.13242683E+02  0.15243306E-03  0.15243306E-03  0.62200263E-04  0.62200263E-04
 0.13333388E+02  0.15178128E-03  0.15178128E-03  0.49487557E-04  0.49487557E-04
 0.13424092E+02  0.15172996E-03  0.15172996E-03  0.36541687E-04  0.36541687E-04
 0.13514796E+02  0.15230173E-03  0.15230173E-03  0.23515170E-04  0.23515170E-04
 0.13605500E+02  0.15346854E-03  0.15346854E-03  0.10553045E-04  0.10553045E-04
 0.13696204E+02  0.15515837E-03  0.15515837E-03 -0.22226022E-05 -0.22226022E-05
 0.13786908E+02  0.15726643E-03  0.15726643E-03 -0.14724887E-04 -0.14724887E-04
 0.13877613E+02  0.15966949E-03  0.15966949E-03 -0.26909199E-04 -0.26909199E-04
 0.13968317E+02  0.16224109E-03  0.16224109E-03 -0.38774606E-04 -0.38774606E-04
 0.14059021E+02  0.16486464E-03  0.16486464E-03 -0.50359376E-04 -0.50359376E-04
 0.14149725E+02  0.16744164E-03  0.16744164E-03 -0.61733679E-04 -0.61733679E-04
 0.14240429E+02  0.16989591E-03  0.16989591E-03 -0.72993277E-04 -0.72993277E-04
 0.14331133E+02  0.17217721E-03  0.17217721E-03 -0.84256565E-04 -0.84256565E-04
 0.14421838E+02  0.17426804E-03  0.17426804E-03 -0.95662189E-04 -0.95662189E-04
 0.14512542E+02  0.17619476E-03  0.17619476E-03 -0.10736268E-03 -0.10736268E-03
 0.14603246E+02  0.17803852E-03  0.17803852E-03 -0.11950961E-03 -0.11950961E-03
 0.14693950E+02  0.17993869E-03  0.17993869E-03 -0.13223003E-03 -0.13223003E-03
 0.14784654E+02  0.18208285E-03  0.18208285E-03 -0.14560069E-03 -0.14560069E-03
 0.14875358E+02  0.18468418E-03  0.18468418E-03 -0.15962847E-03 -0.15962847E-03
 0.14966063E+02  0.18795103E-03  0.18795103E-03 -0.17424316E-03 -0.17424316E-03
 0.15056767E+02  0.19205665E-03  0.19205665E-03 -0.18930359E-03 -0.18930359E-03
 0.15147471E+02  0.19711336E-03  0.19711336E-03 -0.20461523E-03 -0.20461523E-03
 0.15238175E+02  0.20315371E-03  0.20315371E-03 -0.21995636E-03 -0.21995636E-03
 0.15328879E+02  0.21012073E-03  0.21012073E-03 -0.23511180E-03 -0.23511180E-03
 0.15419583E+02  0.21787297E-03  0.21787297E-03 -0.24991372E-03 -0.24991372E-03
 0.15510288E+02  0.22621039E-03  0.22621039E-03 -0.26428177E-03 -0.26428177E-03
 0.15600992E+02  0.23492389E-03  0.23492389E-03 -0.27825022E-03 -0.27825022E-03
 0.15691696E+02  0.24385896E-03  0.24385896E-03 -0.29196267E-03 -0.29196267E-03
 0.15782400E+02  0.25297151E-03  0.25297151E-03 -0.30562941E-03 -0.30562941E-03
 0.15873104E+02  0.26234897E-03  0.26234897E-03 -0.31945547E-03 -0.31945547E-03
 0.15963808E+02  0.27218502E-03  0.27218502E-03 -0.33356961E-03 -0.33356961E-03
 0.16054513E+02  0.28271806E-03  0.28271806E-03 -0.34798286E-03 -0.34798286E-03
 0.16145217E+02  0.29416066E-03  0.29416066E-03 -0.36259070E-03 -0.36259070E-03
 0.16235921E+02  0.30664682E-03  0.30664682E-03 -0.37721427E-03 -0.37721427E-03
 0.16326625E+02  0.32021515E-03  0.32021515E-03 -0.39166214E-03 -0.39166214E-03
 0.16417329E+02  0.33483332E-03  0.33483332E-03 -0.40578869E-03 -0.40578869E-03
 0.16508033E+02  0.35045566E-03  0.35045566E-03 -0.41952305E-03 -0.41952305E-03
 0.16598738E+02  0.36709198E-03  0.36709198E-03 -0.43285104E-03 -0.43285104E-03
 0.16689442E+02  0.38485179E-03  0.38485179E-03 -0.44574670E-03 -0.44574670E-03
 0.16780146E+02  0.40393047E-03  0.40393047E-03 -0.45807627E-03 -0.45807627E-03
 0.16870850E+02  0.42452471E-03  0.42452471E-03 -0.46951769E-03 -0.46951769E-03
 0.16961554E+02  0.44668858E-03  0.44668858E-03 -0.47954159E-03 -0.47954159E-03
 0.17052258E+02  0.47017540E-03  0.47017540E-03 -0.48749282E-03 -0.48749282E-03
 0.17142963E+02  0.49432778E-03  0.49432778E-03 -0.49278522E-03 -0.49278522E-03
 0.17233667E+02  0.51810045E-03  0.51810045E-03 -0.49518260E-03 -0.49518260E-03
 0.17324371E+02  0.54028505E-03  0.54028505E-03 -0.49506835E-03 -0.49506835E-03
 0.17415075E+02  0.55992640E-03  0.55992640E-03 -0.49354603E-03 -0.49354603E-03
 0.17505779E+02  0.57677900E-03  0.57677900E-03 -0.49223287E-03 -0.49223287E-03
 0.17596483E+02  0.59155724E-03  0.59155724E-03 -0.49276732E-03 -0.49276732E-03
 0.17687188E+02  0.60582652E-03  0.60582652E-03 -0.49624533E-03 -0.49624533E-03
 0.17777892E+02  0.62158859E-03  0.62158859E-03 -0.50284493E-03 -0.50284493E-03
 0.17868596E+02  0.64077527E-03  0.64077527E-03 -0.51174897E-03 -0.51174897E-03
 0.17959300E+02  0.66482686E-03  0.66482686E-03 -0.52130390E-03 -0.52130390E-03
 0.18050004E+02  0.69440356E-03  0.69440356E-03 -0.52929193E-03 -0.52929193E-03
 0.18140708E+02  0.72920394E-03  0.72920394E-03 -0.53326096E-03 -0.53326096E-03
 0.18231412E+02  0.76787613E-03  0.76787613E-03 -0.53092058E-03 -0.53092058E-03
 0.18322117E+02  0.80808966E-03  0.80808966E-03 -0.52061731E-03 -0.52061731E-03
 0.18412821E+02  0.84687014E-03  0.84687014E-03 -0.50180971E-03 -0.50180971E-03
 0.18503525E+02  0.88122493E-03  0.88122493E-03 -0.47533409E-03 -0.47533409E-03
 0.18594229E+02  0.90888660E-03  0.90888660E-03 -0.44324801E-03 -0.44324801E-03
 0.18684933E+02  0.92882668E-03  0.92882668E-03 -0.40822310E-03 -0.40822310E-03
 0.18775638E+02  0.94127335E-03  0.94127335E-03 -0.37276572E-03 -0.37276572E-03
 0.18866342E+02  0.94725964E-03  0.94725964E-03 -0.33865992E-03 -0.33865992E-03
 0.18957046E+02  0.94801792E-03  0.94801792E-03 -0.30685460E-03 -0.30685460E-03
 0.19047750E+02  0.94454135E-03  0.94454135E-03 -0.27772111E-03 -0.27772111E-03
 0.19138454E+02  0.93746753E-03  0.93746753E-03 -0.25143463E-03 -0.25143463E-03
 0.19229158E+02  0.92721894E-03  0.92721894E-03 -0.22824750E-03 -0.22824750E-03
 0.19319863E+02  0.91423453E-03  0.91423453E-03 -0.20854867E-03 -0.20854867E-03
 0.19410567E+02  0.89912451E-03  0.89912451E-03 -0.19274324E-03 -0.19274324E-03
 0.19501271E+02  0.88266791E-03  0.88266791E-03 -0.18107850E-03 -0.18107850E-03
 0.19591975E+02  0.86568103E-03  0.86568103E-03 -0.17353500E-03 -0.17353500E-03
 0.19682679E+02  0.84884855E-03  0.84884855E-03 -0.16985075E-03 -0.16985075E-03
 0.19773383E+02  0.83261829E-03  0.83261829E-03 -0.16964908E-03 -0.16964908E-03
 0.19864088E+02  0.81720467E-03  0.81720467E-03 -0.17260637E-03 -0.17260637E-03
 0.19954792E+02  0.80269813E-03  0.80269813E-03 -0.17857119E-03 -0.17857119E-03
 0.20045496E+02  0.78922176E-03  0.78922176E-03 -0.18759066E-03 -0.18759066E-03
 0.20136200E+02  0.77706847E-03  0.77706847E-03 -0.19983038E-03 -0.19983038E-03
 0.20226904E+02  0.76675670E-03  0.76675670E-03 -0.21542924E-03 -0.21542924E-03
 0.20317608E+02  0.75898884E-03  0.75898884E-03 -0.23435302E-03 -0.23435302E-03
 0.20408312E+02  0.75453365E-03  0.75453365E-03 -0.25630090E-03 -0.25630090E-03
 0.20499017E+02  0.75408271E-03  0.75408271E-03 -0.28069355E-03 -0.28069355E-03
 0.20589721E+02  0.75812486E-03  0.75812486E-03 -0.30673298E-03 -0.30673298E-03
 0.20680425E+02  0.76686636E-03  0.76686636E-03 -0.33351386E-03 -0.33351386E-03
 0.20771129E+02  0.78020816E-03  0.78020816E-03 -0.36015761E-03 -0.36015761E-03
 0.20861833E+02  0.79778633E-03  0.79778633E-03 -0.38595156E-03 -0.38595156E-03
 0.20952538E+02  0.81907902E-03  0.81907902E-03 -0.41046417E-03 -0.41046417E-03
 0.21043242E+02  0.84357415E-03  0.84357415E-03 -0.43360246E-03 -0.43360246E-03
 0.21133946E+02  0.87096592E-03  0.87096592E-03 -0.45557437E-03 -0.45557437E-03
 0.21224650E+02  0.90132236E-03  0.90132236E-03 -0.47673742E-03 -0.47673742E-03
 0.21315354E+02  0.93515600E-03  0.93515600E-03 -0.49735984E-03 -0.49735984E-03
 0.21406058E+02  0.97335648E-03  0.97335648E-03 -0.51735851E-03 -0.51735851E-03
 0.21496763E+02  0.10169904E-02  0.10169904E-02 -0.53609207E-03 -0.53609207E-03
 0.21587467E+02  0.10670117E-02  0.10670117E-02 -0.55226409E-03 -0.55226409E-03
 0.21678171E+02  0.11239391E-02  0.11239391E-02 -0.56396620E-03 -0.56396620E-03
 0.21768875E+02  0.11875548E-02  0.11875548E-02 -0.56886434E-03 -0.56886434E-03
 0.21859579E+02  0.12566850E-02  0.12566850E-02 -0.56453210E-03 -0.56453210E-03
 0.21950283E+02  0.13291405E-02  0.13291405E-02 -0.54889997E-03 -0.54889997E-03
 0.22040988E+02  0.14019013E-02  0.14019013E-02 -0.52073957E-03 -0.52073957E-03
 0.22131692E+02  0.14715653E-02  0.14715653E-02 -0.48002344E-03 -0.48002344E-03
 0.22222396E+02  0.15349622E-02  0.15349622E-02 -0.42798636E-03 -0.42798636E-03
 0.22313100E+02  0.15896983E-02  0.15896983E-02 -0.36682310E-03 -0.36682310E-03
 0.22403804E+02  0.16344007E-02  0.16344007E-02 -0.29915188E-03 -0.29915188E-03
 0.22494508E+02  0.16685946E-02  0.16685946E-02 -0.22751547E-03 -0.22751547E-03
 0.22585213E+02  0.16923726E-02  0.16923726E-02 -0.15415120E-03 -0.15415120E-03
 0.22675917E+02  0.17061247E-02  0.17061247E-02 -0.81051674E-04 -0.81051674E-04
 0.22766621E+02  0.17105087E-02  0.17105087E-02 -0.10143203E-04 -0.10143203E-04
 0.22857325E+02  0.17066399E-02  0.17066399E-02  0.56668405E-04  0.56668405E-04
 0.22948029E+02  0.16963038E-02  0.16963038E-02  0.11771162E-03  0.11771162E-03
 0.23038733E+02  0.16819601E-02  0.16819601E-02  0.17197047E-03  0.17197047E-03
 0.23129438E+02  0.16664289E-02  0.16664289E-02  0.21949715E-03  0.21949715E-03
 0.23220142E+02  0.16523279E-02  0.16523279E-02  0.26160017E-03  0.26160017E-03
 0.23310846E+02  0.16414407E-02  0.16414407E-02  0.30069508E-03  0.30069508E-03
 0.23401550E+02  0.16342086E-02  0.16342086E-02  0.33983207E-03  0.33983207E-03
 0.23492254E+02  0.16294887E-02  0.16294887E-02  0.38199016E-03  0.38199016E-03
 0.23582958E+02  0.16246839E-02  0.16246839E-02  0.42927199E-03  0.42927199E-03
 0.23673663E+02  0.16163046E-02  0.16163046E-02  0.48219351E-03  0.48219351E-03
 0.23764367E+02  0.16009186E-02  0.16009186E-02  0.53933197E-03  0.53933197E-03
 0.23855071E+02  0.15762281E-02  0.15762281E-02  0.59758269E-03  0.59758269E-03
 0.23945775E+02  0.15418452E-02  0.15418452E-02  0.65304446E-03  0.65304446E-03
 0.24036479E+02  0.14993829E-02  0.14993829E-02  0.70221535E-03  0.70221535E-03
 0.24127183E+02  0.14518235E-02  0.14518235E-02  0.74297100E-03  0.74297100E-03
 0.24217888E+02  0.14025023E-02  0.14025023E-02  0.77494176E-03  0.77494176E-03
 0.24308592E+02  0.13541721E-02  0.13541721E-02  0.79925446E-03  0.79925446E-03
 0.24399296E+02  0.13084515E-02  0.13084515E-02  0.81788646E-03  0.81788646E-03
 0.24490000E+02  0.12657212E-02  0.12657212E-02  0.83293402E-03  0.83293402E-03
 0.24580704E+02  0.12253787E-02  0.12253787E-02  0.84601466E-03  0.84601466E-03
 0.24671408E+02  0.11863089E-02  0.11863089E-02  0.85792072E-03  0.85792072E-03
 0.24762113E+02  0.11474235E-02  0.11474235E-02  0.86857340E-03  0.86857340E-03
 0.24852817E+02  0.11081072E-02  0.11081072E-02  0.87725784E-03  0.87725784E-03
 0.24943521E+02  0.10684415E-02  0.10684415E-02  0.88304082E-03  0.88304082E-03
 0.25034225E+02  0.10291525E-02  0.10291525E-02  0.88520737E-03  0.88520737E-03
 0.25124929E+02  0.99134176E-03  0.99134176E-03  0.88355763E-03  0.88355763E-03
 0.25215633E+02  0.95613886E-03  0.95613886E-03  0.87848991E-03  0.87848991E-03
 0.25306338E+02  0.92440497E-03  0.92440497E-03  0.87089402E-03  0.87089402E-03
 0.25397042E+02  0.89656255E-03  0.89656255E-03  0.86193992E-03  0.86193992E-03
 0.25487746E+02  0.87255394E-03  0.87255394E-03  0.85284639E-03  0.85284639E-03
 0.25578450E+02  0.85190164E-03  0.85190164E-03  0.84468690E-03  0.84468690E-03
 0.25669154E+02  0.83382857E-03  0.83382857E-03  0.83825884E-03  0.83825884E-03
 0.25759858E+02  0.81740383E-03  0.81740383E-03  0.83402472E-03  0.83402472E-03
 0.25850563E+02  0.80167963E-03  0.80167963E-03  0.83212213E-03  0.83212213E-03
 0.25941267E+02  0.78579013E-03  0.78579013E-03  0.83242344E-03  0.83242344E-03
 0.26031971E+02  0.76899753E-03  0.76899753E-03  0.83461553E-03  0.83461553E-03
 0.26122675E+02  0.75068879E-03  0.75068879E-03  0.83826169E-03  0.83826169E-03
 0.26213379E+02  0.73035516E-03  0.73035516E-03  0.84282318E-03  0.84282318E-03
 0.26304083E+02  0.70759124E-03  0.70759124E-03  0.84764250E-03  0.84764250E-03
 0.26394788E+02  0.68214211E-03  0.68214211E-03  0.85192327E-03  0.85192327E-03
 0.26485492E+02  0.65398876E-03  0.65398876E-03  0.85475076E-03  0.85475076E-03
 0.26576196E+02  0.62343045E-03  0.62343045E-03  0.85518389E-03  0.85518389E-03
 0.26666900E+02  0.59110608E-03  0.59110608E-03  0.85240382E-03  0.85240382E-03
 0.26757604E+02  0.55792251E-03  0.55792251E-03  0.84586661E-03  0.84586661E-03
 0.26848308E+02  0.52490592E-03  0.52490592E-03  0.83539665E-03  0.83539665E-03
 0.26939013E+02  0.49302920E-03  0.49302920E-03  0.82118614E-03  0.82118614E-03
 0.27029717E+02  0.46307562E-03  0.46307562E-03  0.80371207E-03  0.80371207E-03
 0.27120421E+02  0.43556963E-03  0.43556963E-03  0.78361220E-03  0.78361220E-03
 0.27211125E+02  0.41077496E-03  0.41077496E-03  0.76156374E-03  0.76156374E-03
 0.27301829E+02  0.38873728E-03  0.38873728E-03  0.73819134E-03  0.73819134E-03
 0.27392533E+02  0.36934781E-03  0.36934781E-03  0.71401295E-03  0.71401295E-03
 0.27483238E+02  0.35240828E-03  0.35240828E-03  0.68941839E-03  0.68941839E-03
 0.27573942E+02  0.33768754E-03  0.33768754E-03  0.66467257E-03  0.66467257E-03
 0.27664646E+02  0.32496522E-03  0.32496522E-03  0.63993488E-03  0.63993488E-03
 0.27755350E+02  0.31406069E-03  0.31406069E-03  0.61528748E-03  0.61528748E-03
 0.27846054E+02  0.30484778E-03  0.30484778E-03  0.59076774E-03  0.59076774E-03
 0.27936758E+02  0.29725627E-03  0.29725627E-03  0.56639895E-03  0.56639895E-03
 0.28027463E+02  0.29126303E-03  0.29126303E-03  0.54221652E-03  0.54221652E-03
 0.28118167E+02  0.28687598E-03  0.28687598E-03  0.51828671E-03  0.51828671E-03
 0.28208871E+02  0.28411445E-03  0.28411445E-03  0.49471809E-03  0.49471809E-03
 0.28299575E+02  0.28298754E-03  0.28298754E-03  0.47166596E-03  0.47166596E-03
 0.28390279E+02  0.28347149E-03  0.28347149E-03  0.44933060E-03  0.44933060E-03
 0.28480983E+02  0.28548597E-03  0.28548597E-03  0.42794852E-03  0.42794852E-03
 0.28571688E+02  0.28886996E-03  0.28886996E-03  0.40777386E-03  0.40777386E-03
 0.28662392E+02  0.29336144E-03  0.29336144E-03  0.38904658E-03  0.38904658E-03
 0.28753096E+02  0.29858866E-03  0.29858866E-03  0.37194556E-03  0.37194556E-03
 0.28843800E+02  0.30408542E-03  0.30408542E-03  0.35653037E-03  0.35653037E-03
 0.28934504E+02  0.30934009E-03  0.30934009E-03  0.34268626E-03  0.34268626E-03
 0.29025208E+02  0.31387882E-03  0.31387882E-03  0.33009532E-03  0.33009532E-03
 0.29115913E+02  0.31736411E-03  0.31736411E-03  0.31825672E-03  0.31825672E-03
 0.29206617E+02  0.31967461E-03  0.31967461E-03  0.30656219E-03  0.30656219E-03
 0.29297321E+02  0.32093264E-03  0.32093264E-03  0.29440646E-03  0.29440646E-03
 0.29388025E+02  0.32146851E-03  0.32146851E-03  0.28129309E-03  0.28129309E-03
 0.29478729E+02  0.32173989E-03  0.32173989E-03  0.26690006E-03  0.26690006E-03
 0.29569433E+02  0.32224031E-03  0.32224031E-03  0.25109225E-03  0.25109225E-03
 0.29660137E+02  0.32342667E-03  0.32342667E-03  0.23389153E-03  0.23389153E-03
 0.29750842E+02  0.32567847E-03  0.32567847E-03  0.21542648E-03  0.21542648E-03
 0.29841546E+02  0.32928697E-03  0.32928697E-03  0.19588138E-03  0.19588138E-03
 0.29932250E+02  0.33446476E-03  0.33446476E-03  0.17545511E-03  0.17545511E-03
 0.30022954E+02  0.34136665E-03  0.34136665E-03  0.15433358E-03  0.15433358E-03
 0.30113658E+02  0.35011509E-03  0.35011509E-03  0.13267460E-03  0.13267460E-03
 0.30204363E+02  0.36082703E-03  0.36082703E-03  0.11060337E-03  0.11060337E-03
 0.30295067E+02  0.37364044E-03  0.37364044E-03  0.88217582E-04  0.88217582E-04
 0.30385771E+02  0.38873913E-03  0.38873913E-03  0.65602148E-04  0.65602148E-04
 0.30476475E+02  0.40637420E-03  0.40637420E-03  0.42854077E-04  0.42854077E-04
 0.30567179E+02  0.42687876E-03  0.42687876E-03  0.20118556E-04  0.20118556E-04
 0.30657883E+02  0.45067238E-03  0.45067238E-03 -0.23637173E-05 -0.23637173E-05
 0.30748588E+02  0.47824888E-03  0.47824888E-03 -0.24197941E-04 -0.24197941E-04
 0.30839292E+02  0.51014052E-03  0.51014052E-03 -0.44767568E-04 -0.44767568E-04
 0.30929996E+02  0.54684683E-03  0.54684683E-03 -0.63162841E-04 -0.63162841E-04
 0.31020700E+02  0.58871423E-03  0.58871423E-03 -0.78118191E-04 -0.78118191E-04
 0.31111404E+02  0.63575213E-03  0.63575213E-03 -0.87986359E-04 -0.87986359E-04
 0.31202108E+02  0.68738356E-03  0.68738356E-03 -0.90798459E-04 -0.90798459E-04
 0.31292813E+02  0.74216375E-03  0.74216375E-03 -0.84480382E-04 -0.84480382E-04
 0.31383517E+02  0.79756995E-03  0.79756995E-03 -0.67291987E-04 -0.67291987E-04
 0.31474221E+02  0.85004765E-03  0.85004765E-03 -0.38479287E-04 -0.38479287E-04
 0.31564925E+02  0.89551686E-03  0.89551686E-03  0.10411342E-05  0.10411342E-05
 0.31655629E+02  0.93037691E-03  0.93037691E-03  0.48344255E-04  0.48344255E-04
 0.31746333E+02  0.95269377E-03  0.95269377E-03  0.98888424E-04  0.98888424E-04
 0.31837037E+02  0.96296512E-03  0.96296512E-03  0.14766858E-03  0.14766858E-03
 0.31927742E+02  0.96399841E-03  0.96399841E-03  0.19063960E-03  0.19063960E-03
 0.32018446E+02  0.95998024E-03  0.95998024E-03  0.22572852E-03  0.22572852E-03
 0.32109150E+02  0.95526340E-03  0.95526340E-03  0.25308424E-03  0.25308424E-03
 0.32199854E+02  0.95338434E-03  0.95338434E-03  0.27470284E-03  0.27470284E-03
 0.32290558E+02  0.95649313E-03  0.95649313E-03  0.29378580E-03  0.29378580E-03
 0.32381263E+02  0.96510292E-03  0.96510292E-03  0.31408399E-03  0.31408399E-03
 0.32471967E+02  0.97800956E-03  0.97800956E-03  0.33927387E-03  0.33927387E-03
 0.32562671E+02  0.99234679E-03  0.99234679E-03  0.37228695E-03  0.37228695E-03
 0.32653375E+02  0.10038993E-02  0.10038993E-02  0.41455289E-03  0.41455289E-03
 0.32744079E+02  0.10078651E-02  0.10078651E-02  0.46530631E-03  0.46530631E-03
 0.32834783E+02  0.10000901E-02  0.10000901E-02  0.52133859E-03  0.52133859E-03
 0.32925488E+02  0.97840804E-03  0.97840804E-03  0.57758169E-03  0.57758169E-03
 0.33016192E+02  0.94341253E-03  0.94341253E-03  0.62849976E-03  0.62849976E-03
 0.33106896E+02  0.89818189E-03  0.89818189E-03  0.66967962E-03  0.66967962E-03
 0.33197600E+02  0.84713328E-03  0.84713328E-03  0.69883410E-03  0.69883410E-03
 0.33288304E+02  0.79468247E-03  0.79468247E-03  0.71587385E-03  0.71587385E-03
 0.33379008E+02  0.74431627E-03  0.74431627E-03  0.72229720E-03  0.72229720E-03
 0.33469713E+02  0.69825254E-03  0.69825254E-03  0.72038377E-03  0.72038377E-03
 0.33560417E+02  0.65753425E-03  0.65753425E-03  0.71253793E-03  0.71253793E-03
 0.33651121E+02  0.62231625E-03  0.62231625E-03  0.70088957E-03  0.70088957E-03
 0.33741825E+02  0.59217809E-03  0.59217809E-03  0.68711229E-03  0.68711229E-03
 0.33832529E+02  0.56639209E-03  0.56639209E-03  0.67237894E-03  0.67237894E-03
 0.33923233E+02  0.54413166E-03  0.54413166E-03  0.65739389E-03  0.65739389E-03
 0.34013937E+02  0.52462824E-03  0.52462824E-03  0.64246974E-03  0.64246974E-03
 0.34104642E+02  0.50727914E-03  0.50727914E-03  0.62763305E-03  0.62763305E-03
 0.34195346E+02  0.49170548E-03  0.49170548E-03  0.61274826E-03  0.61274826E-03
 0.34286050E+02  0.47775552E-03  0.47775552E-03  0.59764038E-03  0.59764038E-03
 0.34376754E+02  0.46546080E-03  0.46546080E-03  0.58219688E-03  0.58219688E-03
 0.34467458E+02  0.45496115E-03  0.45496115E-03  0.56643130E-03  0.56643130E-03
 0.34558163E+02  0.44642049E-03  0.44642049E-03  0.55050469E-03  0.55050469E-03
 0.34648867E+02  0.43995157E-03  0.43995157E-03  0.53471075E-03  0.53471075E-03
 0.34739571E+02  0.43555884E-03  0.43555884E-03  0.51943588E-03  0.51943588E-03
 0.34830275E+02  0.43310326E-03  0.43310326E-03  0.50510498E-03  0.50510498E-03
 0.34920979E+02  0.43228789E-03  0.43228789E-03  0.49211857E-03  0.49211857E-03
 0.35011683E+02  0.43266831E-03  0.43266831E-03  0.48078646E-03  0.48078646E-03
 0.35102388E+02  0.43368901E-03  0.43368901E-03  0.47126452E-03  0.47126452E-03
 0.35193092E+02  0.43474985E-03  0.43474985E-03  0.46350776E-03  0.46350776E-03
 0.35283796E+02  0.43529364E-03  0.43529364E-03  0.45725566E-03  0.45725566E-03
 0.35374500E+02  0.43489796E-03  0.43489796E-03  0.45206299E-03  0.45206299E-03
 0.35465204E+02  0.43334215E-03  0.43334215E-03  0.44737398E-03  0.44737398E-03
 0.35555908E+02  0.43062879E-03  0.43062879E-03  0.44262039E-03  0.44262039E-03
 0.35646613E+02  0.42695370E-03  0.42695370E-03  0.43731287E-03  0.43731287E-03
 0.35737317E+02  0.42263959E-03  0.42263959E-03  0.43109897E-03  0.43109897E-03
 0.35828021E+02  0.41806142E-03  0.41806142E-03  0.42377835E-03  0.42377835E-03
 0.35918725E+02  0.41358502E-03  0.41358502E-03  0.41528218E-03  0.41528218E-03
 0.36009429E+02  0.40953349E-03  0.40953349E-03  0.40563558E-03  0.40563558E-03
 0.36100133E+02  0.40617821E-03  0.40617821E-03  0.39491984E-03  0.39491984E-03
 0.36190838E+02  0.40374784E-03  0.40374784E-03  0.38324663E-03  0.38324663E-03
 0.36281542E+02  0.40244204E-03  0.40244204E-03  0.37074715E-03  0.37074715E-03
 0.36372246E+02  0.40244224E-03  0.40244224E-03  0.35757358E-03  0.35757358E-03
 0.36462950E+02  0.40391357E-03  0.40391357E-03  0.34390726E-03  0.34390726E-03
 0.36553654E+02  0.40699699E-03  0.40699699E-03  0.32996563E-03  0.32996563E-03
 0.36644358E+02  0.41179486E-03  0.41179486E-03  0.31600413E-03  0.31600413E-03
 0.36735063E+02  0.41835310E-03  0.41835310E-03  0.30230773E-03  0.30230773E-03
 0.36825767E+02  0.42664720E-03  0.42664720E-03  0.28917250E-03  0.28917250E-03
 0.36916471E+02  0.43657647E-03  0.43657647E-03  0.27687808E-03  0.27687808E-03
 0.37007175E+02  0.44797381E-03  0.44797381E-03  0.26565613E-03  0.26565613E-03
 0.37097879E+02  0.46063235E-03  0.46063235E-03  0.25566355E-03  0.25566355E-03
 0.37188583E+02  0.47434829E-03  0.47434829E-03  0.24697162E-03  0.24697162E-03
 0.37279288E+02  0.48896850E-03  0.48896850E-03  0.23958084E-03  0.23958084E-03
 0.37369992E+02  0.50442817E-03  0.50442817E-03  0.23346532E-03  0.23346532E-03
 0.37460696E+02  0.52075855E-03  0.52075855E-03  0.22863852E-03  0.22863852E-03
 0.37551400E+02  0.53805341E-03  0.53805341E-03  0.22522246E-03  0.22522246E-03
 0.37642104E+02  0.55639432E-03  0.55639432E-03  0.22349398E-03  0.22349398E-03
 0.37732808E+02  0.57574741E-03  0.57574741E-03  0.22388685E-03  0.22388685E-03
 0.37823512E+02  0.59586007E-03  0.59586007E-03  0.22693332E-03  0.22693332E-03
 0.37914217E+02  0.61618721E-03  0.61618721E-03  0.23314362E-03  0.23314362E-03
 0.38004921E+02  0.63588819E-03  0.63588819E-03  0.24284053E-03  0.24284053E-03
 0.38095625E+02  0.65392135E-03  0.65392135E-03  0.25598899E-03  0.25598899E-03
 0.38186329E+02  0.66924196E-03  0.66924196E-03  0.27208657E-03  0.27208657E-03
 0.38277033E+02  0.68105708E-03  0.68105708E-03  0.29017909E-03  0.29017909E-03
 0.38367737E+02  0.68904852E-03  0.68904852E-03  0.30903124E-03  0.30903124E-03
 0.38458442E+02  0.69346621E-03  0.69346621E-03  0.32740684E-03  0.32740684E-03
 0.38549146E+02  0.69504458E-03  0.69504458E-03  0.34435680E-03  0.34435680E-03
 0.38639850E+02  0.69477985E-03  0.69477985E-03  0.35940630E-03  0.35940630E-03
 0.38730554E+02  0.69365680E-03  0.69365680E-03  0.37258769E-03  0.37258769E-03
 0.38821258E+02  0.69241968E-03  0.69241968E-03  0.38433531E-03  0.38433531E-03
 0.38911963E+02  0.69143910E-03  0.69143910E-03  0.39529642E-03  0.39529642E-03
 0.39002667E+02  0.69068840E-03  0.69068840E-03  0.40612250E-03  0.40612250E-03
 0.39093371E+02  0.68981568E-03  0.68981568E-03  0.41728524E-03  0.41728524E-03
 0.39184075E+02  0.68828425E-03  0.68828425E-03  0.42895475E-03  0.42895475E-03
 0.39274779E+02  0.68555056E-03  0.68555056E-03  0.44095913E-03  0.44095913E-03
 0.39365483E+02  0.68123344E-03  0.68123344E-03  0.45283429E-03  0.45283429E-03
 0.39456188E+02  0.67523427E-03  0.67523427E-03  0.46394864E-03  0.46394864E-03
 0.39546892E+02  0.66777646E-03  0.66777646E-03  0.47366392E-03  0.47366392E-03
 0.39637596E+02  0.65936057E-03  0.65936057E-03  0.48148629E-03  0.48148629E-03
 0.39728300E+02  0.65066216E-03  0.65066216E-03  0.48716665E-03  0.48716665E-03
 0.39819004E+02  0.64240630E-03  0.64240630E-03  0.49073712E-03  0.49073712E-03
 0.39909708E+02  0.63525675E-03  0.63525675E-03  0.49249306E-03  0.49249306E-03
 0.40000413E+02  0.62973177E-03  0.62973177E-03  0.49293994E-03  0.49293994E-03
 0.40091117E+02  0.62615158E-03  0.62615158E-03  0.49272771E-03  0.49272771E-03
 0.40181821E+02  0.62460842E-03  0.62460842E-03  0.49257945E-03  0.49257945E-03
 0.40272525E+02  0.62495384E-03  0.62495384E-03  0.49322077E-03  0.49322077E-03
 0.40363229E+02  0.62680198E-03  0.62680198E-03  0.49530396E-03  0.49530396E-03
 0.40453933E+02  0.62955448E-03  0.62955448E-03  0.49932766E-03  0.49932766E-03
 0.40544638E+02  0.63245728E-03  0.63245728E-03  0.50556092E-03  0.50556092E-03
 0.40635342E+02  0.63469427E-03  0.63469427E-03  0.51398448E-03  0.51398448E-03
 0.40726046E+02  0.63550845E-03  0.63550845E-03  0.52427868E-03  0.52427868E-03
 0.40816750E+02  0.63432620E-03  0.63432620E-03  0.53587140E-03  0.53587140E-03
 0.40907454E+02  0.63084368E-03  0.63084368E-03  0.54804601E-03  0.54804601E-03
 0.40998158E+02  0.62504686E-03  0.62504686E-03  0.56007836E-03  0.56007836E-03
 0.41088862E+02  0.61715733E-03  0.61715733E-03  0.57135713E-03  0.57135713E-03
 0.41179567E+02  0.60753016E-03  0.60753016E-03  0.58144944E-03  0.58144944E-03
 0.41270271E+02  0.59654900E-03  0.59654900E-03  0.59009692E-03  0.59009692E-03
 0.41360975E+02  0.58455551E-03  0.58455551E-03  0.59716087E-03  0.59716087E-03
 0.41451679E+02  0.57183559E-03  0.57183559E-03  0.60255115E-03  0.60255115E-03
 0.41542383E+02  0.55865043E-03  0.55865043E-03  0.60617543E-03  0.60617543E-03
 0.41633088E+02  0.54528916E-03  0.54528916E-03  0.60793196E-03  0.60793196E-03
 0.41723792E+02  0.53210875E-03  0.53210875E-03  0.60774358E-03  0.60774358E-03
 0.41814496E+02  0.51953837E-03  0.51953837E-03  0.60561548E-03  0.60561548E-03
 0.41905200E+02  0.50804346E-03  0.50804346E-03  0.60168758E-03  0.60168758E-03
 0.41995904E+02  0.49806114E-03  0.49806114E-03  0.59625878E-03  0.59625878E-03
 0.42086608E+02  0.48992962E-03  0.48992962E-03  0.58977440E-03  0.58977440E-03
 0.42177313E+02  0.48383055E-03  0.48383055E-03  0.58278028E-03  0.58278028E-03
 0.42268017E+02  0.47975843E-03  0.47975843E-03  0.57585613E-03  0.57585613E-03
 0.42358721E+02  0.47751944E-03  0.47751944E-03  0.56954126E-03  0.56954126E-03
 0.42449425E+02  0.47676323E-03  0.47676323E-03  0.56426713E-03  0.56426713E-03
 0.42540129E+02  0.47704026E-03  0.47704026E-03  0.56030939E-03  0.56030939E-03
 0.42630833E+02  0.47787498E-03  0.47787498E-03  0.55777218E-03  0.55777218E-03
 0.42721538E+02  0.47883462E-03  0.47883462E-03  0.55661102E-03  0.55661102E-03
 0.42812242E+02  0.47957014E-03  0.47957014E-03  0.55668494E-03  0.55668494E-03
 0.42902946E+02  0.47981677E-03  0.47981677E-03  0.55781609E-03  0.55781609E-03
 0.42993650E+02  0.47935749E-03  0.47935749E-03  0.55982499E-03  0.55982499E-03
 0.43084354E+02  0.47797718E-03  0.47797718E-03  0.56252308E-03  0.56252308E-03
 0.43175058E+02  0.47544245E-03  0.47544245E-03  0.56566181E-03  0.56566181E-03
 0.43265763E+02  0.47153649E-03  0.47153649E-03  0.56887242E-03  0.56887242E-03
 0.43356467E+02  0.46614783E-03  0.46614783E-03  0.57163799E-03  0.57163799E-03
 0.43447171E+02  0.45937885E-03  0.45937885E-03  0.57333818E-03  0.57333818E-03
 0.43537875E+02  0.45161712E-03  0.45161712E-03  0.57336811E-03  0.57336811E-03
 0.43628579E+02  0.44352307E-03  0.44352307E-03  0.57129278E-03  0.57129278E-03
 0.43719283E+02  0.43592955E-03  0.43592955E-03  0.56697565E-03  0.56697565E-03
 0.43809988E+02  0.42968800E-03  0.42968800E-03  0.56063383E-03  0.56063383E-03
 0.43900692E+02  0.42551485E-03  0.42551485E-03  0.55281327E-03  0.55281327E-03
 0.43991396E+02  0.42387212E-03  0.42387212E-03  0.54430404E-03  0.54430404E-03
 0.44082100E+02  0.42489462E-03  0.42489462E-03  0.53602620E-03  0.53602620E-03
 0.44172804E+02  0.42835687E-03  0.42835687E-03  0.52889999E-03  0.52889999E-03
 0.44263508E+02  0.43368430E-03  0.43368430E-03  0.52370291E-03  0.52370291E-03
 0.44354213E+02  0.44002265E-03  0.44002265E-03  0.52092408E-03  0.52092408E-03
 0.44444917E+02  0.44638213E-03  0.44638213E-03  0.52064455E-03  0.52064455E-03
 0.44535621E+02  0.45184941E-03  0.45184941E-03  0.52249752E-03  0.52249752E-03
 0.44626325E+02  0.45580979E-03  0.45580979E-03  0.52575554E-03  0.52575554E-03
 0.44717029E+02  0.45808973E-03  0.45808973E-03  0.52953868E-03  0.52953868E-03
 0.44807733E+02  0.45895224E-03  0.45895224E-03  0.53306775E-03  0.53306775E-03
 0.44898438E+02  0.45895324E-03  0.45895324E-03  0.53585864E-03  0.53585864E-03
 0.44989142E+02  0.45873191E-03  0.45873191E-03  0.53779007E-03  0.53779007E-03
 0.45079846E+02  0.45882769E-03  0.45882769E-03  0.53904979E-03  0.53904979E-03
 0.45170550E+02  0.45957611E-03  0.45957611E-03  0.54001201E-03  0.54001201E-03
 0.45261254E+02  0.46108866E-03  0.46108866E-03  0.54110875E-03  0.54110875E-03
 0.45351958E+02  0.46329255E-03  0.46329255E-03  0.54273454E-03  0.54273454E-03
 0.45442662E+02  0.46599042E-03  0.46599042E-03  0.54520101E-03  0.54520101E-03
 0.45533367E+02  0.46891099E-03  0.46891099E-03  0.54872995E-03  0.54872995E-03
 0.45624071E+02  0.47173025E-03  0.47173025E-03  0.55346181E-03  0.55346181E-03
 0.45714775E+02  0.47407224E-03  0.47407224E-03  0.55945278E-03  0.55945278E-03
 0.45805479E+02  0.47550925E-03  0.47550925E-03  0.56664271E-03  0.56664271E-03
 0.45896183E+02  0.47354885E-03  0.47559595E-03  0.57460979E-03  0.57480482E-03
 0.45986888E+02  0.47184790E-03  0.47395137E-03  0.58287087E-03  0.58350817E-03
 0.46077592E+02  0.46649336E-03  0.47037486E-03  0.59000262E-03  0.59213772E-03
 0.46168296E+02  0.45848669E-03  0.46494971E-03  0.59448706E-03  0.59999349E-03
 0.46259000E+02  0.45179789E-03  0.45807334E-03  0.59859754E-03  0.60644919E-03
 0.46349704E+02  0.44510190E-03  0.45038872E-03  0.60138966E-03  0.61110843E-03
 0.46440408E+02  0.43877726E-03  0.44263851E-03  0.60310237E-03  0.61389598E-03
 0.46531113E+02  0.43257677E-03  0.43549940E-03  0.60283731E-03  0.61505588E-03
 0.46621817E+02  0.42795433E-03  0.42945230E-03  0.60450911E-03  0.61506814E-03
 0.46712521E+02  0.42350168E-03  0.42471806E-03  0.60491026E-03  0.61452699E-03
 0.46803225E+02  0.41917659E-03  0.42125928E-03  0.60450499E-03  0.61401655E-03
 0.46893929E+02  0.41546860E-03  0.41882952E-03  0.60523201E-03  0.61401545E-03
 0.46984633E+02  0.41188368E-03  0.41704974E-03  0.60615477E-03  0.61484154E-03
 0.47075338E+02  0.40828691E-03  0.41548509E-03  0.60725251E-03  0.61663647E-03
 0.47166042E+02  0.40451214E-03  0.41370674E-03  0.60834928E-03  0.61937968E-03
 0.47256746E+02  0.40062929E-03  0.41133181E-03  0.60957092E-03  0.62291224E-03
 0.47347450E+02  0.39656548E-03  0.40804942E-03  0.61072268E-03  0.62695537E-03
 0.47438154E+02  0.39191093E-03  0.40365316E-03  0.61072911E-03  0.63112190E-03
 0.47528858E+02  0.38764484E-03  0.39808857E-03  0.61149004E-03  0.63493881E-03
 0.47619563E+02  0.38335699E-03  0.39150764E-03  0.61202818E-03  0.63790464E-03
 0.47710267E+02  0.37933110E-03  0.38429398E-03  0.61318958E-03  0.63958971E-03
 0.47800971E+02  0.37492760E-03  0.37702835E-03  0.61229427E-03  0.63975663E-03
 0.47891675E+02  0.37092289E-03  0.37038493E-03  0.61229534E-03  0.63845589E-03
 0.47982379E+02  0.36705842E-03  0.36498282E-03  0.61222001E-03  0.63605932E-03
 0.48073083E+02  0.36331826E-03  0.36123256E-03  0.61211866E-03  0.63321682E-03
 0.48163788E+02  0.35963388E-03  0.35921195E-03  0.61182929E-03  0.63074442E-03
 0.48254492E+02  0.35602932E-03  0.35859543E-03  0.61175701E-03  0.62945765E-03
 0.48345196E+02  0.35243037E-03  0.35866361E-03  0.61169952E-03  0.62996661E-03
 0.48435900E+02  0.34880654E-03  0.35842625E-03  0.61163238E-03  0.63247078E-03
 0.48526604E+02  0.34510934E-03  0.35686967E-03  0.61129335E-03  0.63662990E-03
 0.48617308E+02  0.34141577E-03  0.35327298E-03  0.61109222E-03  0.64160345E-03
 0.48708013E+02  0.33770827E-03  0.34745613E-03  0.61077987E-03  0.64629403E-03
 0.48798717E+02  0.33401756E-03  0.33982094E-03  0.61033661E-03  0.64970257E-03
 0.48889421E+02  0.33037413E-03  0.33116344E-03  0.60881966E-03  0.65121882E-03
 0.48980125E+02  0.32684185E-03  0.32237325E-03  0.60879228E-03  0.65071844E-03
 0.49070829E+02  0.32342676E-03  0.31417750E-03  0.60797409E-03  0.64846883E-03
 0.49161533E+02  0.32015804E-03  0.30701547E-03  0.60707583E-03  0.64493802E-03
 0.49252237E+02  0.31715126E-03  0.30104481E-03  0.60531747E-03  0.64060770E-03
 0.49342942E+02  0.31414521E-03  0.29623209E-03  0.60494618E-03  0.63584897E-03
 0.49433646E+02  0.31137002E-03  0.29247385E-03  0.60402905E-03  0.63087925E-03
 0.49524350E+02  0.30874343E-03  0.28970287E-03  0.60317470E-03  0.62579316E-03
 0.49615054E+02  0.30631219E-03  0.28794655E-03  0.60174990E-03  0.62064101E-03
 0.49705758E+02  0.30386060E-03  0.28732511E-03  0.60156678E-03  0.61551828E-03
 0.49796462E+02  0.30152008E-03  0.28799942E-03  0.60106418E-03  0.61063250E-03
 0.49887167E+02  0.29920999E-03  0.29009225E-03  0.60070565E-03  0.60632926E-03
 0.49977871E+02  0.29689345E-03  0.29360773E-03  0.60049212E-03  0.60307406E-03
 0.50068575E+02  0.29449956E-03  0.29836453E-03  0.60020057E-03  0.60139984E-03
 0.50159279E+02  0.29205341E-03  0.30395247E-03  0.60023571E-03  0.60182606E-03
 0.50249983E+02  0.28950554E-03  0.30972065E-03  0.60036597E-03  0.60475526E-03
 0.50340687E+02  0.28694950E-03  0.31481201E-03  0.60101414E-03  0.61035375E-03
 0.50431392E+02  0.28415021E-03  0.31826153E-03  0.60126580E-03  0.61843892E-03
 0.50522096E+02  0.28101799E-03  0.31916496E-03  0.60074027E-03  0.62841030E-03
 0.50612800E+02  0.27793961E-03  0.31689388E-03  0.60092898E-03  0.63927944E-03
 0.50703504E+02  0.27484060E-03  0.31128629E-03  0.60159206E-03  0.64982902E-03
 0.50794208E+02  0.27151743E-03  0.30272507E-03  0.60165920E-03  0.65887371E-03
 0.50884913E+02  0.26798496E-03  0.29205081E-03  0.60071196E-03  0.66552827E-03
 0.50975617E+02  0.26452869E-03  0.28034343E-03  0.60054528E-03  0.66937570E-03
 0.51066321E+02  0.26105956E-03  0.26866746E-03  0.60083545E-03  0.67048309E-03
 0.51157025E+02  0.25751046E-03  0.25787785E-03  0.60043857E-03  0.66929377E-03
 0.51247729E+02  0.25395250E-03  0.24852313E-03  0.59992384E-03  0.66646848E-03
 0.51338433E+02  0.25041719E-03  0.24083398E-03  0.59889702E-03  0.66273520E-03
 0.51429138E+02  0.24689847E-03  0.23476061E-03  0.59815995E-03  0.65877433E-03
 0.51519842E+02  0.24340948E-03  0.23003167E-03  0.59732578E-03  0.65513824E-03
 0.51610546E+02  0.23988791E-03  0.22622471E-03  0.59695578E-03  0.65219559E-03
 0.51701250E+02  0.23646715E-03  0.22284696E-03  0.59594143E-03  0.65009787E-03
 0.51791954E+02  0.23326381E-03  0.21942727E-03  0.59391240E-03  0.64877526E-03
 0.51882658E+02  0.22996506E-03  0.21560597E-03  0.59276959E-03  0.64797108E-03
 0.51973363E+02  0.22660371E-03  0.21120243E-03  0.59208081E-03  0.64731653E-03
 0.52064067E+02  0.22340394E-03  0.20623719E-03  0.59081479E-03  0.64642895E-03
 0.52154771E+02  0.22026046E-03  0.20090343E-03  0.58950182E-03  0.64500440E-03
 0.52245475E+02  0.21728824E-03  0.19550102E-03  0.58774907E-03  0.64287938E-03
 0.52336179E+02  0.21426409E-03  0.19035730E-03  0.58636170E-03  0.64005090E-03
 0.52426883E+02  0.21129486E-03  0.18575678E-03  0.58494334E-03  0.63666103E-03
 0.52517588E+02  0.20822470E-03  0.18188895E-03  0.58395029E-03  0.63295846E-03
 0.52608292E+02  0.20535771E-03  0.17881677E-03  0.58247174E-03  0.62924871E-03
 0.52698996E+02  0.20254129E-03  0.17646312E-03  0.58097431E-03  0.62583653E-03
 0.52789700E+02  0.19992106E-03  0.17461987E-03  0.57907922E-03  0.62296272E-03
 0.52880404E+02  0.19720300E-03  0.17298688E-03  0.57755505E-03  0.62074312E-03
 0.52971108E+02  0.19452821E-03  0.17124708E-03  0.57601896E-03  0.61912789E-03
 0.53061813E+02  0.19172412E-03  0.16916461E-03  0.57487169E-03  0.61791071E-03
 0.53152517E+02  0.18912800E-03  0.16666699E-03  0.57330684E-03  0.61680217E-03
 0.53243221E+02  0.18690926E-03  0.16386438E-03  0.57097694E-03  0.61554810E-03
 0.53333925E+02  0.18421572E-03  0.16098490E-03  0.56978188E-03  0.61403560E-03
 0.53424629E+02  0.18172911E-03  0.15825623E-03  0.56819273E-03  0.61233368E-03
 0.53515333E+02  0.17927519E-03  0.15578798E-03  0.56659451E-03  0.61064719E-03
 0.53606037E+02  0.17667445E-03  0.15350990E-03  0.56534537E-03  0.60920650E-03
 0.53696742E+02  0.17428282E-03  0.15119398E-03  0.56372113E-03  0.60813868E-03
 0.53787446E+02  0.17229264E-03  0.14856169E-03  0.56137937E-03  0.60737865E-03
 0.53878150E+02  0.16978535E-03  0.14543189E-03  0.56008394E-03  0.60667611E-03
 0.53968854E+02  0.16749040E-03  0.14182795E-03  0.55843180E-03  0.60570872E-03
 0.54059558E+02  0.16522685E-03  0.13797314E-03  0.55676970E-03  0.60424101E-03
 0.54150263E+02  0.16280842E-03  0.13417731E-03  0.55541977E-03  0.60222982E-03
 0.54240967E+02  0.16100413E-03  0.13069207E-03  0.55306287E-03  0.59982260E-03
 0.54331671E+02  0.15865172E-03  0.12761322E-03  0.55168557E-03  0.59726513E-03
 0.54422375E+02  0.15652006E-03  0.12486930E-03  0.54998285E-03  0.59478008E-03
 0.54513079E+02  0.15442161E-03  0.12228622E-03  0.54827272E-03  0.59247360E-03
 0.54603783E+02  0.15216541E-03  0.11969183E-03  0.54684867E-03  0.59031002E-03
 0.54694488E+02  0.15013418E-03  0.11700407E-03  0.54511977E-03  0.58816160E-03
 0.54785192E+02  0.14855785E-03  0.11425691E-03  0.54277082E-03  0.58589979E-03
 0.54875896E+02  0.14640547E-03  0.11155624E-03  0.54131882E-03  0.58347012E-03
 0.54966600E+02  0.14447859E-03  0.10900473E-03  0.53958377E-03  0.58091038E-03
 0.55057304E+02  0.14258520E-03  0.10664275E-03  0.53784792E-03  0.57831474E-03
 0.55148008E+02  0.14053348E-03  0.10443220E-03  0.53636961E-03  0.57577327E-03
 0.55238713E+02  0.13870685E-03  0.10228245E-03  0.53462953E-03  0.57332089E-03
 0.55329417E+02  0.13672123E-03  0.10010120E-03  0.53313906E-03  0.57091540E-03
 0.55420121E+02  0.13539399E-03  0.97847134E-04  0.53084814E-03  0.56845276E-03
 0.55510825E+02  0.13366272E-03  0.95562727E-04  0.52912370E-03  0.56581259E-03
 0.55601529E+02  0.13177340E-03  0.93371468E-04  0.52763620E-03  0.56291617E-03
 0.55692233E+02  0.13010158E-03  0.91439147E-04  0.52591917E-03  0.55977194E-03
 0.55782938E+02  0.12827124E-03  0.89914270E-04  0.52443169E-03  0.55648893E-03
 0.55873642E+02  0.12665464E-03  0.88870866E-04  0.52272556E-03  0.55325275E-03
 0.55964346E+02  0.12549578E-03  0.88274563E-04  0.52052315E-03  0.55027082E-03
 0.56055050E+02  0.12374533E-03  0.87987097E-04  0.51905152E-03  0.54770665E-03
 0.56145754E+02  0.12219994E-03  0.87811992E-04  0.51737546E-03  0.54562812E-03
 0.56236458E+02  0.12067574E-03  0.87563200E-04  0.51570851E-03  0.54399865E-03
 0.56327163E+02  0.11899511E-03  0.87117835E-04  0.51424805E-03  0.54271684E-03
 0.56417867E+02  0.11751204E-03  0.86420297E-04  0.51259487E-03  0.54167367E-03
 0.56508571E+02  0.11630059E-03  0.85448542E-04  0.51067158E-03  0.54078083E-03
 0.56599275E+02  0.11485325E-03  0.84187126E-04  0.50903713E-03  0.53995837E-03
 0.56689979E+02  0.11342259E-03  0.82634116E-04  0.50741027E-03  0.53911554E-03
 0.56780683E+02  0.11183830E-03  0.80822105E-04  0.50597237E-03  0.53815783E-03
 0.56871388E+02  0.11044100E-03  0.78817439E-04  0.50435593E-03  0.53701420E-03
 0.56962092E+02  0.10889098E-03  0.76694553E-04  0.50292223E-03  0.53564781E-03
 0.57052796E+02  0.10752524E-03  0.74518790E-04  0.50131471E-03  0.53403741E-03
 0.57143500E+02  0.10659740E-03  0.72361812E-04  0.49927519E-03  0.53215887E-03
 0.57234204E+02  0.10509564E-03  0.70328350E-04  0.49785140E-03  0.53000027E-03
 0.57324908E+02  0.10377379E-03  0.68553586E-04  0.49626103E-03  0.52760406E-03
 0.57415613E+02  0.10230342E-03  0.67159327E-04  0.49483841E-03  0.52509690E-03
 0.57506317E+02  0.10101127E-03  0.66194238E-04  0.49325362E-03  0.52267847E-03
 0.57597021E+02  0.99571881E-04  0.65591560E-04  0.49183141E-03  0.52057153E-03
 0.57687725E+02  0.98309261E-04  0.65159901E-04  0.49025148E-03  0.51895231E-03
 0.57778429E+02  0.97484293E-04  0.64615364E-04  0.48826716E-03  0.51787650E-03
 0.57869133E+02  0.96091182E-04  0.63663796E-04  0.48685032E-03  0.51722576E-03
 0.57959837E+02  0.94871824E-04  0.62118934E-04  0.48528315E-03  0.51671922E-03
 0.58050542E+02  0.93509721E-04  0.59992665E-04  0.48386603E-03  0.51601611E-03
 0.58141246E+02  0.92320096E-04  0.57482390E-04  0.48230322E-03  0.51485868E-03
 0.58231950E+02  0.91144716E-04  0.54862946E-04  0.48074411E-03  0.51315551E-03
 0.58322654E+02  0.89829114E-04  0.52372414E-04  0.47932796E-03  0.51096159E-03
 0.58413358E+02  0.89107595E-04  0.50160914E-04  0.47739542E-03  0.50840664E-03
 0.58504063E+02  0.87822610E-04  0.48296047E-04  0.47598502E-03  0.50563446E-03
 0.58594767E+02  0.86705331E-04  0.46787367E-04  0.47444145E-03  0.50277261E-03
 0.58685471E+02  0.85450555E-04  0.45609059E-04  0.47303283E-03  0.49992076E-03
 0.58776175E+02  0.84361605E-04  0.44720486E-04  0.47149569E-03  0.49714901E-03
 0.58866879E+02  0.83136171E-04  0.44081306E-04  0.47008972E-03  0.49450797E-03
 0.58957583E+02  0.82074405E-04  0.43650317E-04  0.46855954E-03  0.49204381E-03
 0.59048288E+02  0.81447597E-04  0.43369809E-04  0.46668351E-03  0.48979904E-03
 0.59138992E+02  0.80263012E-04  0.43160871E-04  0.46528720E-03  0.48778876E-03
 0.59229696E+02  0.79237766E-04  0.42953212E-04  0.46377274E-03  0.48598106E-03
 0.59320400E+02  0.78079063E-04  0.42725308E-04  0.46237931E-03  0.48432025E-03
 0.59411104E+02  0.77077566E-04  0.42501215E-04  0.46087100E-03  0.48277944E-03
 0.59501808E+02  0.75943428E-04  0.42302098E-04  0.45947982E-03  0.48137917E-03
 0.59592513E+02  0.74964620E-04  0.42118202E-04  0.45797661E-03  0.48015665E-03
 0.59683217E+02  0.73996363E-04  0.41923001E-04  0.45647651E-03  0.47914675E-03
 0.59773921E+02  0.73318951E-04  0.41672191E-04  0.45476391E-03  0.47839651E-03
 0.59864625E+02  0.72372459E-04  0.41267837E-04  0.45327037E-03  0.47795488E-03
 0.59955329E+02  0.71296876E-04  0.40550278E-04  0.45188367E-03  0.47781283E-03
 0.60046033E+02  0.70373026E-04  0.39351730E-04  0.45039162E-03  0.47785447E-03
 0.60136738E+02  0.69321381E-04  0.37574004E-04  0.44900256E-03  0.47786066E-03
 0.60227442E+02  0.68421109E-04  0.35252851E-04  0.44751082E-03  0.47756628E-03
 0.60318146E+02  0.67394479E-04  0.32570242E-04  0.44611836E-03  0.47675920E-03
 0.60408850E+02  0.66944855E-04  0.29784509E-04  0.44432706E-03  0.47536522E-03
 0.60499554E+02  0.65945324E-04  0.27123440E-04  0.44293492E-03  0.47345052E-03
 0.60590258E+02  0.65096882E-04  0.24722092E-04  0.44144654E-03  0.47115374E-03
 0.60680962E+02  0.64261993E-04  0.22627851E-04  0.43995913E-03  0.46861663E-03
 0.60771667E+02  0.63305611E-04  0.20835297E-04  0.43856224E-03  0.46595129E-03
 0.60862371E+02  0.62499942E-04  0.19315201E-04  0.43707532E-03  0.46323741E-03
 0.60953075E+02  0.61574382E-04  0.18029854E-04  0.43567585E-03  0.46052844E-03
 0.61043779E+02  0.60799380E-04  0.16940792E-04  0.43419069E-03  0.45785800E-03
 0.61134483E+02  0.60335624E-04  0.16012896E-04  0.43252618E-03  0.45524527E-03
 0.61225188E+02  0.59591752E-04  0.15216189E-04  0.43104966E-03  0.45269968E-03
 0.61315892E+02  0.58731432E-04  0.14526134E-04  0.42965494E-03  0.45022460E-03
 0.61406596E+02  0.58019688E-04  0.13923047E-04  0.42818389E-03  0.44781958E-03
 0.61497300E+02  0.57192942E-04  0.13391325E-04  0.42679187E-03  0.44548245E-03
 0.61588004E+02  0.56513509E-04  0.12918606E-04  0.42532832E-03  0.44320994E-03
 0.61678708E+02  0.55720499E-04  0.12495078E-04  0.42394111E-03  0.44099844E-03
 0.61769412E+02  0.55073147E-04  0.12112898E-04  0.42248708E-03  0.43884425E-03
 0.61860117E+02  0.54313619E-04  0.11765766E-04  0.42110675E-03  0.43674380E-03
 0.61950821E+02  0.54120797E-04  0.11448577E-04  0.41944454E-03  0.43469371E-03
 0.62041525E+02  0.53392580E-04  0.11157161E-04  0.41807817E-03  0.43269084E-03
 0.62132229E+02  0.52805131E-04  0.10888096E-04  0.41665374E-03  0.43073238E-03
 0.62222933E+02  0.52231666E-04  0.10638530E-04  0.41523728E-03  0.42881557E-03
 0.62313638E+02  0.51550314E-04  0.10406093E-04  0.41388790E-03  0.42693805E-03
 0.62404342E+02  0.51005368E-04  0.10188787E-04  0.41248660E-03  0.42509762E-03
 0.62495046E+02  0.50353972E-04  0.99849242E-05  0.41114989E-03  0.42329227E-03
 0.62585750E+02  0.49836200E-04  0.97930637E-05  0.40976491E-03  0.42152016E-03
 0.62676454E+02  0.49622271E-04  0.96119726E-05  0.40825750E-03  0.41977962E-03
 0.62767158E+02  0.49127523E-04  0.94405874E-05  0.40689394E-03  0.41806910E-03
 0.62857863E+02  0.48529615E-04  0.92779871E-05  0.40559020E-03  0.41638719E-03
 0.62948567E+02  0.48059090E-04  0.91233727E-05  0.40424444E-03  0.41473265E-03
 0.63039271E+02  0.47486933E-04  0.89760369E-05  0.40295612E-03  0.41310417E-03
 0.63129975E+02  0.47039184E-04  0.88353634E-05  0.40162859E-03  0.41150069E-03
 0.63220679E+02  0.46491388E-04  0.87008087E-05  0.40035629E-03  0.40992118E-03
 0.63311383E+02  0.46065049E-04  0.85718908E-05  0.39904740E-03  0.40836470E-03
 0.63402088E+02  0.45540259E-04  0.84481788E-05  0.39779156E-03  0.40683035E-03
 0.63492792E+02  0.45521278E-04  0.83292898E-05  0.39634875E-03  0.40531731E-03
 0.63583496E+02  0.45015472E-04  0.82148798E-05  0.39511309E-03  0.40382481E-03
 0.63674200E+02  0.44624987E-04  0.81046398E-05  0.39384512E-03  0.40235213E-03
 0.63764904E+02  0.44139602E-04  0.79982934E-05  0.39262624E-03  0.40089863E-03
 0.63855608E+02  0.43766701E-04  0.78955841E-05  0.39137703E-03  0.39946360E-03
 0.63946313E+02  0.43300528E-04  0.77962840E-05  0.39017495E-03  0.39804647E-03
 0.64037017E+02  0.42944076E-04  0.77001858E-05  0.38894441E-03  0.39664669E-03
 0.64127721E+02  0.42496007E-04  0.76070998E-05  0.38775917E-03  0.39526372E-03
 0.64218425E+02  0.42154957E-04  0.75168518E-05  0.38654716E-03  0.39389707E-03
 0.64309129E+02  0.42088883E-04  0.74292831E-05  0.38525020E-03  0.39254626E-03
 0.64399833E+02  0.41759328E-04  0.73442474E-05  0.38405895E-03  0.39121084E-03
 0.64490538E+02  0.41341677E-04  0.72616110E-05  0.38290970E-03  0.38989040E-03
 0.64581242E+02  0.41025667E-04  0.71812494E-05  0.38173640E-03  0.38858454E-03
 0.64671946E+02  0.40623178E-04  0.71030465E-05  0.38060347E-03  0.38729282E-03
 0.64762650E+02  0.40319849E-04  0.70268965E-05  0.37944780E-03  0.38601491E-03
 0.64853354E+02  0.39931664E-04  0.69527012E-05  0.37833100E-03  0.38475046E-03
 0.64944058E+02  0.39640240E-04  0.68803692E-05  0.37719269E-03  0.38349913E-03
 0.65034762E+02  0.39265559E-04  0.68098148E-05  0.37609181E-03  0.38226061E-03
 0.65125467E+02  0.39328688E-04  0.67409587E-05  0.37486032E-03  0.38103459E-03
 0.65216171E+02  0.38964211E-04  0.66737265E-05  0.37377716E-03  0.37982077E-03
 0.65306875E+02  0.38691785E-04  0.66080495E-05  0.37267443E-03  0.37861890E-03
 0.65397579E+02  0.38339422E-04  0.65438622E-05  0.37160659E-03  0.37742871E-03
 0.65488283E+02  0.37993175E-04  0.64811026E-05  0.37054602E-03  0.37624989E-03
 0.65578988E+02  0.37736021E-04  0.64197136E-05  0.36946726E-03  0.37508223E-03
 0.65669692E+02  0.37400921E-04  0.63596416E-05  0.36842158E-03  0.37392549E-03
 0.65760396E+02  0.37152834E-04  0.63008361E-05  0.36735860E-03  0.37277944E-03
 0.65851100E+02  0.36828301E-04  0.62432489E-05  0.36632753E-03  0.37164386E-03
 0.65941804E+02  0.36912461E-04  0.61868350E-05  0.36518402E-03  0.37051854E-03
 0.66032508E+02  0.36595593E-04  0.61315516E-05  0.36416892E-03  0.36940327E-03
 0.66123212E+02  0.36361684E-04  0.60773590E-05  0.36313790E-03  0.36829786E-03
 0.66213917E+02  0.36054390E-04  0.60242188E-05  0.36213679E-03  0.36720215E-03
 0.66304621E+02  0.35828165E-04  0.59720936E-05  0.36112044E-03  0.36611588E-03
 0.66395325E+02  0.35529964E-04  0.59209495E-05  0.36013296E-03  0.36503892E-03
 0.66486029E+02  0.35311012E-04  0.58707541E-05  0.35913096E-03  0.36397110E-03
 0.66576733E+02  0.35021468E-04  0.58214765E-05  0.35815687E-03  0.36291224E-03
 0.66667438E+02  0.34809405E-04  0.57730870E-05  0.35716889E-03  0.36186218E-03
 0.66758142E+02  0.34528110E-04  0.57255576E-05  0.35620790E-03  0.36082078E-03
 0.66848846E+02  0.34626178E-04  0.56788615E-05  0.35515008E-03  0.35978787E-03
 0.66939550E+02  0.34350610E-04  0.56329736E-05  0.35420324E-03  0.35876332E-03
 0.67030254E+02  0.34079109E-04  0.55878695E-05  0.35326254E-03  0.35774700E-03
 0.67120958E+02  0.33881058E-04  0.55435249E-05  0.35230915E-03  0.35673872E-03
 0.67211663E+02  0.33616922E-04  0.54999179E-05  0.35138080E-03  0.35573838E-03
 0.67302367E+02  0.33424650E-04  0.54570276E-05  0.35044030E-03  0.35474585E-03
 0.67393071E+02  0.33167555E-04  0.54148334E-05  0.34952405E-03  0.35376100E-03
 0.67483775E+02  0.32980784E-04  0.53733160E-05  0.34859615E-03  0.35278370E-03
 0.67574479E+02  0.32730421E-04  0.53324565E-05  0.34769175E-03  0.35181384E-03
 0.67665183E+02  0.32548892E-04  0.52922372E-05  0.34677616E-03  0.35085131E-03
 0.67755888E+02  0.32590737E-04  0.52526420E-05  0.34580974E-03  0.34989601E-03
 0.67846592E+02  0.32412195E-04  0.52136519E-05  0.34490712E-03  0.34894778E-03
 0.67937296E+02  0.32172536E-04  0.51752524E-05  0.34402670E-03  0.34800655E-03
 0.68028000E+02  0.31998804E-04  0.51374281E-05  0.34313581E-03  0.34707219E-03
