#   iter=  100   gam= 0.19991632E-01   kpref= 0.75749374E-03
     #   Energy           Spect        Spect(0)            SPKK         SPKK(0)
-0.40817000E+02  0.34585944E-05  0.34585944E-05 -0.34132074E-03 -0.34132074E-03
-0.40726296E+02  0.34714220E-05  0.34714220E-05 -0.34189833E-03 -0.34189833E-03
-0.40635592E+02  0.34843258E-05  0.34843258E-05 -0.34247806E-03 -0.34247806E-03
-0.40544887E+02  0.34973064E-05  0.34973064E-05 -0.34305995E-03 -0.34305995E-03
-0.40454183E+02  0.35103643E-05  0.35103643E-05 -0.34364401E-03 -0.34364401E-03
-0.40363479E+02  0.35235003E-05  0.35235003E-05 -0.34423025E-03 -0.34423025E-03
-0.40272775E+02  0.35367149E-05  0.35367149E-05 -0.34481869E-03 -0.34481869E-03
-0.40182071E+02  0.35500089E-05  0.35500089E-05 -0.34540934E-03 -0.34540934E-03
-0.40091367E+02  0.35633828E-05  0.35633828E-05 -0.34600220E-03 -0.34600220E-03
-0.40000662E+02  0.35768374E-05  0.35768374E-05 -0.34659731E-03 -0.34659731E-03
-0.39909958E+02  0.35903734E-05  0.35903734E-05 -0.34719466E-03 -0.34719466E-03
-0.39819254E+02  0.36039915E-05  0.36039915E-05 -0.34779427E-03 -0.34779427E-03
-0.39728550E+02  0.36176915E-05  0.36176915E-05 -0.34839612E-03 -0.34839612E-03
-0.39637846E+02  0.36314757E-05  0.36314757E-05 -0.34900031E-03 -0.34900031E-03
-0.39547142E+02  0.36453441E-05  0.36453441E-05 -0.34960679E-03 -0.34960679E-03
-0.39456437E+02  0.36592973E-05  0.36592973E-05 -0.35021559E-03 -0.35021559E-03
-0.39365733E+02  0.36733360E-05  0.36733360E-05 -0.35082673E-03 -0.35082673E-03
-0.39275029E+02  0.36874611E-05  0.36874611E-05 -0.35144021E-03 -0.35144021E-03
-0.39184325E+02  0.37016732E-05  0.37016732E-05 -0.35205605E-03 -0.35205605E-03
-0.39093621E+02  0.37159731E-05  0.37159731E-05 -0.35267427E-03 -0.35267427E-03
-0.39002917E+02  0.37303616E-05  0.37303616E-05 -0.35329488E-03 -0.35329488E-03
-0.38912212E+02  0.37448394E-05  0.37448394E-05 -0.35391789E-03 -0.35391789E-03
-0.38821508E+02  0.37594072E-05  0.37594072E-05 -0.35454332E-03 -0.35454332E-03
-0.38730804E+02  0.37740659E-05  0.37740659E-05 -0.35517119E-03 -0.35517119E-03
-0.38640100E+02  0.37888163E-05  0.37888163E-05 -0.35580151E-03 -0.35580151E-03
-0.38549396E+02  0.38036591E-05  0.38036591E-05 -0.35643429E-03 -0.35643429E-03
-0.38458692E+02  0.38185950E-05  0.38185950E-05 -0.35706955E-03 -0.35706955E-03
-0.38367987E+02  0.38336251E-05  0.38336251E-05 -0.35770731E-03 -0.35770731E-03
-0.38277283E+02  0.38487501E-05  0.38487501E-05 -0.35834759E-03 -0.35834759E-03
-0.38186579E+02  0.38639709E-05  0.38639709E-05 -0.35899039E-03 -0.35899039E-03
-0.38095875E+02  0.38792874E-05  0.38792874E-05 -0.35963569E-03 -0.35963569E-03
-0.38005171E+02  0.38947021E-05  0.38947021E-05 -0.36028360E-03 -0.36028360E-03
-0.37914467E+02  0.39102152E-05  0.39102152E-05 -0.36093408E-03 -0.36093408E-03
-0.37823762E+02  0.39258274E-05  0.39258274E-05 -0.36158716E-03 -0.36158716E-03
-0.37733058E+02  0.39415397E-05  0.39415397E-05 -0.36224284E-03 -0.36224284E-03
-0.37642354E+02  0.39573529E-05  0.39573529E-05 -0.36290115E-03 -0.36290115E-03
-0.37551650E+02  0.39732680E-05  0.39732680E-05 -0.36356211E-03 -0.36356211E-03
-0.37460946E+02  0.39892858E-05  0.39892858E-05 -0.36422572E-03 -0.36422572E-03
-0.37370242E+02  0.40054073E-05  0.40054073E-05 -0.36489202E-03 -0.36489202E-03
-0.37279537E+02  0.40216335E-05  0.40216335E-05 -0.36556101E-03 -0.36556101E-03
-0.37188833E+02  0.40379652E-05  0.40379652E-05 -0.36623271E-03 -0.36623271E-03
-0.37098129E+02  0.40544034E-05  0.40544034E-05 -0.36690714E-03 -0.36690714E-03
-0.37007425E+02  0.40709491E-05  0.40709491E-05 -0.36758431E-03 -0.36758431E-03
-0.36916721E+02  0.40876033E-05  0.40876033E-05 -0.36826426E-03 -0.36826426E-03
-0.36826017E+02  0.41043667E-05  0.41043667E-05 -0.36894698E-03 -0.36894698E-03
-0.36735312E+02  0.41212409E-05  0.41212409E-05 -0.36963251E-03 -0.36963251E-03
-0.36644608E+02  0.41382264E-05  0.41382264E-05 -0.37032086E-03 -0.37032086E-03
-0.36553904E+02  0.41553245E-05  0.41553245E-05 -0.37101205E-03 -0.37101205E-03
-0.36463200E+02  0.41725352E-05  0.41725352E-05 -0.37170606E-03 -0.37170606E-03
-0.36372496E+02  0.41898614E-05  0.41898614E-05 -0.37240298E-03 -0.37240298E-03
-0.36281792E+02  0.42073033E-05  0.42073033E-05 -0.37310280E-03 -0.37310280E-03
-0.36191087E+02  0.42248619E-05  0.42248619E-05 -0.37380554E-03 -0.37380554E-03
-0.36100383E+02  0.42425384E-05  0.42425384E-05 -0.37451121E-03 -0.37451121E-03
-0.36009679E+02  0.42603338E-05  0.42603338E-05 -0.37521984E-03 -0.37521984E-03
-0.35918975E+02  0.42782492E-05  0.42782492E-05 -0.37593144E-03 -0.37593144E-03
-0.35828271E+02  0.42962858E-05  0.42962858E-05 -0.37664604E-03 -0.37664604E-03
-0.35737567E+02  0.43144446E-05  0.43144446E-05 -0.37736366E-03 -0.37736366E-03
-0.35646862E+02  0.43327270E-05  0.43327270E-05 -0.37808430E-03 -0.37808430E-03
-0.35556158E+02  0.43511340E-05  0.43511340E-05 -0.37880801E-03 -0.37880801E-03
-0.35465454E+02  0.43696668E-05  0.43696668E-05 -0.37953479E-03 -0.37953479E-03
-0.35374750E+02  0.43883267E-05  0.43883267E-05 -0.38026467E-03 -0.38026467E-03
-0.35284046E+02  0.44071148E-05  0.44071148E-05 -0.38099767E-03 -0.38099767E-03
-0.35193342E+02  0.44260321E-05  0.44260321E-05 -0.38173381E-03 -0.38173381E-03
-0.35102638E+02  0.44450803E-05  0.44450803E-05 -0.38247311E-03 -0.38247311E-03
-0.35011933E+02  0.44642605E-05  0.44642605E-05 -0.38321560E-03 -0.38321560E-03
-0.34921229E+02  0.44835729E-05  0.44835729E-05 -0.38396125E-03 -0.38396125E-03
-0.34830525E+02  0.45030209E-05  0.45030209E-05 -0.38471017E-03 -0.38471017E-03
-0.34739821E+02  0.45226047E-05  0.45226047E-05 -0.38546234E-03 -0.38546234E-03
-0.34649117E+02  0.45423257E-05  0.45423257E-05 -0.38621779E-03 -0.38621779E-03
-0.34558413E+02  0.45621853E-05  0.45621853E-05 -0.38697654E-03 -0.38697654E-03
-0.34467708E+02  0.45821846E-05  0.45821846E-05 -0.38773861E-03 -0.38773861E-03
-0.34377004E+02  0.46023252E-05  0.46023252E-05 -0.38850402E-03 -0.38850402E-03
-0.34286300E+02  0.46226084E-05  0.46226084E-05 -0.38927279E-03 -0.38927279E-03
-0.34195596E+02  0.46430357E-05  0.46430357E-05 -0.39004496E-03 -0.39004496E-03
-0.34104892E+02  0.46636084E-05  0.46636084E-05 -0.39082054E-03 -0.39082054E-03
-0.34014187E+02  0.46843280E-05  0.46843280E-05 -0.39159957E-03 -0.39159957E-03
-0.33923483E+02  0.47051960E-05  0.47051960E-05 -0.39238205E-03 -0.39238205E-03
-0.33832779E+02  0.47262138E-05  0.47262138E-05 -0.39316803E-03 -0.39316803E-03
-0.33742075E+02  0.47473830E-05  0.47473830E-05 -0.39395752E-03 -0.39395752E-03
-0.33651371E+02  0.47687047E-05  0.47687047E-05 -0.39475054E-03 -0.39475054E-03
-0.33560667E+02  0.47901812E-05  0.47901812E-05 -0.39554713E-03 -0.39554713E-03
-0.33469962E+02  0.48118136E-05  0.48118136E-05 -0.39634732E-03 -0.39634732E-03
-0.33379258E+02  0.48336035E-05  0.48336035E-05 -0.39715112E-03 -0.39715112E-03
-0.33288554E+02  0.48555514E-05  0.48555514E-05 -0.39795851E-03 -0.39795851E-03
-0.33197850E+02  0.48776613E-05  0.48776613E-05 -0.39876963E-03 -0.39876963E-03
-0.33107146E+02  0.48999336E-05  0.48999336E-05 -0.39958444E-03 -0.39958444E-03
-0.33016442E+02  0.49223700E-05  0.49223700E-05 -0.40040298E-03 -0.40040298E-03
-0.32925737E+02  0.49449721E-05  0.49449721E-05 -0.40122526E-03 -0.40122526E-03
-0.32835033E+02  0.49677417E-05  0.49677417E-05 -0.40205133E-03 -0.40205133E-03
-0.32744329E+02  0.49906805E-05  0.49906805E-05 -0.40288120E-03 -0.40288120E-03
-0.32653625E+02  0.50137903E-05  0.50137903E-05 -0.40371491E-03 -0.40371491E-03
-0.32562921E+02  0.50370728E-05  0.50370728E-05 -0.40455248E-03 -0.40455248E-03
-0.32472217E+02  0.50605298E-05  0.50605298E-05 -0.40539394E-03 -0.40539394E-03
-0.32381512E+02  0.50841632E-05  0.50841632E-05 -0.40623933E-03 -0.40623933E-03
-0.32290808E+02  0.51079748E-05  0.51079748E-05 -0.40708867E-03 -0.40708867E-03
-0.32200104E+02  0.51319665E-05  0.51319665E-05 -0.40794199E-03 -0.40794199E-03
-0.32109400E+02  0.51561402E-05  0.51561402E-05 -0.40879932E-03 -0.40879932E-03
-0.32018696E+02  0.51804974E-05  0.51804974E-05 -0.40966069E-03 -0.40966069E-03
-0.31927992E+02  0.52050409E-05  0.52050409E-05 -0.41052614E-03 -0.41052614E-03
-0.31837287E+02  0.52297721E-05  0.52297721E-05 -0.41139568E-03 -0.41139568E-03
-0.31746583E+02  0.52546933E-05  0.52546933E-05 -0.41226937E-03 -0.41226937E-03
-0.31655879E+02  0.52798050E-05  0.52798050E-05 -0.41314717E-03 -0.41314717E-03
-0.31565175E+02  0.53051119E-05  0.53051119E-05 -0.41402922E-03 -0.41402922E-03
-0.31474471E+02  0.53306149E-05  0.53306149E-05 -0.41491551E-03 -0.41491551E-03
-0.31383767E+02  0.53563161E-05  0.53563161E-05 -0.41580605E-03 -0.41580605E-03
-0.31293062E+02  0.53822176E-05  0.53822176E-05 -0.41670090E-03 -0.41670090E-03
-0.31202358E+02  0.54083215E-05  0.54083215E-05 -0.41760008E-03 -0.41760008E-03
-0.31111654E+02  0.54346301E-05  0.54346301E-05 -0.41850362E-03 -0.41850362E-03
-0.31020950E+02  0.54611457E-05  0.54611457E-05 -0.41941156E-03 -0.41941156E-03
-0.30930246E+02  0.54878705E-05  0.54878705E-05 -0.42032394E-03 -0.42032394E-03
-0.30839542E+02  0.55148068E-05  0.55148068E-05 -0.42124078E-03 -0.42124078E-03
-0.30748837E+02  0.55419569E-05  0.55419569E-05 -0.42216213E-03 -0.42216213E-03
-0.30658133E+02  0.55693232E-05  0.55693232E-05 -0.42308802E-03 -0.42308802E-03
-0.30567429E+02  0.55969082E-05  0.55969082E-05 -0.42401848E-03 -0.42401848E-03
-0.30476725E+02  0.56247141E-05  0.56247141E-05 -0.42495356E-03 -0.42495356E-03
-0.30386021E+02  0.56527432E-05  0.56527432E-05 -0.42589328E-03 -0.42589328E-03
-0.30295317E+02  0.56809988E-05  0.56809988E-05 -0.42683770E-03 -0.42683770E-03
-0.30204612E+02  0.57094829E-05  0.57094829E-05 -0.42778683E-03 -0.42778683E-03
-0.30113908E+02  0.57381981E-05  0.57381981E-05 -0.42874074E-03 -0.42874074E-03
-0.30023204E+02  0.57671456E-05  0.57671456E-05 -0.42969939E-03 -0.42969939E-03
-0.29932500E+02  0.57963311E-05  0.57963311E-05 -0.43066293E-03 -0.43066293E-03
-0.29841796E+02  0.58257557E-05  0.58257557E-05 -0.43163136E-03 -0.43163136E-03
-0.29751092E+02  0.58554222E-05  0.58554222E-05 -0.43260471E-03 -0.43260471E-03
-0.29660387E+02  0.58853333E-05  0.58853333E-05 -0.43358302E-03 -0.43358302E-03
-0.29569683E+02  0.59154918E-05  0.59154918E-05 -0.43456633E-03 -0.43456633E-03
-0.29478979E+02  0.59459007E-05  0.59459007E-05 -0.43555468E-03 -0.43555468E-03
-0.29388275E+02  0.59765628E-05  0.59765628E-05 -0.43654812E-03 -0.43654812E-03
-0.29297571E+02  0.60074810E-05  0.60074810E-05 -0.43754669E-03 -0.43754669E-03
-0.29206867E+02  0.60386584E-05  0.60386584E-05 -0.43855043E-03 -0.43855043E-03
-0.29116162E+02  0.60700980E-05  0.60700980E-05 -0.43955939E-03 -0.43955939E-03
-0.29025458E+02  0.61018028E-05  0.61018028E-05 -0.44057360E-03 -0.44057360E-03
-0.28934754E+02  0.61337759E-05  0.61337759E-05 -0.44159311E-03 -0.44159311E-03
-0.28844050E+02  0.61660207E-05  0.61660207E-05 -0.44261797E-03 -0.44261797E-03
-0.28753346E+02  0.61985396E-05  0.61985396E-05 -0.44364822E-03 -0.44364822E-03
-0.28662642E+02  0.62313372E-05  0.62313372E-05 -0.44468391E-03 -0.44468391E-03
-0.28571937E+02  0.62644160E-05  0.62644160E-05 -0.44572508E-03 -0.44572508E-03
-0.28481233E+02  0.62977796E-05  0.62977796E-05 -0.44677179E-03 -0.44677179E-03
-0.28390529E+02  0.63314295E-05  0.63314295E-05 -0.44782402E-03 -0.44782402E-03
-0.28299825E+02  0.63653729E-05  0.63653729E-05 -0.44888194E-03 -0.44888194E-03
-0.28209121E+02  0.63996114E-05  0.63996114E-05 -0.44994553E-03 -0.44994553E-03
-0.28118417E+02  0.64341486E-05  0.64341486E-05 -0.45101485E-03 -0.45101485E-03
-0.28027712E+02  0.64689882E-05  0.64689882E-05 -0.45208995E-03 -0.45208995E-03
-0.27937008E+02  0.65041339E-05  0.65041339E-05 -0.45317088E-03 -0.45317088E-03
-0.27846304E+02  0.65395893E-05  0.65395893E-05 -0.45425768E-03 -0.45425768E-03
-0.27755600E+02  0.65753585E-05  0.65753585E-05 -0.45535041E-03 -0.45535041E-03
-0.27664896E+02  0.66114451E-05  0.66114451E-05 -0.45644913E-03 -0.45644913E-03
-0.27574192E+02  0.66478532E-05  0.66478532E-05 -0.45755388E-03 -0.45755388E-03
-0.27483487E+02  0.66845867E-05  0.66845867E-05 -0.45866472E-03 -0.45866472E-03
-0.27392783E+02  0.67216497E-05  0.67216497E-05 -0.45978171E-03 -0.45978171E-03
-0.27302079E+02  0.67590463E-05  0.67590463E-05 -0.46090489E-03 -0.46090489E-03
-0.27211375E+02  0.67967808E-05  0.67967808E-05 -0.46203433E-03 -0.46203433E-03
-0.27120671E+02  0.68348567E-05  0.68348567E-05 -0.46317007E-03 -0.46317007E-03
-0.27029967E+02  0.68732797E-05  0.68732797E-05 -0.46431219E-03 -0.46431219E-03
-0.26939262E+02  0.69120533E-05  0.69120533E-05 -0.46546073E-03 -0.46546073E-03
-0.26848558E+02  0.69511823E-05  0.69511823E-05 -0.46661577E-03 -0.46661577E-03
-0.26757854E+02  0.69906692E-05  0.69906692E-05 -0.46777727E-03 -0.46777727E-03
-0.26667150E+02  0.70305225E-05  0.70305225E-05 -0.46894546E-03 -0.46894546E-03
-0.26576446E+02  0.70707449E-05  0.70707449E-05 -0.47012030E-03 -0.47012030E-03
-0.26485742E+02  0.71113413E-05  0.71113413E-05 -0.47130188E-03 -0.47130188E-03
-0.26395037E+02  0.71523165E-05  0.71523165E-05 -0.47249025E-03 -0.47249025E-03
-0.26304333E+02  0.71936754E-05  0.71936754E-05 -0.47368547E-03 -0.47368547E-03
-0.26213629E+02  0.72354230E-05  0.72354230E-05 -0.47488761E-03 -0.47488761E-03
-0.26122925E+02  0.72775644E-05  0.72775644E-05 -0.47609673E-03 -0.47609673E-03
-0.26032221E+02  0.73201048E-05  0.73201048E-05 -0.47731290E-03 -0.47731290E-03
-0.25941517E+02  0.73630496E-05  0.73630496E-05 -0.47853619E-03 -0.47853619E-03
-0.25850812E+02  0.74064040E-05  0.74064040E-05 -0.47976666E-03 -0.47976666E-03
-0.25760108E+02  0.74501735E-05  0.74501735E-05 -0.48100438E-03 -0.48100438E-03
-0.25669404E+02  0.74943637E-05  0.74943637E-05 -0.48224943E-03 -0.48224943E-03
-0.25578700E+02  0.75389791E-05  0.75389791E-05 -0.48350183E-03 -0.48350183E-03
-0.25487996E+02  0.75840269E-05  0.75840269E-05 -0.48476171E-03 -0.48476171E-03
-0.25397292E+02  0.76295133E-05  0.76295133E-05 -0.48602915E-03 -0.48602915E-03
-0.25306587E+02  0.76754435E-05  0.76754435E-05 -0.48730419E-03 -0.48730419E-03
-0.25215883E+02  0.77218236E-05  0.77218236E-05 -0.48858692E-03 -0.48858692E-03
-0.25125179E+02  0.77686598E-05  0.77686598E-05 -0.48987741E-03 -0.48987741E-03
-0.25034475E+02  0.78159584E-05  0.78159584E-05 -0.49117573E-03 -0.49117573E-03
-0.24943771E+02  0.78637256E-05  0.78637256E-05 -0.49248197E-03 -0.49248197E-03
-0.24853067E+02  0.79119679E-05  0.79119679E-05 -0.49379620E-03 -0.49379620E-03
-0.24762362E+02  0.79606908E-05  0.79606908E-05 -0.49511845E-03 -0.49511845E-03
-0.24671658E+02  0.80099034E-05  0.80099034E-05 -0.49644890E-03 -0.49644890E-03
-0.24580954E+02  0.80596113E-05  0.80596113E-05 -0.49778758E-03 -0.49778758E-03
-0.24490250E+02  0.81098215E-05  0.81098215E-05 -0.49913458E-03 -0.49913458E-03
-0.24399546E+02  0.81605410E-05  0.81605410E-05 -0.50048998E-03 -0.50048998E-03
-0.24308842E+02  0.82117772E-05  0.82117772E-05 -0.50185386E-03 -0.50185386E-03
-0.24218137E+02  0.82635372E-05  0.82635372E-05 -0.50322631E-03 -0.50322631E-03
-0.24127433E+02  0.83158287E-05  0.83158287E-05 -0.50460742E-03 -0.50460742E-03
-0.24036729E+02  0.83686593E-05  0.83686593E-05 -0.50599728E-03 -0.50599728E-03
-0.23946025E+02  0.84220343E-05  0.84220343E-05 -0.50739593E-03 -0.50739593E-03
-0.23855321E+02  0.84759663E-05  0.84759663E-05 -0.50880356E-03 -0.50880356E-03
-0.23764617E+02  0.85304610E-05  0.85304610E-05 -0.51022021E-03 -0.51022021E-03
-0.23673912E+02  0.85855264E-05  0.85855264E-05 -0.51164598E-03 -0.51164598E-03
-0.23583208E+02  0.86411714E-05  0.86411714E-05 -0.51308096E-03 -0.51308096E-03
-0.23492504E+02  0.86974041E-05  0.86974041E-05 -0.51452525E-03 -0.51452525E-03
-0.23401800E+02  0.87542334E-05  0.87542334E-05 -0.51597895E-03 -0.51597895E-03
-0.23311096E+02  0.88116679E-05  0.88116679E-05 -0.51744216E-03 -0.51744216E-03
-0.23220392E+02  0.88697167E-05  0.88697167E-05 -0.51891498E-03 -0.51891498E-03
-0.23129687E+02  0.89283876E-05  0.89283876E-05 -0.52039746E-03 -0.52039746E-03
-0.23038983E+02  0.89876927E-05  0.89876927E-05 -0.52188981E-03 -0.52188981E-03
-0.22948279E+02  0.90476403E-05  0.90476403E-05 -0.52339208E-03 -0.52339208E-03
-0.22857575E+02  0.91082399E-05  0.91082399E-05 -0.52490437E-03 -0.52490437E-03
-0.22766871E+02  0.91695015E-05  0.91695015E-05 -0.52642681E-03 -0.52642681E-03
-0.22676167E+02  0.92314351E-05  0.92314351E-05 -0.52795950E-03 -0.52795950E-03
-0.22585462E+02  0.92940512E-05  0.92940512E-05 -0.52950255E-03 -0.52950255E-03
-0.22494758E+02  0.93573601E-05  0.93573601E-05 -0.53105608E-03 -0.53105608E-03
-0.22404054E+02  0.94213726E-05  0.94213726E-05 -0.53262020E-03 -0.53262020E-03
-0.22313350E+02  0.94860969E-05  0.94860969E-05 -0.53419496E-03 -0.53419496E-03
-0.22222646E+02  0.95515495E-05  0.95515495E-05 -0.53578062E-03 -0.53578062E-03
-0.22131942E+02  0.96177389E-05  0.96177389E-05 -0.53737723E-03 -0.53737723E-03
-0.22041237E+02  0.96846771E-05  0.96846771E-05 -0.53898492E-03 -0.53898492E-03
-0.21950533E+02  0.97523757E-05  0.97523757E-05 -0.54060380E-03 -0.54060380E-03
-0.21859829E+02  0.98208467E-05  0.98208467E-05 -0.54223402E-03 -0.54223402E-03
-0.21769125E+02  0.98901026E-05  0.98901026E-05 -0.54387569E-03 -0.54387569E-03
-0.21678421E+02  0.99601557E-05  0.99601557E-05 -0.54552895E-03 -0.54552895E-03
-0.21587717E+02  0.10031019E-04  0.10031019E-04 -0.54719393E-03 -0.54719393E-03
-0.21497012E+02  0.10102704E-04  0.10102704E-04 -0.54887072E-03 -0.54887072E-03
-0.21406308E+02  0.10175227E-04  0.10175227E-04 -0.55055956E-03 -0.55055956E-03
-0.21315604E+02  0.10248600E-04  0.10248600E-04 -0.55226053E-03 -0.55226053E-03
-0.21224900E+02  0.10322838E-04  0.10322838E-04 -0.55397377E-03 -0.55397377E-03
-0.21134196E+02  0.10397953E-04  0.10397953E-04 -0.55569944E-03 -0.55569944E-03
-0.21043492E+02  0.10473962E-04  0.10473962E-04 -0.55743768E-03 -0.55743768E-03
-0.20952787E+02  0.10550878E-04  0.10550878E-04 -0.55918864E-03 -0.55918864E-03
-0.20862083E+02  0.10628717E-04  0.10628717E-04 -0.56095247E-03 -0.56095247E-03
-0.20771379E+02  0.10707492E-04  0.10707492E-04 -0.56272927E-03 -0.56272927E-03
-0.20680675E+02  0.10787222E-04  0.10787222E-04 -0.56451928E-03 -0.56451928E-03
-0.20589971E+02  0.10867924E-04  0.10867924E-04 -0.56632266E-03 -0.56632266E-03
-0.20499267E+02  0.10949611E-04  0.10949611E-04 -0.56813954E-03 -0.56813954E-03
-0.20408562E+02  0.11032303E-04  0.11032303E-04 -0.56997009E-03 -0.56997009E-03
-0.20317858E+02  0.11116015E-04  0.11116015E-04 -0.57181448E-03 -0.57181448E-03
-0.20227154E+02  0.11200766E-04  0.11200766E-04 -0.57367288E-03 -0.57367288E-03
-0.20136450E+02  0.11286572E-04  0.11286572E-04 -0.57554546E-03 -0.57554546E-03
-0.20045746E+02  0.11373454E-04  0.11373454E-04 -0.57743240E-03 -0.57743240E-03
-0.19955042E+02  0.11461426E-04  0.11461426E-04 -0.57933383E-03 -0.57933383E-03
-0.19864337E+02  0.11550514E-04  0.11550514E-04 -0.58125003E-03 -0.58125003E-03
-0.19773633E+02  0.11640733E-04  0.11640733E-04 -0.58318114E-03 -0.58318114E-03
-0.19682929E+02  0.11732105E-04  0.11732105E-04 -0.58512734E-03 -0.58512734E-03
-0.19592225E+02  0.11824650E-04  0.11824650E-04 -0.58708884E-03 -0.58708884E-03
-0.19501521E+02  0.11918389E-04  0.11918389E-04 -0.58906583E-03 -0.58906583E-03
-0.19410817E+02  0.12013343E-04  0.12013343E-04 -0.59105850E-03 -0.59105850E-03
-0.19320112E+02  0.12109534E-04  0.12109534E-04 -0.59306706E-03 -0.59306706E-03
-0.19229408E+02  0.12206986E-04  0.12206986E-04 -0.59509173E-03 -0.59509173E-03
-0.19138704E+02  0.12305718E-04  0.12305718E-04 -0.59713264E-03 -0.59713264E-03
-0.19048000E+02  0.12405757E-04  0.12405757E-04 -0.59919010E-03 -0.59919010E-03
-0.18957296E+02  0.12507129E-04  0.12507129E-04 -0.60126434E-03 -0.60126434E-03
-0.18866592E+02  0.12609855E-04  0.12609855E-04 -0.60335553E-03 -0.60335553E-03
-0.18775887E+02  0.12713962E-04  0.12713962E-04 -0.60546392E-03 -0.60546392E-03
-0.18685183E+02  0.12819477E-04  0.12819477E-04 -0.60758974E-03 -0.60758974E-03
-0.18594479E+02  0.12926424E-04  0.12926424E-04 -0.60973321E-03 -0.60973321E-03
-0.18503775E+02  0.13034831E-04  0.13034831E-04 -0.61189458E-03 -0.61189458E-03
-0.18413071E+02  0.13144726E-04  0.13144726E-04 -0.61407409E-03 -0.61407409E-03
-0.18322367E+02  0.13256136E-04  0.13256136E-04 -0.61627194E-03 -0.61627194E-03
-0.18231662E+02  0.13369093E-04  0.13369093E-04 -0.61848849E-03 -0.61848849E-03
-0.18140958E+02  0.13483626E-04  0.13483626E-04 -0.62072394E-03 -0.62072394E-03
-0.18050254E+02  0.13599766E-04  0.13599766E-04 -0.62297857E-03 -0.62297857E-03
-0.17959550E+02  0.13717544E-04  0.13717544E-04 -0.62525263E-03 -0.62525263E-03
-0.17868846E+02  0.13836991E-04  0.13836991E-04 -0.62754640E-03 -0.62754640E-03
-0.17778142E+02  0.13958142E-04  0.13958142E-04 -0.62986016E-03 -0.62986016E-03
-0.17687437E+02  0.14081029E-04  0.14081029E-04 -0.63219420E-03 -0.63219420E-03
-0.17596733E+02  0.14205688E-04  0.14205688E-04 -0.63454880E-03 -0.63454880E-03
-0.17506029E+02  0.14332152E-04  0.14332152E-04 -0.63692421E-03 -0.63692421E-03
-0.17415325E+02  0.14460460E-04  0.14460460E-04 -0.63932080E-03 -0.63932080E-03
-0.17324621E+02  0.14590652E-04  0.14590652E-04 -0.64173891E-03 -0.64173891E-03
-0.17233917E+02  0.14722763E-04  0.14722763E-04 -0.64417880E-03 -0.64417880E-03
-0.17143212E+02  0.14856834E-04  0.14856834E-04 -0.64664080E-03 -0.64664080E-03
-0.17052508E+02  0.14992905E-04  0.14992905E-04 -0.64912525E-03 -0.64912525E-03
-0.16961804E+02  0.15131017E-04  0.15131017E-04 -0.65163246E-03 -0.65163246E-03
-0.16871100E+02  0.15271214E-04  0.15271214E-04 -0.65416280E-03 -0.65416280E-03
-0.16780396E+02  0.15413540E-04  0.15413540E-04 -0.65671659E-03 -0.65671659E-03
-0.16689692E+02  0.15558035E-04  0.15558035E-04 -0.65929414E-03 -0.65929414E-03
-0.16598987E+02  0.15704753E-04  0.15704753E-04 -0.66189594E-03 -0.66189594E-03
-0.16508283E+02  0.15853738E-04  0.15853738E-04 -0.66452229E-03 -0.66452229E-03
-0.16417579E+02  0.16005039E-04  0.16005039E-04 -0.66717358E-03 -0.66717358E-03
-0.16326875E+02  0.16158706E-04  0.16158706E-04 -0.66985019E-03 -0.66985019E-03
-0.16236171E+02  0.16314792E-04  0.16314792E-04 -0.67255252E-03 -0.67255252E-03
-0.16145467E+02  0.16473348E-04  0.16473348E-04 -0.67528097E-03 -0.67528097E-03
-0.16054762E+02  0.16634430E-04  0.16634430E-04 -0.67803595E-03 -0.67803595E-03
-0.15964058E+02  0.16798093E-04  0.16798093E-04 -0.68081790E-03 -0.68081790E-03
-0.15873354E+02  0.16964393E-04  0.16964393E-04 -0.68362716E-03 -0.68362716E-03
-0.15782650E+02  0.17133391E-04  0.17133391E-04 -0.68646428E-03 -0.68646428E-03
-0.15691946E+02  0.17305152E-04  0.17305152E-04 -0.68932973E-03 -0.68932973E-03
-0.15601242E+02  0.17479735E-04  0.17479735E-04 -0.69222392E-03 -0.69222392E-03
-0.15510537E+02  0.17657206E-04  0.17657206E-04 -0.69514733E-03 -0.69514733E-03
-0.15419833E+02  0.17837632E-04  0.17837632E-04 -0.69810044E-03 -0.69810044E-03
-0.15329129E+02  0.18021080E-04  0.18021080E-04 -0.70108375E-03 -0.70108375E-03
-0.15238425E+02  0.18207621E-04  0.18207621E-04 -0.70409776E-03 -0.70409776E-03
-0.15147721E+02  0.18397328E-04  0.18397328E-04 -0.70714299E-03 -0.70714299E-03
-0.15057017E+02  0.18590272E-04  0.18590272E-04 -0.71021988E-03 -0.71021988E-03
-0.14966312E+02  0.18786538E-04  0.18786538E-04 -0.71332915E-03 -0.71332915E-03
-0.14875608E+02  0.18986203E-04  0.18986203E-04 -0.71647125E-03 -0.71647125E-03
-0.14784904E+02  0.19189347E-04  0.19189347E-04 -0.71964678E-03 -0.71964678E-03
-0.14694200E+02  0.19396055E-04  0.19396055E-04 -0.72285629E-03 -0.72285629E-03
-0.14603496E+02  0.19606413E-04  0.19606413E-04 -0.72610038E-03 -0.72610038E-03
-0.14512792E+02  0.19820514E-04  0.19820514E-04 -0.72937969E-03 -0.72937969E-03
-0.14422087E+02  0.20038451E-04  0.20038451E-04 -0.73269483E-03 -0.73269483E-03
-0.14331383E+02  0.20260317E-04  0.20260317E-04 -0.73604643E-03 -0.73604643E-03
-0.14240679E+02  0.20486208E-04  0.20486208E-04 -0.73943508E-03 -0.73943508E-03
-0.14149975E+02  0.20716234E-04  0.20716234E-04 -0.74286161E-03 -0.74286161E-03
-0.14059271E+02  0.20950498E-04  0.20950498E-04 -0.74632664E-03 -0.74632664E-03
-0.13968567E+02  0.21189105E-04  0.21189105E-04 -0.74983085E-03 -0.74983085E-03
-0.13877862E+02  0.21432171E-04  0.21432171E-04 -0.75337500E-03 -0.75337500E-03
-0.13787158E+02  0.21679809E-04  0.21679809E-04 -0.75695978E-03 -0.75695978E-03
-0.13696454E+02  0.21932143E-04  0.21932143E-04 -0.76058604E-03 -0.76058604E-03
-0.13605750E+02  0.22189295E-04  0.22189295E-04 -0.76425451E-03 -0.76425451E-03
-0.13515046E+02  0.22451394E-04  0.22451394E-04 -0.76796601E-03 -0.76796601E-03
-0.13424342E+02  0.22718566E-04  0.22718566E-04 -0.77172127E-03 -0.77172127E-03
-0.13333637E+02  0.22990960E-04  0.22990960E-04 -0.77552132E-03 -0.77552132E-03
-0.13242933E+02  0.23268713E-04  0.23268713E-04 -0.77936694E-03 -0.77936694E-03
-0.13152229E+02  0.23551972E-04  0.23551972E-04 -0.78325904E-03 -0.78325904E-03
-0.13061525E+02  0.23840888E-04  0.23840888E-04 -0.78719852E-03 -0.78719852E-03
-0.12970821E+02  0.24135616E-04  0.24135616E-04 -0.79118630E-03 -0.79118630E-03
-0.12880117E+02  0.24436326E-04  0.24436326E-04 -0.79522342E-03 -0.79522342E-03
-0.12789412E+02  0.24743184E-04  0.24743184E-04 -0.79931084E-03 -0.79931084E-03
-0.12698708E+02  0.25056365E-04  0.25056365E-04 -0.80344960E-03 -0.80344960E-03
-0.12608004E+02  0.25376045E-04  0.25376045E-04 -0.80764063E-03 -0.80764063E-03
-0.12517300E+02  0.25702424E-04  0.25702424E-04 -0.81188525E-03 -0.81188525E-03
-0.12426596E+02  0.26035692E-04  0.26035692E-04 -0.81618445E-03 -0.81618445E-03
-0.12335892E+02  0.26376049E-04  0.26376049E-04 -0.82053938E-03 -0.82053938E-03
-0.12245187E+02  0.26723711E-04  0.26723711E-04 -0.82495125E-03 -0.82495125E-03
-0.12154483E+02  0.27078891E-04  0.27078891E-04 -0.82942123E-03 -0.82942123E-03
-0.12063779E+02  0.27441822E-04  0.27441822E-04 -0.83395065E-03 -0.83395065E-03
-0.11973075E+02  0.27812734E-04  0.27812734E-04 -0.83854075E-03 -0.83854075E-03
-0.11882371E+02  0.28191876E-04  0.28191876E-04 -0.84319288E-03 -0.84319288E-03
-0.11791667E+02  0.28579494E-04  0.28579494E-04 -0.84790830E-03 -0.84790830E-03
-0.11700962E+02  0.28975867E-04  0.28975867E-04 -0.85268865E-03 -0.85268865E-03
-0.11610258E+02  0.29381264E-04  0.29381264E-04 -0.85753527E-03 -0.85753527E-03
-0.11519554E+02  0.29795971E-04  0.29795971E-04 -0.86244966E-03 -0.86244966E-03
-0.11428850E+02  0.30220287E-04  0.30220287E-04 -0.86743340E-03 -0.86743340E-03
-0.11338146E+02  0.30654517E-04  0.30654517E-04 -0.87248801E-03 -0.87248801E-03
-0.11247442E+02  0.31098994E-04  0.31098994E-04 -0.87761527E-03 -0.87761527E-03
-0.11156737E+02  0.31554050E-04  0.31554050E-04 -0.88281681E-03 -0.88281681E-03
-0.11066033E+02  0.32020038E-04  0.32020038E-04 -0.88809441E-03 -0.88809441E-03
-0.10975329E+02  0.32497316E-04  0.32497316E-04 -0.89344978E-03 -0.89344978E-03
-0.10884625E+02  0.32986282E-04  0.32986282E-04 -0.89888503E-03 -0.89888503E-03
-0.10793921E+02  0.33487328E-04  0.33487328E-04 -0.90440200E-03 -0.90440200E-03
-0.10703217E+02  0.34000869E-04  0.34000869E-04 -0.91000268E-03 -0.91000268E-03
-0.10612512E+02  0.34527341E-04  0.34527341E-04 -0.91568917E-03 -0.91568917E-03
-0.10521808E+02  0.35067192E-04  0.35067192E-04 -0.92146357E-03 -0.92146357E-03
-0.10431104E+02  0.35620910E-04  0.35620910E-04 -0.92732820E-03 -0.92732820E-03
-0.10340400E+02  0.36188982E-04  0.36188982E-04 -0.93328531E-03 -0.93328531E-03
-0.10249696E+02  0.36771922E-04  0.36771922E-04 -0.93933717E-03 -0.93933717E-03
-0.10158992E+02  0.37370295E-04  0.37370295E-04 -0.94548653E-03 -0.94548653E-03
-0.10068287E+02  0.37984659E-04  0.37984659E-04 -0.95173581E-03 -0.95173581E-03
-0.99775833E+01  0.38615610E-04  0.38615610E-04 -0.95808768E-03 -0.95808768E-03
-0.98868792E+01  0.39263775E-04  0.39263775E-04 -0.96454488E-03 -0.96454488E-03
-0.97961750E+01  0.39929801E-04  0.39929801E-04 -0.97111023E-03 -0.97111023E-03
-0.97054708E+01  0.40614393E-04  0.40614393E-04 -0.97778680E-03 -0.97778680E-03
-0.96147667E+01  0.41318264E-04  0.41318264E-04 -0.98457763E-03 -0.98457763E-03
-0.95240625E+01  0.42042171E-04  0.42042171E-04 -0.99148589E-03 -0.99148589E-03
-0.94333583E+01  0.42786903E-04  0.42786903E-04 -0.99851480E-03 -0.99851480E-03
-0.93426542E+01  0.43553323E-04  0.43553323E-04 -0.10056681E-02 -0.10056681E-02
-0.92519500E+01  0.44342298E-04  0.44342298E-04 -0.10129492E-02 -0.10129492E-02
-0.91612458E+01  0.45154757E-04  0.45154757E-04 -0.10203620E-02 -0.10203620E-02
-0.90705417E+01  0.45991676E-04  0.45991676E-04 -0.10279101E-02 -0.10279101E-02
-0.89798375E+01  0.46854076E-04  0.46854076E-04 -0.10355978E-02 -0.10355978E-02
-0.88891333E+01  0.47743062E-04  0.47743062E-04 -0.10434292E-02 -0.10434292E-02
-0.87984292E+01  0.48659769E-04  0.48659769E-04 -0.10514088E-02 -0.10514088E-02
-0.87077250E+01  0.49605403E-04  0.49605403E-04 -0.10595411E-02 -0.10595411E-02
-0.86170208E+01  0.50581231E-04  0.50581231E-04 -0.10678308E-02 -0.10678308E-02
-0.85263167E+01  0.51588635E-04  0.51588635E-04 -0.10762832E-02 -0.10762832E-02
-0.84356125E+01  0.52629025E-04  0.52629025E-04 -0.10849033E-02 -0.10849033E-02
-0.83449083E+01  0.53703914E-04  0.53703914E-04 -0.10936966E-02 -0.10936966E-02
-0.82542042E+01  0.54814902E-04  0.54814902E-04 -0.11026688E-02 -0.11026688E-02
-0.81635000E+01  0.55963674E-04  0.55963674E-04 -0.11118257E-02 -0.11118257E-02
-0.80727958E+01  0.57152057E-04  0.57152057E-04 -0.11211738E-02 -0.11211738E-02
-0.79820917E+01  0.58381949E-04  0.58381949E-04 -0.11307195E-02 -0.11307195E-02
-0.78913875E+01  0.59655376E-04  0.59655376E-04 -0.11404695E-02 -0.11404695E-02
-0.78006833E+01  0.60974486E-04  0.60974486E-04 -0.11504311E-02 -0.11504311E-02
-0.77099792E+01  0.62341616E-04  0.62341616E-04 -0.11606119E-02 -0.11606119E-02
-0.76192750E+01  0.63759191E-04  0.63759191E-04 -0.11710197E-02 -0.11710197E-02
-0.75285708E+01  0.65229823E-04  0.65229823E-04 -0.11816629E-02 -0.11816629E-02
-0.74378667E+01  0.66756295E-04  0.66756295E-04 -0.11925500E-02 -0.11925500E-02
-0.73471625E+01  0.68341562E-04  0.68341562E-04 -0.12036901E-02 -0.12036901E-02
-0.72564583E+01  0.69988841E-04  0.69988841E-04 -0.12150932E-02 -0.12150932E-02
-0.71657542E+01  0.71701507E-04  0.71701507E-04 -0.12267692E-02 -0.12267692E-02
-0.70750500E+01  0.73483220E-04  0.73483220E-04 -0.12387288E-02 -0.12387288E-02
-0.69843458E+01  0.75337844E-04  0.75337844E-04 -0.12509830E-02 -0.12509830E-02
-0.68936417E+01  0.77269642E-04  0.77269642E-04 -0.12635442E-02 -0.12635442E-02
-0.68029375E+01  0.79283085E-04  0.79283085E-04 -0.12764249E-02 -0.12764249E-02
-0.67122333E+01  0.81383029E-04  0.81383029E-04 -0.12896381E-02 -0.12896381E-02
-0.66215292E+01  0.83574681E-04  0.83574681E-04 -0.13031980E-02 -0.13031980E-02
-0.65308250E+01  0.85863660E-04  0.85863660E-04 -0.13171194E-02 -0.13171194E-02
-0.64401208E+01  0.88256097E-04  0.88256097E-04 -0.13314182E-02 -0.13314182E-02
-0.63494167E+01  0.90758524E-04  0.90758524E-04 -0.13461110E-02 -0.13461110E-02
-0.62587125E+01  0.93378087E-04  0.93378087E-04 -0.13612156E-02 -0.13612156E-02
-0.61680083E+01  0.96122446E-04  0.96122446E-04 -0.13767507E-02 -0.13767507E-02
-0.60773042E+01  0.99000059E-04  0.99000059E-04 -0.13927367E-02 -0.13927367E-02
-0.59866000E+01  0.10201999E-03  0.10201999E-03 -0.14091949E-02 -0.14091949E-02
-0.58958958E+01  0.10519217E-03  0.10519217E-03 -0.14261480E-02 -0.14261480E-02
-0.58051917E+01  0.10852740E-03  0.10852740E-03 -0.14436203E-02 -0.14436203E-02
-0.57144875E+01  0.11203747E-03  0.11203747E-03 -0.14616375E-02 -0.14616375E-02
-0.56237833E+01  0.11573539E-03  0.11573539E-03 -0.14802279E-02 -0.14802279E-02
-0.55330792E+01  0.11963528E-03  0.11963528E-03 -0.14994210E-02 -0.14994210E-02
-0.54423750E+01  0.12375276E-03  0.12375276E-03 -0.15192487E-02 -0.15192487E-02
-0.53516708E+01  0.12810488E-03  0.12810488E-03 -0.15397448E-02 -0.15397448E-02
-0.52609667E+01  0.13271066E-03  0.13271066E-03 -0.15609469E-02 -0.15609469E-02
-0.51702625E+01  0.13759093E-03  0.13759093E-03 -0.15828942E-02 -0.15828942E-02
-0.50795583E+01  0.14276882E-03  0.14276882E-03 -0.16056293E-02 -0.16056293E-02
-0.49888542E+01  0.14826997E-03  0.14826997E-03 -0.16291982E-02 -0.16291982E-02
-0.48981500E+01  0.15412292E-03  0.15412292E-03 -0.16536504E-02 -0.16536504E-02
-0.48074458E+01  0.16035962E-03  0.16035962E-03 -0.16790404E-02 -0.16790404E-02
-0.47167417E+01  0.16701560E-03  0.16701560E-03 -0.17054260E-02 -0.17054260E-02
-0.46260375E+01  0.17413085E-03  0.17413085E-03 -0.17328708E-02 -0.17328708E-02
-0.45353333E+01  0.18175015E-03  0.18175015E-03 -0.17614432E-02 -0.17614432E-02
-0.44446292E+01  0.18992431E-03  0.18992431E-03 -0.17912189E-02 -0.17912189E-02
-0.43539250E+01  0.19871052E-03  0.19871052E-03 -0.18222793E-02 -0.18222793E-02
-0.42632208E+01  0.20817378E-03  0.20817378E-03 -0.18547138E-02 -0.18547138E-02
-0.41725167E+01  0.21838811E-03  0.21838811E-03 -0.18886200E-02 -0.18886200E-02
-0.40818125E+01  0.22943800E-03  0.22943800E-03 -0.19241046E-02 -0.19241046E-02
-0.39911083E+01  0.24142073E-03  0.24142073E-03 -0.19612861E-02 -0.19612861E-02
-0.39004042E+01  0.25444784E-03  0.25444784E-03 -0.20002929E-02 -0.20002929E-02
-0.38097000E+01  0.26864874E-03  0.26864874E-03 -0.20412675E-02 -0.20412675E-02
-0.37189958E+01  0.28417328E-03  0.28417328E-03 -0.20843657E-02 -0.20843657E-02
-0.36282917E+01  0.30119694E-03  0.30119694E-03 -0.21297613E-02 -0.21297613E-02
-0.35375875E+01  0.31992495E-03  0.31992495E-03 -0.21776443E-02 -0.21776443E-02
-0.34468833E+01  0.34059925E-03  0.34059925E-03 -0.22282247E-02 -0.22282247E-02
-0.33561792E+01  0.36350654E-03  0.36350654E-03 -0.22817340E-02 -0.22817340E-02
-0.32654750E+01  0.38898809E-03  0.38898809E-03 -0.23384267E-02 -0.23384267E-02
-0.31747708E+01  0.41745356E-03  0.41745356E-03 -0.23985835E-02 -0.23985835E-02
-0.30840667E+01  0.44939566E-03  0.44939566E-03 -0.24625086E-02 -0.24625086E-02
-0.29933625E+01  0.48541298E-03  0.48541298E-03 -0.25305328E-02 -0.25305328E-02
-0.29026583E+01  0.52623506E-03  0.52623506E-03 -0.26030070E-02 -0.26030070E-02
-0.28119542E+01  0.57275963E-03  0.57275963E-03 -0.26803015E-02 -0.26803015E-02
-0.27212500E+01  0.62609555E-03  0.62609555E-03 -0.27627865E-02 -0.27627865E-02
-0.26305458E+01  0.68762223E-03  0.68762223E-03 -0.28508125E-02 -0.28508125E-02
-0.25398417E+01  0.75906539E-03  0.75906539E-03 -0.29446689E-02 -0.29446689E-02
-0.24491375E+01  0.84259220E-03  0.84259220E-03 -0.30445142E-02 -0.30445142E-02
-0.23584333E+01  0.94093406E-03  0.94093406E-03 -0.31502645E-02 -0.31502645E-02
-0.22677292E+01  0.10575245E-02  0.10575245E-02 -0.32613972E-02 -0.32613972E-02
-0.21770250E+01  0.11966591E-02  0.11966591E-02 -0.33766485E-02 -0.33766485E-02
-0.20863208E+01  0.13636180E-02  0.13636180E-02 -0.34935105E-02 -0.34935105E-02
-0.19956167E+01  0.15646846E-02  0.15646846E-02 -0.36074633E-02 -0.36074633E-02
-0.19049125E+01  0.18068292E-02  0.18068292E-02 -0.37108070E-02 -0.37108070E-02
-0.18142083E+01  0.20966658E-02  0.20966658E-02 -0.37910931E-02 -0.37910931E-02
-0.17235042E+01  0.24379795E-02  0.24379795E-02 -0.38293969E-02 -0.38293969E-02
-0.16328000E+01  0.28269177E-02  0.28269177E-02 -0.37995113E-02 -0.37995113E-02
-0.15420958E+01  0.32446328E-02  0.32446328E-02 -0.36706593E-02 -0.36706593E-02
-0.14513917E+01  0.36500996E-02  0.36500996E-02 -0.34176625E-02 -0.34176625E-02
-0.13606875E+01  0.39817051E-02  0.39817051E-02 -0.30398270E-02 -0.30398270E-02
-0.12699833E+01  0.41778374E-02  0.41778374E-02 -0.25784261E-02 -0.25784261E-02
-0.11792792E+01  0.42116034E-02  0.42116034E-02 -0.21112397E-02 -0.21112397E-02
-0.10885750E+01  0.41105107E-02  0.41105107E-02 -0.17169632E-02 -0.17169632E-02
-0.99787083E+00  0.39396295E-02  0.39396295E-02 -0.14373021E-02 -0.14373021E-02
-0.90716667E+00  0.37653857E-02  0.37653857E-02 -0.12676437E-02 -0.12676437E-02
-0.81646250E+00  0.36303369E-02  0.36303369E-02 -0.11737792E-02 -0.11737792E-02
-0.72575833E+00  0.35475174E-02  0.35475174E-02 -0.11142076E-02 -0.11142076E-02
-0.63505417E+00  0.35070749E-02  0.35070749E-02 -0.10566596E-02 -0.10566596E-02
-0.54435000E+00  0.34889469E-02  0.34889469E-02 -0.98653376E-03 -0.98653376E-03
-0.45364583E+00  0.34769366E-02  0.34769366E-02 -0.90533659E-03 -0.90533659E-03
-0.36294167E+00  0.34662176E-02  0.34662176E-02 -0.82002328E-03 -0.82002328E-03
-0.27223750E+00  0.34593659E-02  0.34593659E-02 -0.73243772E-03 -0.73243772E-03
-0.18153333E+00  0.34572857E-02  0.34572857E-02 -0.63792550E-03 -0.63792550E-03
-0.90829167E-01  0.34549709E-02  0.34549709E-02 -0.53133282E-03 -0.53133282E-03
-0.12500000E-03  0.34443180E-02  0.34443180E-02 -0.41220721E-03 -0.41220721E-03
 0.90579167E-01  0.34188717E-02  0.34188717E-02 -0.28469809E-03 -0.28469809E-03
 0.18128333E+00  0.33753026E-02  0.33753026E-02 -0.15438052E-03 -0.15438052E-03
 0.27198750E+00  0.33117522E-02  0.33117522E-02 -0.26833652E-04 -0.26833652E-04
 0.36269167E+00  0.32274198E-02  0.32274198E-02  0.90974205E-04  0.90974205E-04
 0.45339583E+00  0.31249306E-02  0.31249306E-02  0.19043541E-03  0.19043541E-03
 0.54410000E+00  0.30120958E-02  0.30120958E-02  0.26430765E-03  0.26430765E-03
 0.63480417E+00  0.29002708E-02  0.29002708E-02  0.31047559E-03  0.31047559E-03
 0.72550833E+00  0.28003505E-02  0.28003505E-02  0.33337287E-03  0.33337287E-03
 0.81621250E+00  0.27188221E-02  0.27188221E-02  0.34241392E-03  0.34241392E-03
 0.90691667E+00  0.26556912E-02  0.26556912E-02  0.34823384E-03  0.34823384E-03
 0.99762083E+00  0.26053564E-02  0.26053564E-02  0.35836813E-03  0.35836813E-03
 0.10883250E+01  0.25602975E-02  0.25602975E-02  0.37464684E-03  0.37464684E-03
 0.11790292E+01  0.25154551E-02  0.25154551E-02  0.39415015E-03  0.39415015E-03
 0.12697333E+01  0.24701051E-02  0.24701051E-02  0.41293521E-03  0.41293521E-03
 0.13604375E+01  0.24262158E-02  0.24262158E-02  0.42928481E-03  0.42928481E-03
 0.14511417E+01  0.23854624E-02  0.23854624E-02  0.44411953E-03  0.44411953E-03
 0.15418458E+01  0.23476437E-02  0.23476437E-02  0.45919256E-03  0.45919256E-03
 0.16325500E+01  0.23111463E-02  0.23111463E-02  0.47524388E-03  0.47524388E-03
 0.17232542E+01  0.22744219E-02  0.22744219E-02  0.49138561E-03  0.49138561E-03
 0.18139583E+01  0.22372360E-02  0.22372360E-02  0.50575929E-03  0.50575929E-03
 0.19046625E+01  0.22010892E-02  0.22010892E-02  0.51683106E-03  0.51683106E-03
 0.19953667E+01  0.21685980E-02  0.21685980E-02  0.52472822E-03  0.52472822E-03
 0.20860708E+01  0.21419441E-02  0.21419441E-02  0.53187171E-03  0.53187171E-03
 0.21767750E+01  0.21210414E-02  0.21210414E-02  0.54228071E-03  0.54228071E-03
 0.22674792E+01  0.21025277E-02  0.21025277E-02  0.55944199E-03  0.55944199E-03
 0.23581833E+01  0.20807350E-02  0.20807350E-02  0.58367100E-03  0.58367100E-03
 0.24488875E+01  0.20507131E-02  0.20507131E-02  0.61080836E-03  0.61080836E-03
 0.25395917E+01  0.20116449E-02  0.20116449E-02  0.63378268E-03  0.63378268E-03
 0.26302958E+01  0.19679764E-02  0.19679764E-02  0.64646697E-03  0.64646697E-03
 0.27210000E+01  0.19272932E-02  0.19272932E-02  0.64710591E-03  0.64710591E-03
 0.28117042E+01  0.18966067E-02  0.18966067E-02  0.63907555E-03  0.63907555E-03
 0.29024083E+01  0.18794921E-02  0.18794921E-02  0.62910084E-03  0.62910084E-03
 0.29931125E+01  0.18751532E-02  0.18751532E-02  0.62447754E-03  0.62447754E-03
 0.30838167E+01  0.18792220E-02  0.18792220E-02  0.63060104E-03  0.63060104E-03
 0.31745208E+01  0.18856683E-02  0.18856683E-02  0.64957034E-03  0.64957034E-03
 0.32652250E+01  0.18889810E-02  0.18889810E-02  0.68023542E-03  0.68023542E-03
 0.33559292E+01  0.18856738E-02  0.18856738E-02  0.71949490E-03  0.71949490E-03
 0.34466333E+01  0.18744951E-02  0.18744951E-02  0.76399793E-03  0.76399793E-03
 0.35373375E+01  0.18556208E-02  0.18556208E-02  0.81128556E-03  0.81128556E-03
 0.36280417E+01  0.18296081E-02  0.18296081E-02  0.86001340E-03  0.86001340E-03
 0.37187458E+01  0.17966951E-02  0.17966951E-02  0.90960624E-03  0.90960624E-03
 0.38094500E+01  0.17564813E-02  0.17564813E-02  0.95975324E-03  0.95975324E-03
 0.39001542E+01  0.17078581E-02  0.17078581E-02  0.10098458E-02  0.10098458E-02
 0.39908583E+01  0.16492534E-02  0.16492534E-02  0.10583586E-02  0.10583586E-02
 0.40815625E+01  0.15793557E-02  0.15793557E-02  0.11023675E-02  0.11023675E-02
 0.41722667E+01  0.14982365E-02  0.14982365E-02  0.11376997E-02  0.11376997E-02
 0.42629708E+01  0.14082045E-02  0.14082045E-02  0.11599787E-02  0.11599787E-02
 0.43536750E+01  0.13136911E-02  0.13136911E-02  0.11661281E-02  0.11661281E-02
 0.44443792E+01  0.12201118E-02  0.12201118E-02  0.11554070E-02  0.11554070E-02
 0.45350833E+01  0.11324113E-02  0.11324113E-02  0.11294206E-02  0.11294206E-02
 0.46257875E+01  0.10540881E-02  0.10540881E-02  0.10913140E-02  0.10913140E-02
 0.47164917E+01  0.98695300E-03  0.98695300E-03  0.10447665E-02  0.10447665E-02
 0.48071958E+01  0.93140479E-03  0.93140479E-03  0.99324418E-03  0.99324418E-03
 0.48979000E+01  0.88688470E-03  0.88688470E-03  0.93961942E-03  0.93961942E-03
 0.49886042E+01  0.85229625E-03  0.85229625E-03  0.88607877E-03  0.88607877E-03
 0.50793083E+01  0.82629478E-03  0.82629478E-03  0.83417530E-03  0.83417530E-03
 0.51700125E+01  0.80746073E-03  0.80746073E-03  0.78493039E-03  0.78493039E-03
 0.52607167E+01  0.79438968E-03  0.79438968E-03  0.73891443E-03  0.73891443E-03
 0.53514208E+01  0.78575155E-03  0.78575155E-03  0.69628484E-03  0.69628484E-03
 0.54421250E+01  0.78037588E-03  0.78037588E-03  0.65679339E-03  0.65679339E-03
 0.55328292E+01  0.77739393E-03  0.77739393E-03  0.61980740E-03  0.61980740E-03
 0.56235333E+01  0.77641847E-03  0.77641847E-03  0.58441976E-03  0.58441976E-03
 0.57142375E+01  0.77768540E-03  0.77768540E-03  0.54967925E-03  0.54967925E-03
 0.58049417E+01  0.78206812E-03  0.78206812E-03  0.51491567E-03  0.51491567E-03
 0.58956458E+01  0.79091131E-03  0.79091131E-03  0.48005533E-03  0.48005533E-03
 0.59863500E+01  0.80572315E-03  0.80572315E-03  0.44583619E-03  0.44583619E-03
 0.60770542E+01  0.82779920E-03  0.82779920E-03  0.41387378E-03  0.41387378E-03
 0.61677583E+01  0.85782911E-03  0.85782911E-03  0.38658794E-03  0.38658794E-03
 0.62584625E+01  0.89549826E-03  0.89549826E-03  0.36698299E-03  0.36698299E-03
 0.63491667E+01  0.93913019E-03  0.93913019E-03  0.35822047E-03  0.35822047E-03
 0.64398708E+01  0.98549749E-03  0.98549749E-03  0.36292216E-03  0.36292216E-03
 0.65305750E+01  0.10300659E-02  0.10300659E-02  0.38228286E-03  0.38228286E-03
 0.66212792E+01  0.10678651E-02  0.10678651E-02  0.41533994E-03  0.41533994E-03
 0.67119833E+01  0.10948076E-02  0.10948076E-02  0.45892955E-03  0.45892955E-03
 0.68026875E+01  0.11087962E-02  0.11087962E-02  0.50858441E-03  0.50858441E-03
 0.68933917E+01  0.11099333E-02  0.11099333E-02  0.55994299E-03  0.55994299E-03
 0.69840958E+01  0.10997568E-02  0.10997568E-02  0.60981350E-03  0.60981350E-03
 0.70748000E+01  0.10801477E-02  0.10801477E-02  0.65634815E-03  0.65634815E-03
 0.71655042E+01  0.10526448E-02  0.10526448E-02  0.69851891E-03  0.69851891E-03
 0.72562083E+01  0.10184211E-02  0.10184211E-02  0.73547598E-03  0.73547598E-03
 0.73469125E+01  0.97866440E-03  0.97866440E-03  0.76628292E-03  0.76628292E-03
 0.74376167E+01  0.93490825E-03  0.93490825E-03  0.79010556E-03  0.79010556E-03
 0.75283208E+01  0.88901900E-03  0.88901900E-03  0.80658193E-03  0.80658193E-03
 0.76190250E+01  0.84286670E-03  0.84286670E-03  0.81604815E-03  0.81604815E-03
 0.77097292E+01  0.79792577E-03  0.79792577E-03  0.81945007E-03  0.81945007E-03
 0.78004333E+01  0.75503928E-03  0.75503928E-03  0.81801841E-03  0.81801841E-03
 0.78911375E+01  0.71444304E-03  0.71444304E-03  0.81289181E-03  0.81289181E-03
 0.79818417E+01  0.67599203E-03  0.67599203E-03  0.80485728E-03  0.80485728E-03
 0.80725458E+01  0.63946889E-03  0.63946889E-03  0.79429141E-03  0.79429141E-03
 0.81632500E+01  0.60482836E-03  0.60482836E-03  0.78129160E-03  0.78129160E-03
 0.82539542E+01  0.57229273E-03  0.57229273E-03  0.76590833E-03  0.76590833E-03
 0.83446583E+01  0.54227960E-03  0.54227960E-03  0.74835514E-03  0.74835514E-03
 0.84353625E+01  0.51523076E-03  0.51523076E-03  0.72911361E-03  0.72911361E-03
 0.85260667E+01  0.49143197E-03  0.49143197E-03  0.70891283E-03  0.70891283E-03
 0.86167708E+01  0.47088467E-03  0.47088467E-03  0.68862106E-03  0.68862106E-03
 0.87074750E+01  0.45325236E-03  0.45325236E-03  0.66909848E-03  0.66909848E-03
 0.87981792E+01  0.43787608E-03  0.43787608E-03  0.65103784E-03  0.65103784E-03
 0.88888833E+01  0.42386386E-03  0.42386386E-03  0.63482118E-03  0.63482118E-03
 0.89795875E+01  0.41024909E-03  0.41024909E-03  0.62042042E-03  0.62042042E-03
 0.90702917E+01  0.39620175E-03  0.39620175E-03  0.60739420E-03  0.60739420E-03
 0.91609958E+01  0.38122296E-03  0.38122296E-03  0.59500529E-03  0.59500529E-03
 0.92517000E+01  0.36523859E-03  0.36523859E-03  0.58243984E-03  0.58243984E-03
 0.93424042E+01  0.34854664E-03  0.34854664E-03  0.56903352E-03  0.56903352E-03
 0.94331083E+01  0.33165215E-03  0.33165215E-03  0.55440876E-03  0.55440876E-03
 0.95238125E+01  0.31508067E-03  0.31508067E-03  0.53848671E-03  0.53848671E-03
 0.96145167E+01  0.29924731E-03  0.29924731E-03  0.52140292E-03  0.52140292E-03
 0.97052208E+01  0.28440905E-03  0.28440905E-03  0.50339423E-03  0.50339423E-03
 0.97959250E+01  0.27068201E-03  0.27068201E-03  0.48470369E-03  0.48470369E-03
 0.98866292E+01  0.25809211E-03  0.25809211E-03  0.46552973E-03  0.46552973E-03
 0.99773333E+01  0.24662850E-03  0.24662850E-03  0.44601230E-03  0.44601230E-03
 0.10068038E+02  0.23628192E-03  0.23628192E-03  0.42624832E-03  0.42624832E-03
 0.10158742E+02  0.22706237E-03  0.22706237E-03  0.40631746E-03  0.40631746E-03
 0.10249446E+02  0.21899806E-03  0.21899806E-03  0.38630589E-03  0.38630589E-03
 0.10340150E+02  0.21212362E-03  0.21212362E-03  0.36632322E-03  0.36632322E-03
 0.10430854E+02  0.20646422E-03  0.20646422E-03  0.34650819E-03  0.34650819E-03
 0.10521558E+02  0.20202012E-03  0.20202012E-03  0.32702724E-03  0.32702724E-03
 0.10612263E+02  0.19875248E-03  0.19875248E-03  0.30807003E-03  0.30807003E-03
 0.10702967E+02  0.19656870E-03  0.19656870E-03  0.28983875E-03  0.28983875E-03
 0.10793671E+02  0.19530848E-03  0.19530848E-03  0.27253056E-03  0.27253056E-03
 0.10884375E+02  0.19473348E-03  0.19473348E-03  0.25630961E-03  0.25630961E-03
 0.10975079E+02  0.19453077E-03  0.19453077E-03  0.24126580E-03  0.24126580E-03
 0.11065783E+02  0.19434250E-03  0.19434250E-03  0.22736874E-03  0.22736874E-03
 0.11156488E+02  0.19382772E-03  0.19382772E-03  0.21443917E-03  0.21443917E-03
 0.11247192E+02  0.19274349E-03  0.19274349E-03  0.20215957E-03  0.20215957E-03
 0.11337896E+02  0.19101300E-03  0.19101300E-03  0.19013756E-03  0.19013756E-03
 0.11428600E+02  0.18874376E-03  0.18874376E-03  0.17800340E-03  0.17800340E-03
 0.11519304E+02  0.18618548E-03  0.18618548E-03  0.16549813E-03  0.16549813E-03
 0.11610008E+02  0.18365073E-03  0.18365073E-03  0.15251786E-03  0.15251786E-03
 0.11700713E+02  0.18143512E-03  0.18143512E-03  0.13910876E-03  0.13910876E-03
 0.11791417E+02  0.17976232E-03  0.17976232E-03  0.12542914E-03  0.12542914E-03
 0.11882121E+02  0.17875807E-03  0.17875807E-03  0.11170258E-03  0.11170258E-03
 0.11972825E+02  0.17844325E-03  0.17844325E-03  0.98176157E-04  0.98176157E-04
 0.12063529E+02  0.17873762E-03  0.17873762E-03  0.85083977E-04  0.85083977E-04
 0.12154233E+02  0.17946976E-03  0.17946976E-03  0.72613759E-04  0.72613759E-04
 0.12244938E+02  0.18039640E-03  0.18039640E-03  0.60874167E-04  0.60874167E-04
 0.12335642E+02  0.18123684E-03  0.18123684E-03  0.49865598E-04  0.49865598E-04
 0.12426346E+02  0.18172363E-03  0.18172363E-03  0.39466192E-04  0.39466192E-04
 0.12517050E+02  0.18165998E-03  0.18165998E-03  0.29446688E-04  0.29446688E-04
 0.12607754E+02  0.18096489E-03  0.18096489E-03  0.19514766E-04  0.19514766E-04
 0.12698458E+02  0.17968741E-03  0.17968741E-03  0.93789358E-05  0.93789358E-05
 0.12789163E+02  0.17798373E-03  0.17798373E-03 -0.11921598E-05 -0.11921598E-05
 0.12879867E+02  0.17607058E-03  0.17607058E-03 -0.12335635E-04 -0.12335635E-04
 0.12970571E+02  0.17417413E-03  0.17417413E-03 -0.24090425E-04 -0.24090425E-04
 0.13061275E+02  0.17249218E-03  0.17249218E-03 -0.36416632E-04 -0.36416632E-04
 0.13151979E+02  0.17117470E-03  0.17117470E-03 -0.49224197E-04 -0.49224197E-04
 0.13242683E+02  0.17032001E-03  0.17032001E-03 -0.62398142E-04 -0.62398142E-04
 0.13333388E+02  0.16998071E-03  0.16998071E-03 -0.75818579E-04 -0.75818579E-04
 0.13424092E+02  0.17017260E-03  0.17017260E-03 -0.89372144E-04 -0.89372144E-04
 0.13514796E+02  0.17088361E-03  0.17088361E-03 -0.10295775E-03 -0.10295775E-03
 0.13605500E+02  0.17208021E-03  0.17208021E-03 -0.11648859E-03 -0.11648859E-03
 0.13696204E+02  0.17371208E-03  0.17371208E-03 -0.12989324E-03 -0.12989324E-03
 0.13786908E+02  0.17571425E-03  0.17571425E-03 -0.14311611E-03 -0.14311611E-03
 0.13877613E+02  0.17800888E-03  0.17800888E-03 -0.15612030E-03 -0.15612030E-03
 0.13968317E+02  0.18050765E-03  0.18050765E-03 -0.16889213E-03 -0.16889213E-03
 0.14059021E+02  0.18311619E-03  0.18311619E-03 -0.18144522E-03 -0.18144522E-03
 0.14149725E+02  0.18574258E-03  0.18574258E-03 -0.19382577E-03 -0.19382577E-03
 0.14240429E+02  0.18830876E-03  0.18830876E-03 -0.20611407E-03 -0.20611407E-03
 0.14331133E+02  0.19076425E-03  0.19076425E-03 -0.21842113E-03 -0.21842113E-03
 0.14421838E+02  0.19309828E-03  0.19309828E-03 -0.23087815E-03 -0.23087815E-03
 0.14512542E+02  0.19534790E-03  0.19534790E-03 -0.24362109E-03 -0.24362109E-03
 0.14603246E+02  0.19759730E-03  0.19759730E-03 -0.25677143E-03 -0.25677143E-03
 0.14693950E+02  0.19997011E-03  0.19997011E-03 -0.27041976E-03 -0.27041976E-03
 0.14784654E+02  0.20261521E-03  0.20261521E-03 -0.28461454E-03 -0.28461454E-03
 0.14875358E+02  0.20569014E-03  0.20569014E-03 -0.29935643E-03 -0.29935643E-03
 0.14966063E+02  0.20934543E-03  0.20934543E-03 -0.31460009E-03 -0.31460009E-03
 0.15056767E+02  0.21371150E-03  0.21371150E-03 -0.33026011E-03 -0.33026011E-03
 0.15147471E+02  0.21888844E-03  0.21888844E-03 -0.34621966E-03 -0.34621966E-03
 0.15238175E+02  0.22493828E-03  0.22493828E-03 -0.36233995E-03 -0.36233995E-03
 0.15328879E+02  0.23187966E-03  0.23187966E-03 -0.37847237E-03 -0.37847237E-03
 0.15419583E+02  0.23968368E-03  0.23968368E-03 -0.39447209E-03 -0.39447209E-03
 0.15510288E+02  0.24827463E-03  0.24827463E-03 -0.41021503E-03 -0.41021503E-03
 0.15600992E+02  0.25753690E-03  0.25753690E-03 -0.42561731E-03 -0.42561731E-03
 0.15691696E+02  0.26733169E-03  0.26733169E-03 -0.44065303E-03 -0.44065303E-03
 0.15782400E+02  0.27752296E-03  0.27752296E-03 -0.45536593E-03 -0.45536593E-03
 0.15873104E+02  0.28801085E-03  0.28801085E-03 -0.46986761E-03 -0.46986761E-03
 0.15963808E+02  0.29876416E-03  0.29876416E-03 -0.48432005E-03 -0.48432005E-03
 0.16054513E+02  0.30984284E-03  0.30984284E-03 -0.49890068E-03 -0.49890068E-03
 0.16145217E+02  0.32140258E-03  0.32140258E-03 -0.51376020E-03 -0.51376020E-03
 0.16235921E+02  0.33367939E-03  0.33367939E-03 -0.52898020E-03 -0.52898020E-03
 0.16326625E+02  0.34695789E-03  0.34695789E-03 -0.54454117E-03 -0.54454117E-03
 0.16417329E+02  0.36152960E-03  0.36152960E-03 -0.56030578E-03 -0.56030578E-03
 0.16508033E+02  0.37764782E-03  0.37764782E-03 -0.57601686E-03 -0.57601686E-03
 0.16598738E+02  0.39548220E-03  0.39548220E-03 -0.59131076E-03 -0.59131076E-03
 0.16689442E+02  0.41507632E-03  0.41507632E-03 -0.60574468E-03 -0.60574468E-03
 0.16780146E+02  0.43631077E-03  0.43631077E-03 -0.61884248E-03 -0.61884248E-03
 0.16870850E+02  0.45887981E-03  0.45887981E-03 -0.63015938E-03 -0.63015938E-03
 0.16961554E+02  0.48229483E-03  0.48229483E-03 -0.63936550E-03 -0.63936550E-03
 0.17052258E+02  0.50592886E-03  0.50592886E-03 -0.64633599E-03 -0.64633599E-03
 0.17142963E+02  0.52911291E-03  0.52911291E-03 -0.65122311E-03 -0.65122311E-03
 0.17233667E+02  0.55127330E-03  0.55127330E-03 -0.65447769E-03 -0.65447769E-03
 0.17324371E+02  0.57207969E-03  0.57207969E-03 -0.65679400E-03 -0.65679400E-03
 0.17415075E+02  0.59155293E-03  0.59155293E-03 -0.65897859E-03 -0.65897859E-03
 0.17505779E+02  0.61009566E-03  0.61009566E-03 -0.66177302E-03 -0.66177302E-03
 0.17596483E+02  0.62843183E-03  0.62843183E-03 -0.66568628E-03 -0.66568628E-03
 0.17687188E+02  0.64747928E-03  0.64747928E-03 -0.67087657E-03 -0.67087657E-03
 0.17777892E+02  0.66819583E-03  0.66819583E-03 -0.67710429E-03 -0.67710429E-03
 0.17868596E+02  0.69143100E-03  0.69143100E-03 -0.68374390E-03 -0.68374390E-03
 0.17959300E+02  0.71780057E-03  0.71780057E-03 -0.68983711E-03 -0.68983711E-03
 0.18050004E+02  0.74758137E-03  0.74758137E-03 -0.69417269E-03 -0.69417269E-03
 0.18140708E+02  0.78062166E-03  0.78062166E-03 -0.69539030E-03 -0.69539030E-03
 0.18231412E+02  0.81626914E-03  0.81626914E-03 -0.69212128E-03 -0.69212128E-03
 0.18322117E+02  0.85333676E-03  0.85333676E-03 -0.68317114E-03 -0.68317114E-03
 0.18412821E+02  0.89014256E-03  0.89014256E-03 -0.66774772E-03 -0.66774772E-03
 0.18503525E+02  0.92466424E-03  0.92466424E-03 -0.64568794E-03 -0.64568794E-03
 0.18594229E+02  0.95482261E-03  0.95482261E-03 -0.61761698E-03 -0.61761698E-03
 0.18684933E+02  0.97884684E-03  0.97884684E-03 -0.58495166E-03 -0.58495166E-03
 0.18775638E+02  0.99562403E-03  0.99562403E-03 -0.54970140E-03 -0.54970140E-03
 0.18866342E+02  0.10048987E-02  0.10048987E-02 -0.51410096E-03 -0.51410096E-03
 0.18957046E+02  0.10072495E-02  0.10072495E-02 -0.48019363E-03 -0.48019363E-03
 0.19047750E+02  0.10038572E-02  0.10038572E-02 -0.44950773E-03 -0.44950773E-03
 0.19138454E+02  0.99616746E-03  0.99616746E-03 -0.42291402E-03 -0.42291402E-03
 0.19229158E+02  0.98557014E-03  0.98557014E-03 -0.40067598E-03 -0.40067598E-03
 0.19319863E+02  0.97318141E-03  0.97318141E-03 -0.38262425E-03 -0.38262425E-03
 0.19410567E+02  0.95975787E-03  0.95975787E-03 -0.36837854E-03 -0.36837854E-03
 0.19501271E+02  0.94572193E-03  0.94572193E-03 -0.35754850E-03 -0.35754850E-03
 0.19591975E+02  0.93126533E-03  0.93126533E-03 -0.34987016E-03 -0.34987016E-03
 0.19682679E+02  0.91648339E-03  0.91648339E-03 -0.34526727E-03 -0.34526727E-03
 0.19773383E+02  0.90150373E-03  0.90150373E-03 -0.34383647E-03 -0.34383647E-03
 0.19864088E+02  0.88657864E-03  0.88657864E-03 -0.34577921E-03 -0.34577921E-03
 0.19954792E+02  0.87212164E-03  0.87212164E-03 -0.35130503E-03 -0.35130503E-03
 0.20045496E+02  0.85869312E-03  0.85869312E-03 -0.36054064E-03 -0.36054064E-03
 0.20136200E+02  0.84694447E-03  0.84694447E-03 -0.37346469E-03 -0.37346469E-03
 0.20226904E+02  0.83754772E-03  0.83754772E-03 -0.38988052E-03 -0.38988052E-03
 0.20317608E+02  0.83112491E-03  0.83112491E-03 -0.40942608E-03 -0.40942608E-03
 0.20408312E+02  0.82819802E-03  0.82819802E-03 -0.43160737E-03 -0.43160737E-03
 0.20499017E+02  0.82915928E-03  0.82915928E-03 -0.45584515E-03 -0.45584515E-03
 0.20589721E+02  0.83426244E-03  0.83426244E-03 -0.48152155E-03 -0.48152155E-03
 0.20680425E+02  0.84362977E-03  0.84362977E-03 -0.50802434E-03 -0.50802434E-03
 0.20771129E+02  0.85726959E-03  0.85726959E-03 -0.53478192E-03 -0.53478192E-03
 0.20861833E+02  0.87510543E-03  0.87510543E-03 -0.56129308E-03 -0.56129308E-03
 0.20952538E+02  0.89701231E-03  0.89701231E-03 -0.58714472E-03 -0.58714472E-03
 0.21043242E+02  0.92286230E-03  0.92286230E-03 -0.61201747E-03 -0.61201747E-03
 0.21133946E+02  0.95257147E-03  0.95257147E-03 -0.63567265E-03 -0.63567265E-03
 0.21224650E+02  0.98614671E-03  0.98614671E-03 -0.65791677E-03 -0.65791677E-03
 0.21315354E+02  0.10237169E-02  0.10237169E-02 -0.67854361E-03 -0.67854361E-03
 0.21406058E+02  0.10655404E-02  0.10655404E-02 -0.69725412E-03 -0.69725412E-03
 0.21496763E+02  0.11119769E-02  0.11119769E-02 -0.71356878E-03 -0.71356878E-03
 0.21587467E+02  0.11634138E-02  0.11634138E-02 -0.72674230E-03 -0.72674230E-03
 0.21678171E+02  0.12201501E-02  0.12201501E-02 -0.73570333E-03 -0.73570333E-03
 0.21768875E+02  0.12822373E-02  0.12822373E-02 -0.73903555E-03 -0.73903555E-03
 0.21859579E+02  0.13492912E-02  0.13492912E-02 -0.73502716E-03 -0.73502716E-03
 0.21950283E+02  0.14202979E-02  0.14202979E-02 -0.72181463E-03 -0.72181463E-03
 0.22040988E+02  0.14934633E-02  0.14934633E-02 -0.69763912E-03 -0.69763912E-03
 0.22131692E+02  0.15661745E-02  0.15661745E-02 -0.66121500E-03 -0.66121500E-03
 0.22222396E+02  0.16351520E-02  0.16351520E-02 -0.61215071E-03 -0.61215071E-03
 0.22313100E+02  0.16968514E-02  0.16968514E-02 -0.55131552E-03 -0.55131552E-03
 0.22403804E+02  0.17480757E-02  0.17480757E-02 -0.48098123E-03 -0.48098123E-03
 0.22494508E+02  0.17866586E-02  0.17866586E-02 -0.40461021E-03 -0.40461021E-03
 0.22585213E+02  0.18119692E-02  0.18119692E-02 -0.32627215E-03 -0.32627215E-03
 0.22675917E+02  0.18250432E-02  0.18250432E-02 -0.24985031E-03 -0.24985031E-03
 0.22766621E+02  0.18282713E-02  0.18282713E-02 -0.17830541E-03 -0.17830541E-03
 0.22857325E+02  0.18247841E-02  0.18247841E-02 -0.11322209E-03 -0.11322209E-03
 0.22948029E+02  0.18177519E-02  0.18177519E-02 -0.54736582E-04 -0.54736582E-04
 0.23038733E+02  0.18097935E-02  0.18097935E-02 -0.17744062E-05 -0.17744062E-05
 0.23129438E+02  0.18026102E-02  0.18026102E-02  0.47525283E-04  0.47525283E-04
 0.23220142E+02  0.17968368E-02  0.17968368E-02  0.95331914E-04  0.95331914E-04
 0.23310846E+02  0.17920915E-02  0.17920915E-02  0.14367831E-03  0.14367831E-03
 0.23401550E+02  0.17871681E-02  0.17871681E-02  0.19408724E-03  0.19408724E-03
 0.23492254E+02  0.17803425E-02  0.17803425E-02  0.24731338E-03  0.24731338E-03
 0.23582958E+02  0.17697550E-02  0.17697550E-02  0.30322161E-03  0.30322161E-03
 0.23673663E+02  0.17538010E-02  0.17538010E-02  0.36084423E-03  0.36084423E-03
 0.23764367E+02  0.17314612E-02  0.17314612E-02  0.41860276E-03  0.41860276E-03
 0.23855071E+02  0.17024780E-02  0.17024780E-02  0.47464852E-03  0.47464852E-03
 0.23945775E+02  0.16673517E-02  0.16673517E-02  0.52723743E-03  0.52723743E-03
 0.24036479E+02  0.16271615E-02  0.16271615E-02  0.57502726E-03  0.57502726E-03
 0.24127183E+02  0.15832898E-02  0.15832898E-02  0.61723753E-03  0.61723753E-03
 0.24217888E+02  0.15371396E-02  0.15371396E-02  0.65365048E-03  0.65365048E-03
 0.24308592E+02  0.14899160E-02  0.14899160E-02  0.68449178E-03  0.68449178E-03
 0.24399296E+02  0.14425153E-02  0.14425153E-02  0.71025191E-03  0.71025191E-03
 0.24490000E+02  0.13955088E-02  0.13955088E-02  0.73150424E-03  0.73150424E-03
 0.24580704E+02  0.13492089E-02  0.13492089E-02  0.74876828E-03  0.74876828E-03
 0.24671408E+02  0.13037732E-02  0.13037732E-02  0.76242941E-03  0.76242941E-03
 0.24762113E+02  0.12593154E-02  0.12593154E-02  0.77272920E-03  0.77272920E-03
 0.24852817E+02  0.12159925E-02  0.12159925E-02  0.77980425E-03  0.77980425E-03
 0.24943521E+02  0.11740509E-02  0.11740509E-02  0.78375710E-03  0.78375710E-03
 0.25034225E+02  0.11338299E-02  0.11338299E-02  0.78473308E-03  0.78473308E-03
 0.25124929E+02  0.10957246E-02  0.10957246E-02  0.78298328E-03  0.78298328E-03
 0.25215633E+02  0.10601266E-02  0.10601266E-02  0.77889833E-03  0.77889833E-03
 0.25306338E+02  0.10273587E-02  0.10273587E-02  0.77301137E-03  0.77301137E-03
 0.25397042E+02  0.99761393E-03  0.99761393E-03  0.76597336E-03  0.76597336E-03
 0.25487746E+02  0.97091124E-03  0.97091124E-03  0.75850902E-03  0.75850902E-03
 0.25578450E+02  0.94706852E-03  0.94706852E-03  0.75135901E-03  0.75135901E-03
 0.25669154E+02  0.92569200E-03  0.92569200E-03  0.74521743E-03  0.74521743E-03
 0.25759858E+02  0.90618723E-03  0.90618723E-03  0.74066363E-03  0.74066363E-03
 0.25850563E+02  0.88779019E-03  0.88779019E-03  0.73809565E-03  0.73809565E-03
 0.25941267E+02  0.86962206E-03  0.86962206E-03  0.73767163E-03  0.73767163E-03
 0.26031971E+02  0.85076921E-03  0.85076921E-03  0.73926575E-03  0.73926575E-03
 0.26122675E+02  0.83038376E-03  0.83038376E-03  0.74245533E-03  0.74245533E-03
 0.26213379E+02  0.80779013E-03  0.80779013E-03  0.74654915E-03  0.74654915E-03
 0.26304083E+02  0.78257854E-03  0.78257854E-03  0.75066150E-03  0.75066150E-03
 0.26394788E+02  0.75466255E-03  0.75466255E-03  0.75382211E-03  0.75382211E-03
 0.26485492E+02  0.72428218E-03  0.72428218E-03  0.75510267E-03  0.75510267E-03
 0.26576196E+02  0.69195583E-03  0.69195583E-03  0.75373095E-03  0.75373095E-03
 0.26666900E+02  0.65839110E-03  0.65839110E-03  0.74916847E-03  0.74916847E-03
 0.26757604E+02  0.62437892E-03  0.62437892E-03  0.74114133E-03  0.74114133E-03
 0.26848308E+02  0.59069602E-03  0.59069602E-03  0.72962512E-03  0.72962512E-03
 0.26939013E+02  0.55803295E-03  0.55803295E-03  0.71479936E-03  0.71479936E-03
 0.27029717E+02  0.52695119E-03  0.52695119E-03  0.69698622E-03  0.69698622E-03
 0.27120421E+02  0.49786918E-03  0.49786918E-03  0.67659154E-03  0.67659154E-03
 0.27211125E+02  0.47106895E-03  0.47106895E-03  0.65405328E-03  0.65405328E-03
 0.27301829E+02  0.44671436E-03  0.44671436E-03  0.62980435E-03  0.62980435E-03
 0.27392533E+02  0.42487547E-03  0.42487547E-03  0.60424901E-03  0.60424901E-03
 0.27483238E+02  0.40555232E-03  0.40555232E-03  0.57774987E-03  0.57774987E-03
 0.27573942E+02  0.38869646E-03  0.38869646E-03  0.55062428E-03  0.55062428E-03
 0.27664646E+02  0.37422800E-03  0.37422800E-03  0.52314468E-03  0.52314468E-03
 0.27755350E+02  0.36204916E-03  0.36204916E-03  0.49554470E-03  0.49554470E-03
 0.27846054E+02  0.35205313E-03  0.35205313E-03  0.46802505E-03  0.46802505E-03
 0.27936758E+02  0.34412926E-03  0.34412926E-03  0.44076177E-03  0.44076177E-03
 0.28027463E+02  0.33816514E-03  0.33816514E-03  0.41391277E-03  0.41391277E-03
 0.28118167E+02  0.33404542E-03  0.33404542E-03  0.38762437E-03  0.38762437E-03
 0.28208871E+02  0.33164837E-03  0.33164837E-03  0.36203584E-03  0.36203584E-03
 0.28299575E+02  0.33084033E-03  0.33084033E-03  0.33728132E-03  0.33728132E-03
 0.28390279E+02  0.33146894E-03  0.33146894E-03  0.31348889E-03  0.31348889E-03
 0.28480983E+02  0.33335605E-03  0.33335605E-03  0.29077503E-03  0.29077503E-03
 0.28571688E+02  0.33629281E-03  0.33629281E-03  0.26923494E-03  0.26923494E-03
 0.28662392E+02  0.34003858E-03  0.34003858E-03  0.24892869E-03  0.24892869E-03
 0.28753096E+02  0.34432612E-03  0.34432612E-03  0.22986502E-03  0.22986502E-03
 0.28843800E+02  0.34887530E-03  0.34887530E-03  0.21198557E-03  0.21198557E-03
 0.28934504E+02  0.35341502E-03  0.35341502E-03  0.19515401E-03  0.19515401E-03
 0.29025208E+02  0.35771107E-03  0.35771107E-03  0.17915484E-03  0.17915484E-03
 0.29115913E+02  0.36159450E-03  0.36159450E-03  0.16370464E-03  0.16370464E-03
 0.29206617E+02  0.36498445E-03  0.36498445E-03  0.14847570E-03  0.14847570E-03
 0.29297321E+02  0.36789925E-03  0.36789925E-03  0.13312680E-03  0.13312680E-03
 0.29388025E+02  0.37045384E-03  0.37045384E-03  0.11733608E-03  0.11733608E-03
 0.29478729E+02  0.37284461E-03  0.37284461E-03  0.10082787E-03  0.10082787E-03
 0.29569433E+02  0.37532719E-03  0.37532719E-03  0.83389454E-04  0.83389454E-04
 0.29660137E+02  0.37819278E-03  0.37819278E-03  0.64876632E-04  0.64876632E-04
 0.29750842E+02  0.38174851E-03  0.38174851E-03  0.45209773E-04  0.45209773E-04
 0.29841546E+02  0.38630476E-03  0.38630476E-03  0.24364987E-04  0.24364987E-04
 0.29932250E+02  0.39216935E-03  0.39216935E-03  0.23632703E-05  0.23632703E-05
 0.30022954E+02  0.39964828E-03  0.39964828E-03 -0.20736867E-04 -0.20736867E-04
 0.30113658E+02  0.40905100E-03  0.40905100E-03 -0.44844884E-04 -0.44844884E-04
 0.30204363E+02  0.42069756E-03  0.42069756E-03 -0.69836217E-04 -0.69836217E-04
 0.30295067E+02  0.43492682E-03  0.43492682E-03 -0.95546293E-04 -0.95546293E-04
 0.30385771E+02  0.45210190E-03  0.45210190E-03 -0.12175628E-03 -0.12175628E-03
 0.30476475E+02  0.47261262E-03  0.47261262E-03 -0.14817383E-03 -0.14817383E-03
 0.30567179E+02  0.49687112E-03  0.49687112E-03 -0.17440619E-03 -0.17440619E-03
 0.30657883E+02  0.52529691E-03  0.52529691E-03 -0.19992766E-03 -0.19992766E-03
 0.30748588E+02  0.55828562E-03  0.55828562E-03 -0.22404177E-03 -0.22404177E-03
 0.30839292E+02  0.59615498E-03  0.59615498E-03 -0.24584445E-03 -0.24584445E-03
 0.30929996E+02  0.63906204E-03  0.63906204E-03 -0.26419825E-03 -0.26419825E-03
 0.31020700E+02  0.68688458E-03  0.68688458E-03 -0.27773432E-03 -0.27773432E-03
 0.31111404E+02  0.73907492E-03  0.73907492E-03 -0.28491013E-03 -0.28491013E-03
 0.31202108E+02  0.79450836E-03  0.79450836E-03 -0.28415350E-03 -0.28415350E-03
 0.31292813E+02  0.85137964E-03  0.85137964E-03 -0.27411744E-03 -0.27411744E-03
 0.31383517E+02  0.90723001E-03  0.90723001E-03 -0.25403127E-03 -0.25403127E-03
 0.31474221E+02  0.95918725E-03  0.95918725E-03 -0.22407245E-03 -0.22407245E-03
 0.31564925E+02  0.10044423E-02  0.10044423E-02 -0.18560661E-03 -0.18560661E-03
 0.31655629E+02  0.10408689E-02  0.10408689E-02 -0.14113169E-03 -0.14113169E-03
 0.31746333E+02  0.10675654E-02  0.10675654E-02 -0.93849217E-04 -0.93849217E-04
 0.31837037E+02  0.10850806E-02  0.10850806E-02 -0.46971073E-04 -0.46971073E-04
 0.31927742E+02  0.10952181E-02  0.10952181E-02 -0.30130225E-05 -0.30130225E-05
 0.32018446E+02  0.11005144E-02  0.11005144E-02  0.36674436E-04  0.36674436E-04
 0.32109150E+02  0.11036059E-02  0.11036059E-02  0.72028384E-04  0.72028384E-04
 0.32199854E+02  0.11066825E-02  0.11066825E-02  0.10410291E-03  0.10410291E-03
 0.32290558E+02  0.11111150E-02  0.11111150E-02  0.13472786E-03  0.13472786E-03
 0.32381263E+02  0.11172575E-02  0.11172575E-02  0.16610424E-03  0.16610424E-03
 0.32471967E+02  0.11243903E-02  0.11243903E-02  0.20038319E-03  0.20038319E-03
 0.32562671E+02  0.11307932E-02  0.11307932E-02  0.23923895E-03  0.23923895E-03
 0.32653375E+02  0.11339789E-02  0.11339789E-02  0.28345335E-03  0.28345335E-03
 0.32744079E+02  0.11311203E-02  0.11311203E-02  0.33258451E-03  0.33258451E-03
 0.32834783E+02  0.11196555E-02  0.11196555E-02  0.38484485E-03  0.38484485E-03
 0.32925488E+02  0.10979443E-02  0.10979443E-02  0.43731407E-03  0.43731407E-03
 0.33016192E+02  0.10657507E-02  0.10657507E-02  0.48650625E-03  0.48650625E-03
 0.33106896E+02  0.10243442E-02  0.10243442E-02  0.52912935E-03  0.52912935E-03
 0.33197600E+02  0.97616943E-03  0.97616943E-03  0.56276215E-03  0.56276215E-03
 0.33288304E+02  0.92424404E-03  0.92424404E-03  0.58621313E-03  0.58621313E-03
 0.33379008E+02  0.87153353E-03  0.87153353E-03  0.59950020E-03  0.59950020E-03
 0.33469713E+02  0.82050790E-03  0.82050790E-03  0.60356141E-03  0.60356141E-03
 0.33560417E+02  0.77294079E-03  0.77294079E-03  0.59986959E-03  0.59986959E-03
 0.33651121E+02  0.72991025E-03  0.72991025E-03  0.59008816E-03  0.59008816E-03
 0.33741825E+02  0.69191215E-03  0.69191215E-03  0.57583019E-03  0.57583019E-03
 0.33832529E+02  0.65901090E-03  0.65901090E-03  0.55852403E-03  0.55852403E-03
 0.33923233E+02  0.63098146E-03  0.63098146E-03  0.53935836E-03  0.53935836E-03
 0.34013937E+02  0.60742225E-03  0.60742225E-03  0.51927550E-03  0.51927550E-03
 0.34104642E+02  0.58783863E-03  0.58783863E-03  0.49899061E-03  0.49899061E-03
 0.34195346E+02  0.57170065E-03  0.57170065E-03  0.47901915E-03  0.47901915E-03
 0.34286050E+02  0.55848398E-03  0.55848398E-03  0.45970749E-03  0.45970749E-03
 0.34376754E+02  0.54769810E-03  0.54769810E-03  0.44126242E-03  0.44126242E-03
 0.34467458E+02  0.53890664E-03  0.53890664E-03  0.42378031E-03  0.42378031E-03
 0.34558163E+02  0.53173971E-03  0.53173971E-03  0.40727671E-03  0.40727671E-03
 0.34648867E+02  0.52589926E-03  0.52589926E-03  0.39171474E-03  0.39171474E-03
 0.34739571E+02  0.52115585E-03  0.52115585E-03  0.37703308E-03  0.37703308E-03
 0.34830275E+02  0.51733824E-03  0.51733824E-03  0.36316821E-03  0.36316821E-03
 0.34920979E+02  0.51431588E-03  0.51431588E-03  0.35007130E-03  0.35007130E-03
 0.35011683E+02  0.51197887E-03  0.51197887E-03  0.33771521E-03  0.33771521E-03
 0.35102388E+02  0.51021725E-03  0.51021725E-03  0.32609254E-03  0.32609254E-03
 0.35193092E+02  0.50890462E-03  0.50890462E-03  0.31520432E-03  0.31520432E-03
 0.35283796E+02  0.50788938E-03  0.50788938E-03  0.30504221E-03  0.30504221E-03
 0.35374500E+02  0.50699515E-03  0.50699515E-03  0.29556739E-03  0.29556739E-03
 0.35465204E+02  0.50603316E-03  0.50603316E-03  0.28669066E-03  0.28669066E-03
 0.35555908E+02  0.50482349E-03  0.50482349E-03  0.27825928E-03  0.27825928E-03
 0.35646613E+02  0.50322392E-03  0.50322392E-03  0.27005417E-03  0.27005417E-03
 0.35737317E+02  0.50115869E-03  0.50115869E-03  0.26180134E-03  0.26180134E-03
 0.35828021E+02  0.49864201E-03  0.49864201E-03  0.25319625E-03  0.25319625E-03
 0.35918725E+02  0.49578932E-03  0.49578932E-03  0.24393750E-03  0.24393750E-03
 0.36009429E+02  0.49281319E-03  0.49281319E-03  0.23376285E-03  0.23376285E-03
 0.36100133E+02  0.49000580E-03  0.49000580E-03  0.22248069E-03  0.22248069E-03
 0.36190838E+02  0.48771051E-03  0.48771051E-03  0.20999037E-03  0.20999037E-03
 0.36281542E+02  0.48629123E-03  0.48629123E-03  0.19629082E-03  0.19629082E-03
 0.36372246E+02  0.48610290E-03  0.48610290E-03  0.18147705E-03  0.18147705E-03
 0.36462950E+02  0.48746874E-03  0.48746874E-03  0.16572942E-03  0.16572942E-03
 0.36553654E+02  0.49066354E-03  0.49066354E-03  0.14929914E-03  0.14929914E-03
 0.36644358E+02  0.49590367E-03  0.49590367E-03  0.13249296E-03  0.13249296E-03
 0.36735063E+02  0.50334011E-03  0.50334011E-03  0.11565984E-03  0.11565984E-03
 0.36825767E+02  0.51305367E-03  0.51305367E-03  0.99177793E-04  0.99177793E-04
 0.36916471E+02  0.52505050E-03  0.52505050E-03  0.83442266E-04  0.83442266E-04
 0.37007175E+02  0.53925787E-03  0.53925787E-03  0.68851912E-04  0.68851912E-04
 0.37097879E+02  0.55552169E-03  0.55552169E-03  0.55792979E-04  0.55792979E-04
 0.37188583E+02  0.57360712E-03  0.57360712E-03  0.44619477E-04  0.44619477E-04
 0.37279288E+02  0.59320581E-03  0.59320581E-03  0.35632396E-04  0.35632396E-04
 0.37369992E+02  0.61395085E-03  0.61395085E-03  0.29059310E-04  0.29059310E-04
 0.37460696E+02  0.63544045E-03  0.63544045E-03  0.25039431E-04  0.25039431E-04
 0.37551400E+02  0.65726675E-03  0.65726675E-03  0.23618915E-04  0.23618915E-04
 0.37642104E+02  0.67904569E-03  0.67904569E-03  0.24758182E-04  0.24758182E-04
 0.37732808E+02  0.70044009E-03  0.70044009E-03  0.28352315E-04  0.28352315E-04
 0.37823512E+02  0.72117048E-03  0.72117048E-03  0.34258765E-04  0.34258765E-04
 0.37914217E+02  0.74101081E-03  0.74101081E-03  0.42326381E-04  0.42326381E-04
 0.38004921E+02  0.75976944E-03  0.75976944E-03  0.52415351E-04  0.52415351E-04
 0.38095625E+02  0.77726345E-03  0.77726345E-03  0.64403918E-04  0.64403918E-04
 0.38186329E+02  0.79329313E-03  0.79329313E-03  0.78176555E-04  0.78176555E-04
 0.38277033E+02  0.80762781E-03  0.80762781E-03  0.93599343E-04  0.93599343E-04
 0.38367737E+02  0.82000835E-03  0.82000835E-03  0.11048669E-03  0.11048669E-03
 0.38458442E+02  0.83017028E-03  0.83017028E-03  0.12857223E-03  0.12857223E-03
 0.38549146E+02  0.83788268E-03  0.83788268E-03  0.14749283E-03  0.14749283E-03
 0.38639850E+02  0.84299578E-03  0.84299578E-03  0.16679474E-03  0.16679474E-03
 0.38730554E+02  0.84548329E-03  0.84548329E-03  0.18596442E-03  0.18596442E-03
 0.38821258E+02  0.84546778E-03  0.84546778E-03  0.20447764E-03  0.20447764E-03
 0.38911963E+02  0.84322101E-03  0.84322101E-03  0.22185890E-03  0.22185890E-03
 0.39002667E+02  0.83913784E-03  0.83913784E-03  0.23773418E-03  0.23773418E-03
 0.39093371E+02  0.83368967E-03  0.83368967E-03  0.25186810E-03  0.25186810E-03
 0.39184075E+02  0.82736874E-03  0.82736874E-03  0.26417650E-03  0.26417650E-03
 0.39274779E+02  0.82063503E-03  0.82063503E-03  0.27471579E-03  0.27471579E-03
 0.39365483E+02  0.81387474E-03  0.81387474E-03  0.28365367E-03  0.28365367E-03
 0.39456188E+02  0.80737662E-03  0.80737662E-03  0.29122893E-03  0.29122893E-03
 0.39546892E+02  0.80132605E-03  0.80132605E-03  0.29770955E-03  0.29770955E-03
 0.39637596E+02  0.79581570E-03  0.79581570E-03  0.30335544E-03  0.30335544E-03
 0.39728300E+02  0.79086746E-03  0.79086746E-03  0.30839167E-03  0.30839167E-03
 0.39819004E+02  0.78646159E-03  0.78646159E-03  0.31299449E-03  0.31299449E-03
 0.39909708E+02  0.78256539E-03  0.78256539E-03  0.31729208E-03  0.31729208E-03
 0.40000413E+02  0.77915735E-03  0.77915735E-03  0.32137736E-03  0.32137736E-03
 0.40091117E+02  0.77624060E-03  0.77624060E-03  0.32533033E-03  0.32533033E-03
 0.40181821E+02  0.77384300E-03  0.77384300E-03  0.32924426E-03  0.32924426E-03
 0.40272525E+02  0.77200382E-03  0.77200382E-03  0.33324928E-03  0.33324928E-03
 0.40363229E+02  0.77074771E-03  0.77074771E-03  0.33752730E-03  0.33752730E-03
 0.40453933E+02  0.77005152E-03  0.77005152E-03  0.34231374E-03  0.34231374E-03
 0.40544638E+02  0.76980890E-03  0.76980890E-03  0.34788237E-03  0.34788237E-03
 0.40635342E+02  0.76980091E-03  0.76980091E-03  0.35451197E-03  0.35451197E-03
 0.40726046E+02  0.76967997E-03  0.76967997E-03  0.36243761E-03  0.36243761E-03
 0.40816750E+02  0.76897596E-03  0.76897596E-03  0.37179049E-03  0.37179049E-03
 0.40907454E+02  0.76713048E-03  0.76713048E-03  0.38253714E-03  0.38253714E-03
 0.40998158E+02  0.76356213E-03  0.76356213E-03  0.39443133E-03  0.39443133E-03
 0.41088862E+02  0.75775714E-03  0.75775714E-03  0.40699601E-03  0.40699601E-03
 0.41179567E+02  0.74936922E-03  0.74936922E-03  0.41954901E-03  0.41954901E-03
 0.41270271E+02  0.73830532E-03  0.73830532E-03  0.43127637E-03  0.43127637E-03
 0.41360975E+02  0.72477135E-03  0.72477135E-03  0.44134314E-03  0.44134314E-03
 0.41451679E+02  0.70926314E-03  0.70926314E-03  0.44901590E-03  0.44901590E-03
 0.41542383E+02  0.69250274E-03  0.69250274E-03  0.45376783E-03  0.45376783E-03
 0.41633088E+02  0.67533959E-03  0.67533959E-03  0.45534183E-03  0.45534183E-03
 0.41723792E+02  0.65864200E-03  0.65864200E-03  0.45376431E-03  0.45376431E-03
 0.41814496E+02  0.64320324E-03  0.64320324E-03  0.44931652E-03  0.44931652E-03
 0.41905200E+02  0.62967544E-03  0.62967544E-03  0.44248043E-03  0.44248043E-03
 0.41995904E+02  0.61853251E-03  0.61853251E-03  0.43387649E-03  0.43387649E-03
 0.42086608E+02  0.61005565E-03  0.61005565E-03  0.42420520E-03  0.42420520E-03
 0.42177313E+02  0.60433202E-03  0.60433202E-03  0.41419747E-03  0.41419747E-03
 0.42268017E+02  0.60125864E-03  0.60125864E-03  0.40457202E-03  0.40457202E-03
 0.42358721E+02  0.60054861E-03  0.60054861E-03  0.39599500E-03  0.39599500E-03
 0.42449425E+02  0.60174032E-03  0.60174032E-03  0.38903601E-03  0.38903601E-03
 0.42540129E+02  0.60421703E-03  0.60421703E-03  0.38411803E-03  0.38411803E-03
 0.42630833E+02  0.60724483E-03  0.60724483E-03  0.38146383E-03  0.38146383E-03
 0.42721538E+02  0.61003706E-03  0.61003706E-03  0.38104917E-03  0.38104917E-03
 0.42812242E+02  0.61184471E-03  0.61184471E-03  0.38257945E-03  0.38257945E-03
 0.42902946E+02  0.61206166E-03  0.61206166E-03  0.38550671E-03  0.38550671E-03
 0.42993650E+02  0.61032157E-03  0.61032157E-03  0.38909634E-03  0.38909634E-03
 0.43084354E+02  0.60655807E-03  0.60655807E-03  0.39253638E-03  0.39253638E-03
 0.43175058E+02  0.60100919E-03  0.60100919E-03  0.39506499E-03  0.39506499E-03
 0.43265763E+02  0.59416332E-03  0.59416332E-03  0.39608417E-03  0.39608417E-03
 0.43356467E+02  0.58666505E-03  0.58666505E-03  0.39523272E-03  0.39523272E-03
 0.43447171E+02  0.57920776E-03  0.57920776E-03  0.39240847E-03  0.39240847E-03
 0.43537875E+02  0.57243900E-03  0.57243900E-03  0.38774584E-03  0.38774584E-03
 0.43628579E+02  0.56689233E-03  0.56689233E-03  0.38156568E-03  0.38156568E-03
 0.43719283E+02  0.56294871E-03  0.56294871E-03  0.37431421E-03  0.37431421E-03
 0.43809988E+02  0.56082201E-03  0.56082201E-03  0.36650360E-03  0.36650360E-03
 0.43900692E+02  0.56056093E-03  0.56056093E-03  0.35865948E-03  0.35865948E-03
 0.43991396E+02  0.56206173E-03  0.56206173E-03  0.35127592E-03  0.35127592E-03
 0.44082100E+02  0.56508855E-03  0.56508855E-03  0.34477678E-03  0.34477678E-03
 0.44172804E+02  0.56930172E-03  0.56930172E-03  0.33948231E-03  0.33948231E-03
 0.44263508E+02  0.57429519E-03  0.57429519E-03  0.33558311E-03  0.33558311E-03
 0.44354213E+02  0.57964324E-03  0.57964324E-03  0.33312520E-03  0.33312520E-03
 0.44444917E+02  0.58495278E-03  0.58495278E-03  0.33201237E-03  0.33201237E-03
 0.44535621E+02  0.58991419E-03  0.58991419E-03  0.33202931E-03  0.33202931E-03
 0.44626325E+02  0.59434020E-03  0.59434020E-03  0.33288525E-03  0.33288525E-03
 0.44717029E+02  0.59818319E-03  0.59818319E-03  0.33427148E-03  0.33427148E-03
 0.44807733E+02  0.60152621E-03  0.60152621E-03  0.33592138E-03  0.33592138E-03
 0.44898438E+02  0.60454874E-03  0.60454874E-03  0.33766033E-03  0.33766033E-03
 0.44989142E+02  0.60747523E-03  0.60747523E-03  0.33943539E-03  0.33943539E-03
 0.45079846E+02  0.61051698E-03  0.61051698E-03  0.34132050E-03  0.34132050E-03
 0.45170550E+02  0.61381858E-03  0.61381858E-03  0.34349732E-03  0.34349732E-03
 0.45261254E+02  0.61741641E-03  0.61741641E-03  0.34621679E-03  0.34621679E-03
 0.45351958E+02  0.62121566E-03  0.62121566E-03  0.34974721E-03  0.34974721E-03
 0.45442662E+02  0.62498923E-03  0.62498923E-03  0.35431585E-03  0.35431585E-03
 0.45533367E+02  0.62840038E-03  0.62840038E-03  0.36005241E-03  0.36005241E-03
 0.45624071E+02  0.63104920E-03  0.63104920E-03  0.36694351E-03  0.36694351E-03
 0.45714775E+02  0.63253751E-03  0.63253751E-03  0.37480927E-03  0.37480927E-03
 0.45805479E+02  0.63254234E-03  0.63254234E-03  0.38331005E-03  0.38331005E-03
 0.45896183E+02  0.62881478E-03  0.63088214E-03  0.39137953E-03  0.39198733E-03
 0.45986888E+02  0.62563133E-03  0.62755958E-03  0.39934613E-03  0.40033212E-03
 0.46077592E+02  0.61947214E-03  0.62276847E-03  0.40534910E-03  0.40786709E-03
 0.46168296E+02  0.61160156E-03  0.61686330E-03  0.40864406E-03  0.41422257E-03
 0.46259000E+02  0.60527087E-03  0.61029956E-03  0.41192720E-03  0.41918949E-03
 0.46349704E+02  0.59918592E-03  0.60356045E-03  0.41421545E-03  0.42274049E-03
 0.46440408E+02  0.59352261E-03  0.59708629E-03  0.41575683E-03  0.42501907E-03
 0.46531113E+02  0.58786543E-03  0.59121808E-03  0.41570010E-03  0.42630455E-03
 0.46621817E+02  0.58362486E-03  0.58616074E-03  0.41751202E-03  0.42696220E-03
 0.46712521E+02  0.57932126E-03  0.58196724E-03  0.41820903E-03  0.42738742E-03
 0.46803225E+02  0.57488881E-03  0.57854231E-03  0.41803202E-03  0.42795010E-03
 0.46893929E+02  0.57098303E-03  0.57566361E-03  0.41885804E-03  0.42894415E-03
 0.46984633E+02  0.56709671E-03  0.57301908E-03  0.41973385E-03  0.43054673E-03
 0.47075338E+02  0.56314739E-03  0.57025772E-03  0.42061899E-03  0.43279237E-03
 0.47166042E+02  0.55903297E-03  0.56704911E-03  0.42132349E-03  0.43556798E-03
 0.47256746E+02  0.55484927E-03  0.56314192E-03  0.42201871E-03  0.43863254E-03
 0.47347450E+02  0.55056221E-03  0.55841078E-03  0.42252811E-03  0.44166112E-03
 0.47438154E+02  0.54595307E-03  0.55288000E-03  0.42175833E-03  0.44430574E-03
 0.47528858E+02  0.54165765E-03  0.54671805E-03  0.42177921E-03  0.44626091E-03
 0.47619563E+02  0.53740629E-03  0.54020488E-03  0.42156438E-03  0.44731934E-03
 0.47710267E+02  0.53330342E-03  0.53367961E-03  0.42198711E-03  0.44740691E-03
 0.47800971E+02  0.52918428E-03  0.52748107E-03  0.42032504E-03  0.44659247E-03
 0.47891675E+02  0.52526957E-03  0.52189217E-03  0.41956156E-03  0.44507347E-03
 0.47982379E+02  0.52148096E-03  0.51709603E-03  0.41868683E-03  0.44314387E-03
 0.48073083E+02  0.51780536E-03  0.51314679E-03  0.41772829E-03  0.44114959E-03
 0.48163788E+02  0.51424168E-03  0.50995712E-03  0.41649896E-03  0.43943785E-03
 0.48254492E+02  0.51073404E-03  0.50730306E-03  0.41540679E-03  0.43830342E-03
 0.48345196E+02  0.50727818E-03  0.50484734E-03  0.41424314E-03  0.43793693E-03
 0.48435900E+02  0.50386340E-03  0.50218319E-03  0.41299156E-03  0.43838105E-03
 0.48526604E+02  0.50053764E-03  0.49889654E-03  0.41140879E-03  0.43950421E-03
 0.48617308E+02  0.49722766E-03  0.49463987E-03  0.40991431E-03  0.44100131E-03
 0.48708013E+02  0.49399454E-03  0.48920424E-03  0.40827416E-03  0.44242824E-03
 0.48798717E+02  0.49086906E-03  0.48257176E-03  0.40648070E-03  0.44326809E-03
 0.48889421E+02  0.48825685E-03  0.47493333E-03  0.40371522E-03  0.44301583E-03
 0.48980125E+02  0.48519825E-03  0.46666617E-03  0.40224446E-03  0.44126177E-03
 0.49070829E+02  0.48261957E-03  0.45827937E-03  0.40007172E-03  0.43775359E-03
 0.49161533E+02  0.48027541E-03  0.45034281E-03  0.39783435E-03  0.43242640E-03
 0.49252237E+02  0.47865537E-03  0.44341941E-03  0.39497340E-03  0.42540109E-03
 0.49342942E+02  0.47647643E-03  0.43801101E-03  0.39319108E-03  0.41696105E-03
 0.49433646E+02  0.47486463E-03  0.43452334E-03  0.39106370E-03  0.40751944E-03
 0.49524350E+02  0.47346024E-03  0.43324537E-03  0.38906335E-03  0.39758705E-03
 0.49615054E+02  0.47261679E-03  0.43433663E-03  0.38684599E-03  0.38774607E-03
 0.49705758E+02  0.47122963E-03  0.43781406E-03  0.38547727E-03  0.37862762E-03
 0.49796462E+02  0.47017818E-03  0.44353413E-03  0.38405304E-03  0.37088894E-03
 0.49887167E+02  0.46914394E-03  0.45117003E-03  0.38283818E-03  0.36518052E-03
 0.49977871E+02  0.46807446E-03  0.46018908E-03  0.38182220E-03  0.36209541E-03
 0.50068575E+02  0.46697256E-03  0.46984520E-03  0.38086172E-03  0.36209449E-03
 0.50159279E+02  0.46568485E-03  0.47920371E-03  0.38015201E-03  0.36541198E-03
 0.50249983E+02  0.46424710E-03  0.48721871E-03  0.37954053E-03  0.37195975E-03
 0.50340687E+02  0.46259815E-03  0.49286791E-03  0.37927992E-03  0.38126385E-03
 0.50431392E+02  0.46081839E-03  0.49532650E-03  0.37875519E-03  0.39247334E-03
 0.50522096E+02  0.45893591E-03  0.49413153E-03  0.37762983E-03  0.40446346E-03
 0.50612800E+02  0.45683358E-03  0.48927759E-03  0.37693825E-03  0.41601941E-03
 0.50703504E+02  0.45451834E-03  0.48120512E-03  0.37653030E-03  0.42604697E-03
 0.50794208E+02  0.45215656E-03  0.47068571E-03  0.37559580E-03  0.43374230E-03
 0.50884913E+02  0.44993336E-03  0.45865136E-03  0.37379662E-03  0.43867444E-03
 0.50975617E+02  0.44749891E-03  0.44602576E-03  0.37249829E-03  0.44077531E-03
 0.51066321E+02  0.44486694E-03  0.43360047E-03  0.37145125E-03  0.44026468E-03
 0.51157025E+02  0.44241760E-03  0.42196977E-03  0.36979098E-03  0.43754874E-03
 0.51247729E+02  0.44001813E-03  0.41151549E-03  0.36795379E-03  0.43312347E-03
 0.51338433E+02  0.43788335E-03  0.40242462E-03  0.36566605E-03  0.42749760E-03
 0.51429138E+02  0.43567429E-03  0.39472226E-03  0.36351434E-03  0.42113923E-03
 0.51519842E+02  0.43357708E-03  0.38831048E-03  0.36122570E-03  0.41444134E-03
 0.51610546E+02  0.43126718E-03  0.38300651E-03  0.35916853E-03  0.40770250E-03
 0.51701250E+02  0.42941570E-03  0.37858030E-03  0.35663042E-03  0.40111752E-03
 0.51791954E+02  0.42835887E-03  0.37478944E-03  0.35346260E-03  0.39477810E-03
 0.51882658E+02  0.42683081E-03  0.37141233E-03  0.35079924E-03  0.38868184E-03
 0.51973363E+02  0.42506761E-03  0.36827578E-03  0.34833534E-03  0.38275114E-03
 0.52064067E+02  0.42383962E-03  0.36527498E-03  0.34554655E-03  0.37685945E-03
 0.52154771E+02  0.42276851E-03  0.36238201E-03  0.34272866E-03  0.37086254E-03
 0.52245475E+02  0.42218547E-03  0.35964200E-03  0.33974341E-03  0.36462971E-03
 0.52336179E+02  0.42142969E-03  0.35715827E-03  0.33692491E-03  0.35806962E-03
 0.52426883E+02  0.42082331E-03  0.35507000E-03  0.33411562E-03  0.35114740E-03
 0.52517588E+02  0.41996336E-03  0.35352685E-03  0.33144014E-03  0.34389151E-03
 0.52608292E+02  0.41964831E-03  0.35266467E-03  0.32865967E-03  0.33639086E-03
 0.52698996E+02  0.41946952E-03  0.35258538E-03  0.32592037E-03  0.32878474E-03
 0.52789700E+02  0.41976380E-03  0.35334185E-03  0.32318540E-03  0.32124764E-03
 0.52880404E+02  0.41983416E-03  0.35492861E-03  0.32057005E-03  0.31397112E-03
 0.52971108E+02  0.42001851E-03  0.35727813E-03  0.31801819E-03  0.30714339E-03
 0.53061813E+02  0.41995543E-03  0.36026303E-03  0.31553308E-03  0.30092878E-03
 0.53152517E+02  0.42035625E-03  0.36370495E-03  0.31310887E-03  0.29544694E-03
 0.53243221E+02  0.42149822E-03  0.36739125E-03  0.31082421E-03  0.29075516E-03
 0.53333925E+02  0.42173566E-03  0.37109813E-03  0.30854253E-03  0.28683614E-03
 0.53424629E+02  0.42237849E-03  0.37461973E-03  0.30637408E-03  0.28359541E-03
 0.53515333E+02  0.42308907E-03  0.37779753E-03  0.30428978E-03  0.28087057E-03
 0.53606037E+02  0.42357737E-03  0.38054527E-03  0.30221484E-03  0.27845317E-03
 0.53696742E+02  0.42441562E-03  0.38286302E-03  0.30029287E-03  0.27612025E-03
 0.53787446E+02  0.42582784E-03  0.38483684E-03  0.29864247E-03  0.27366913E-03
 0.53878150E+02  0.42648665E-03  0.38662418E-03  0.29681060E-03  0.27094955E-03
 0.53968854E+02  0.42743724E-03  0.38842798E-03  0.29515306E-03  0.26788602E-03
 0.54059558E+02  0.42841606E-03  0.39046528E-03  0.29357858E-03  0.26448850E-03
 0.54150263E+02  0.42920717E-03  0.39293568E-03  0.29197466E-03  0.26085012E-03
 0.54240967E+02  0.43065609E-03  0.39599389E-03  0.29079739E-03  0.25713533E-03
 0.54331671E+02  0.43148704E-03  0.39972853E-03  0.28934976E-03  0.25356017E-03
 0.54422375E+02  0.43252208E-03  0.40414862E-03  0.28808843E-03  0.25036799E-03
 0.54513079E+02  0.43355731E-03  0.40917706E-03  0.28689712E-03  0.24780214E-03
 0.54603783E+02  0.43443011E-03  0.41465296E-03  0.28565500E-03  0.24607714E-03
 0.54694488E+02  0.43546157E-03  0.42034332E-03  0.28459195E-03  0.24535065E-03
 0.54785192E+02  0.43679040E-03  0.42596416E-03  0.28383530E-03  0.24569887E-03
 0.54875896E+02  0.43764516E-03  0.43121174E-03  0.28276577E-03  0.24710037E-03
 0.54966600E+02  0.43862479E-03  0.43579933E-03  0.28185476E-03  0.24943212E-03
 0.55057304E+02  0.43958653E-03  0.43949481E-03  0.28098304E-03  0.25248167E-03
 0.55148008E+02  0.44041294E-03  0.44215068E-03  0.28003917E-03  0.25597395E-03
 0.55238713E+02  0.44134297E-03  0.44371977E-03  0.27923156E-03  0.25960956E-03
 0.55329417E+02  0.44214604E-03  0.44425267E-03  0.27834473E-03  0.26310504E-03
 0.55420121E+02  0.44329064E-03  0.44387854E-03  0.27780765E-03  0.26622675E-03
 0.55510825E+02  0.44417335E-03  0.44277443E-03  0.27705287E-03  0.26881143E-03
 0.55601529E+02  0.44494365E-03  0.44113136E-03  0.27621135E-03  0.27077014E-03
 0.55692233E+02  0.44581253E-03  0.43912525E-03  0.27547435E-03  0.27207830E-03
 0.55782938E+02  0.44657761E-03  0.43689711E-03  0.27464574E-03  0.27275465E-03
 0.55873642E+02  0.44744545E-03  0.43454635E-03  0.27391521E-03  0.27283709E-03
 0.55964346E+02  0.44855362E-03  0.43213577E-03  0.27341261E-03  0.27235913E-03
 0.56055050E+02  0.44933494E-03  0.42970589E-03  0.27258922E-03  0.27133396E-03
 0.56145754E+02  0.45022741E-03  0.42729481E-03  0.27186286E-03  0.26974725E-03
 0.56236458E+02  0.45113424E-03  0.42495851E-03  0.27113796E-03  0.26756072E-03
 0.56327163E+02  0.45196095E-03  0.42278778E-03  0.27031437E-03  0.26472541E-03
 0.56417867E+02  0.45290499E-03  0.42091654E-03  0.26959361E-03  0.26120206E-03
 0.56508571E+02  0.45400936E-03  0.41952097E-03  0.26903132E-03  0.25698402E-03
 0.56599275E+02  0.45499643E-03  0.41880830E-03  0.26832616E-03  0.25211887E-03
 0.56689979E+02  0.45600638E-03  0.41899784E-03  0.26762851E-03  0.24672499E-03
 0.56780683E+02  0.45694796E-03  0.42029625E-03  0.26682692E-03  0.24100141E-03
 0.56871388E+02  0.45800672E-03  0.42286897E-03  0.26614495E-03  0.23522991E-03
 0.56962092E+02  0.45899983E-03  0.42680964E-03  0.26535523E-03  0.22976886E-03
 0.57052796E+02  0.46010800E-03  0.43210819E-03  0.26469078E-03  0.22503757E-03
 0.57143500E+02  0.46146180E-03  0.43861953E-03  0.26434829E-03  0.22148863E-03
 0.57234204E+02  0.46253114E-03  0.44603566E-03  0.26358536E-03  0.21956515E-03
 0.57324908E+02  0.46371220E-03  0.45387052E-03  0.26295292E-03  0.21963902E-03
 0.57415613E+02  0.46483595E-03  0.46146868E-03  0.26219798E-03  0.22193258E-03
 0.57506317E+02  0.46607200E-03  0.46805363E-03  0.26157638E-03  0.22643378E-03
 0.57597021E+02  0.46725502E-03  0.47282389E-03  0.26082408E-03  0.23282785E-03
 0.57687725E+02  0.46855360E-03  0.47509027E-03  0.26020834E-03  0.24047723E-03
 0.57778429E+02  0.47010314E-03  0.47442438E-03  0.25997319E-03  0.24847483E-03
 0.57869133E+02  0.47139453E-03  0.47077109E-03  0.25922919E-03  0.25577561E-03
 0.57959837E+02  0.47280903E-03  0.46448151E-03  0.25863137E-03  0.26137421E-03
 0.58050542E+02  0.47418953E-03  0.45625083E-03  0.25788334E-03  0.26447507E-03
 0.58141246E+02  0.47570072E-03  0.44698683E-03  0.25729184E-03  0.26460219E-03
 0.58231950E+02  0.47726581E-03  0.43765705E-03  0.25670832E-03  0.26162882E-03
 0.58322654E+02  0.47881085E-03  0.42915951E-03  0.25596445E-03  0.25573680E-03
 0.58413358E+02  0.48070539E-03  0.42224247E-03  0.25588931E-03  0.24734043E-03
 0.58504063E+02  0.48237836E-03  0.41747084E-03  0.25517814E-03  0.23700541E-03
 0.58594767E+02  0.48419333E-03  0.41522449E-03  0.25466674E-03  0.22538380E-03
 0.58685471E+02  0.48600866E-03  0.41571039E-03  0.25398423E-03  0.21317131E-03
 0.58776175E+02  0.48796726E-03  0.41897235E-03  0.25352373E-03  0.20108227E-03
 0.58866879E+02  0.48993630E-03  0.42489032E-03  0.25288649E-03  0.18983227E-03
 0.58957583E+02  0.49204676E-03  0.43316688E-03  0.25249527E-03  0.18011620E-03
 0.59048288E+02  0.49438484E-03  0.44330783E-03  0.25279819E-03  0.17256899E-03
 0.59138992E+02  0.49658618E-03  0.45461003E-03  0.25229280E-03  0.16770032E-03
 0.59229696E+02  0.49891554E-03  0.46617764E-03  0.25206915E-03  0.16580572E-03
 0.59320400E+02  0.50128474E-03  0.47698858E-03  0.25165709E-03  0.16686778E-03
 0.59411104E+02  0.50377298E-03  0.48602206E-03  0.25155225E-03  0.17048289E-03
 0.59501808E+02  0.50631418E-03  0.49243369E-03  0.25125370E-03  0.17585595E-03
 0.59592513E+02  0.50896311E-03  0.49573002E-03  0.25128857E-03  0.18189263E-03
 0.59683217E+02  0.51168878E-03  0.49587986E-03  0.25140505E-03  0.18738030E-03
 0.59773921E+02  0.51448840E-03  0.49331578E-03  0.25217569E-03  0.19120457E-03
 0.59864625E+02  0.51734705E-03  0.48882744E-03  0.25249176E-03  0.19253039E-03
 0.59955329E+02  0.52029896E-03  0.48339171E-03  0.25260977E-03  0.19089558E-03
 0.60046033E+02  0.52331139E-03  0.47800162E-03  0.25312795E-03  0.18620918E-03
 0.60136738E+02  0.52643441E-03  0.47354047E-03  0.25344842E-03  0.17868199E-03
 0.60227442E+02  0.52959351E-03  0.47071429E-03  0.25419894E-03  0.16873013E-03
 0.60318146E+02  0.53288058E-03  0.47003555E-03  0.25475425E-03  0.15688508E-03
 0.60408850E+02  0.53592772E-03  0.47183630E-03  0.25678885E-03  0.14372509E-03
 0.60499554E+02  0.53932332E-03  0.47629495E-03  0.25763564E-03  0.12983019E-03
 0.60590258E+02  0.54268298E-03  0.48346298E-03  0.25896487E-03  0.11575608E-03
 0.60680962E+02  0.54607964E-03  0.49328760E-03  0.26045413E-03  0.10201921E-03
 0.60771667E+02  0.54964391E-03  0.50562938E-03  0.26176760E-03  0.89087197E-04
 0.60862371E+02  0.55310438E-03  0.52027606E-03  0.26359584E-03  0.77370610E-04
 0.60953075E+02  0.55674629E-03  0.53695722E-03  0.26525710E-03  0.67214208E-04
 0.61043779E+02  0.56023177E-03  0.55536072E-03  0.26744927E-03  0.58889414E-04
 0.61134483E+02  0.56324668E-03  0.57515218E-03  0.27058930E-03  0.52590840E-04
 0.61225188E+02  0.56665319E-03  0.59599585E-03  0.27315779E-03  0.48438973E-04
 0.61315892E+02  0.57026347E-03  0.61757388E-03  0.27558093E-03  0.46491014E-04
 0.61406596E+02  0.57359929E-03  0.63959816E-03  0.27853381E-03  0.46758416E-04
 0.61497300E+02  0.57714865E-03  0.66181307E-03  0.28135145E-03  0.49226386E-04
 0.61588004E+02  0.58036317E-03  0.68398809E-03  0.28468903E-03  0.53871521E-04
 0.61678708E+02  0.58380022E-03  0.70590120E-03  0.28790153E-03  0.60670851E-04
 0.61769412E+02  0.58684283E-03  0.72732252E-03  0.29161493E-03  0.69598168E-04
 0.61860117E+02  0.59011634E-03  0.74800208E-03  0.29521341E-03  0.80610777E-04
 0.61950821E+02  0.59174377E-03  0.76766828E-03  0.30021451E-03  0.93627402E-04
 0.62041525E+02  0.59475050E-03  0.78604186E-03  0.30414653E-03  0.10850802E-03
 0.62132229E+02  0.59725922E-03  0.80286124E-03  0.30850757E-03  0.12504223E-03
 0.62222933E+02  0.59961788E-03  0.81791436E-03  0.31301259E-03  0.14295273E-03
 0.62313638E+02  0.60222472E-03  0.83106684E-03  0.31743098E-03  0.16191670E-03
 0.62404342E+02  0.60427034E-03  0.84227739E-03  0.32221204E-03  0.18160112E-03
 0.62495046E+02  0.60657172E-03  0.85159134E-03  0.32691743E-03  0.20170251E-03
 0.62585750E+02  0.60827686E-03  0.85911626E-03  0.33193690E-03  0.22198008E-03
 0.62676454E+02  0.60869865E-03  0.86498079E-03  0.33744686E-03  0.24227191E-03
 0.62767158E+02  0.61001421E-03  0.86929168E-03  0.34260892E-03  0.26248590E-03
 0.62857863E+02  0.61159840E-03  0.87209971E-03  0.34772131E-03  0.28257012E-03
 0.62948567E+02  0.61254512E-03  0.87338507E-03  0.35304065E-03  0.30246696E-03
 0.63039271E+02  0.61376672E-03  0.87307087E-03  0.35832404E-03  0.32206207E-03
 0.63129975E+02  0.61433620E-03  0.87106337E-03  0.36376262E-03  0.34114535E-03
 0.63220679E+02  0.61518590E-03  0.86731199E-03  0.36917998E-03  0.35939513E-03
 0.63311383E+02  0.61537440E-03  0.86187534E-03  0.37470171E-03  0.37639596E-03
 0.63402088E+02  0.61584717E-03  0.85497543E-03  0.38021798E-03  0.39168777E-03
 0.63492792E+02  0.61393614E-03  0.84702412E-03  0.38582154E-03  0.40484310E-03
 0.63583496E+02  0.61402124E-03  0.83861433E-03  0.39134542E-03  0.41554856E-03
 0.63674200E+02  0.61344769E-03  0.83047431E-03  0.39687501E-03  0.42367843E-03
 0.63764904E+02  0.61315839E-03  0.82339661E-03  0.40243341E-03  0.42934380E-03
 0.63855608E+02  0.61221323E-03  0.81815748E-03  0.40795106E-03  0.43291177E-03
 0.63946313E+02  0.61155070E-03  0.81543470E-03  0.41351408E-03  0.43499904E-03
 0.64037017E+02  0.61023817E-03  0.81573566E-03  0.41899077E-03  0.43644323E-03
 0.64127721E+02  0.60920481E-03  0.81932886E-03  0.42452915E-03  0.43826239E-03
 0.64218425E+02  0.60753037E-03  0.82618372E-03  0.42993647E-03  0.44159546E-03
 0.64309129E+02  0.60443778E-03  0.83590956E-03  0.43493265E-03  0.44762714E-03
 0.64399833E+02  0.60242511E-03  0.84770977E-03  0.44018674E-03  0.45747686E-03
 0.64490538E+02  0.60067769E-03  0.86036024E-03  0.44553150E-03  0.47205120E-03
 0.64581242E+02  0.59832345E-03  0.87225169E-03  0.45066000E-03  0.49185769E-03
 0.64671946E+02  0.59622718E-03  0.88152601E-03  0.45589205E-03  0.51681401E-03
 0.64762650E+02  0.59354325E-03  0.88632551E-03  0.46086622E-03  0.54610780E-03
 0.64853354E+02  0.59110934E-03  0.88512987E-03  0.46595557E-03  0.57818899E-03
 0.64944058E+02  0.58811078E-03  0.87709029E-03  0.47074734E-03  0.61094273E-03
 0.65034762E+02  0.58535389E-03  0.86225256E-03  0.47566495E-03  0.64203759E-03
 0.65125467E+02  0.58058233E-03  0.84156387E-03  0.47929324E-03  0.66934988E-03
 0.65216171E+02  0.57755311E-03  0.81666913E-03  0.48396507E-03  0.69132815E-03
 0.65306875E+02  0.57402192E-03  0.78956906E-03  0.48827178E-03  0.70718632E-03
 0.65397579E+02  0.57071281E-03  0.76227203E-03  0.49272224E-03  0.71690684E-03
 0.65488283E+02  0.56726761E-03  0.73652827E-03  0.49705860E-03  0.72110028E-03
 0.65578988E+02  0.56336904E-03  0.71368640E-03  0.50098389E-03  0.72080881E-03
 0.65669692E+02  0.55967962E-03  0.69465023E-03  0.50506598E-03  0.71731896E-03
 0.65760396E+02  0.55557304E-03  0.67989856E-03  0.50871213E-03  0.71201889E-03
 0.65851100E+02  0.55166571E-03  0.66952231E-03  0.51252229E-03  0.70630422E-03
 0.65941804E+02  0.54626568E-03  0.66325456E-03  0.51458572E-03  0.70151302E-03
 0.66032508E+02  0.54221362E-03  0.66048545E-03  0.51808089E-03  0.69886858E-03
 0.66123212E+02  0.53782399E-03  0.66026858E-03  0.52110744E-03  0.69940391E-03
 0.66213917E+02  0.53361135E-03  0.66134237E-03  0.52430832E-03  0.70385838E-03
 0.66304621E+02  0.52910028E-03  0.66219904E-03  0.52702727E-03  0.71254689E-03
 0.66395325E+02  0.52475569E-03  0.66123205E-03  0.52992471E-03  0.72523749E-03
 0.66486029E+02  0.52015233E-03  0.65696399E-03  0.53233045E-03  0.74109331E-03
 0.66576733E+02  0.51570496E-03  0.64831720E-03  0.53491806E-03  0.75873730E-03
 0.66667438E+02  0.51103887E-03  0.63483817E-03  0.53700806E-03  0.77646478E-03
 0.66758142E+02  0.50651849E-03  0.61678674E-03  0.53928227E-03  0.79255896E-03
 0.66848846E+02  0.50119300E-03  0.59504622E-03  0.53960737E-03  0.80560995E-03
 0.66939550E+02  0.49667927E-03  0.57088994E-03  0.54156297E-03  0.81472791E-03
 0.67030254E+02  0.49214936E-03  0.54569914E-03  0.54336532E-03  0.81960139E-03
 0.67120958E+02  0.48749869E-03  0.52072500E-03  0.54467632E-03  0.82041709E-03
 0.67211663E+02  0.48296991E-03  0.49694409E-03  0.54617489E-03  0.81770749E-03
 0.67302367E+02  0.47835763E-03  0.47500882E-03  0.54718983E-03  0.81218505E-03
 0.67393071E+02  0.47385825E-03  0.45526666E-03  0.54839290E-03  0.80460787E-03
 0.67483775E+02  0.46931097E-03  0.43781276E-03  0.54912368E-03  0.79568531E-03
 0.67574479E+02  0.46486775E-03  0.42255465E-03  0.55004287E-03  0.78602304E-03
 0.67665183E+02  0.46040975E-03  0.40927413E-03  0.55050447E-03  0.77609661E-03
 0.67755888E+02  0.45587809E-03  0.39768206E-03  0.54976916E-03  0.76624262E-03
 0.67846592E+02  0.45157040E-03  0.38746610E-03  0.54999812E-03  0.75666439E-03
 0.67937296E+02  0.44734922E-03  0.37833136E-03  0.55041385E-03  0.74744688E-03
 0.68028000E+02  0.44316791E-03  0.37003185E-03  0.55041367E-03  0.73858194E-03
